10 10
22312461 31001459 98654597 88228616 44064902 21923894 29635457 80089248 88262691 54502493
67529230 43358150 35120075 28123793 9901567 13170206 52157661 79980560 59252956 18029856
14959273 35298093 49172317 61325206 41655282 40807372 53949939 9030434 13199219 65838311
25032511 27644854 31233366 15983627 25067417 21190169 63026366 53335259 81501578 87288937
99903 27659916 68356178 5768340 22932832 33955432 65341539 57532637 16892960 7478859
27933923 21498461 46041454 63860009 16770606 54371712 62838192 55180934 47630675 66149252
94400829 49029116 3273106 31364605 48609507 70810041 6116836 27753044 4891746 83686142
81366643 61534019 81166062 91761057 72572189 10713690 44866225 79714700 6346229 43702142
29412422 37374267 86994114 16141925 47486016 10376514 18035327 90006811 71414433 75060421
10707929 54703487 17847907 33464319 63093428 66210758 95301363 35205819 48982183 86017528
