100 10
100 100 100 100 100 100 100 100 100 100
99 99 99 99 99 99 99 99 99 99
98 98 98 98 98 98 98 98 98 98
32 57 84 40 41 69 19 83 49 83
83 30 16 15 1 38 63 82 73 73
56 3 65 27 50 20 73 91 32 23
51 92 82 67 78 41 73 10 5 5
3 55 54 72 60 58 53 81 39 97
31 29 69 4 18 47 76 91 89 39
11 4 51 3 10 39 61 50 87 76
20 33 97 47 98 22 79 59 11 21
47 79 57 23 24 44 81 17 62 96
11 25 62 82 49 28 97 69 83 36
23 10 36 64 42 10 75 2 28 6
78 72 54 14 63 35 36 59 12 24
78 79 87 93 6 22 65 36 46 69
24 77 97 56 85 11 58 19 5 22
33 82 10 71 76 71 16 39 8 11
79 48 40 8 53 11 39 88 49 41
86 95 63 52 18 45 4 22 94 12
19 8 94 17 3 7 39 65 17 60
30 83 20 55 51 47 7 5 71 80
8 54 22 57 61 34 24 47 64 3
68 49 71 77 38 26 44 78 58 46
76 70 80 13 43 11 45 20 49 97
33 83 74 20 65 59 56 57 10 46
97 49 80 93 13 43 46 9 36 13
45 2 33 78 14 68 46 53 43 1
49 40 52 4 88 55 52 20 25 63
55 97 81 93 57 15 11 41 88 18
53 64 72 30 17 17 76 13 38 16
96 53 88 58 80 27 39 15 97 16
39 12 49 95 89 39 82 87 1 8
88 3 24 91 49 89 81 49 16 65
45 56 44 14 82 77 62 4 11 19
82 56 67 97 62 24 64 66 72 37
49 6 83 90 13 98 88 59 27 52
97 79 12 28 41 32 25 92 9 18
52 98 18 55 98 85 33 97 78 8
83 90 34 85 54 7 70 91 3 72
33 71 7 78 67 77 12 38 54 92
95 44 5 12 58 95 17 64 81 86
3 85 15 18 54 40 75 91 86 10
51 59 2 29 54 33 68 71 64 43
68 37 24 66 13 83 40 74 76 63
78 5 24 46 48 4 90 23 12 22
2 48 46 55 82 96 33 78 61 48
73 83 21 39 54 34 56 6 1 2
80 12 66 7 10 8 17 45 27 56
28 51 84 61 69 66 34 86 39 77
82 18 55 77 49 15 82 53 16 59
57 10 97 3 17 57 23 55 81 17
1 23 38 92 34 17 13 2 11 40
16 69 71 20 25 92 77 58 77 48
68 67 60 81 6 40 76 95 60 45
86 24 52 6 62 13 28 79 76 30
75 33 14 18 89 17 23 45 60 96
81 51 62 57 47 59 11 93 74 89
31 55 55 91 71 39 56 58 72 94
58 27 42 23 44 9 98 4 17 21
8 71 25 78 60 70 97 43 58 42
70 17 54 54 34 35 52 3 55 69
74 90 1 7 15 4 31 31 35 27
59 75 75 52 96 94 48 13 86 8
59 86 56 9 20 78 79 36 7 28
98 44 9 90 46 67 49 77 49 52
58 68 49 97 32 66 76 20 56 3
12 24 48 53 82 47 72 15 47 42
52 9 69 12 91 42 30 1 40 73
93 82 23 96 79 72 2 27 39 62
84 69 18 43 81 64 67 8 26 8
55 18 27 47 42 69 24 36 15 73
60 56 17 64 12 11 46 48 27 6
71 80 89 29 75 72 79 93 49 4
72 44 86 47 10 74 16 34 91 11
28 40 92 90 89 12 45 18 33 84
56 1 73 45 6 17 93 7 54 84
27 87 63 37 54 79 64 56 4 25
37 32 30 67 25 68 86 44 96 21
42 26 45 94 56 44 17 74 60 28
18 71 56 84 46 97 71 2 53 72
54 88 58 48 75 94 69 13 69 68
96 68 13 8 16 28 60 33 92 28
87 59 50 50 86 66 45 97 47 41
76 8 60 19 17 47 27 27 18 7
40 4 39 39 93 57 26 40 84 84
84 20 93 16 97 73 87 57 30 56
19 69 84 1 61 86 72 59 64 73
53 98 33 88 52 18 20 20 28 19
14 46 69 73 82 57 73 47 32 78
76 90 22 68 19 32 80 23 13 74
15 95 83 35 8 81 57 17 3 28
58 2 24 96 96 37 94 69 29 48
27 89 20 13 44 10 17 38 67 37
55 3 95 41 10 63 45 30 26 59
49 1 86 84 30 46 94 64 62 6
73 20 70 12 94 82 12 70 92 40
90 44 95 33 21 71 12 10 22 27
7 68 26 41 75 42 50 30 41 59
95 79 77 54 69 82 60 54 88 48
