5999884162
1 9
2 50
3 36
4 34
820 18
1888 48
1996 11
3083 17
3741 24
3761 49
4808 40
5305 2
5349 13
6008 51
7081 41
8281 4
8304 12
8700 38
8893 59
8897 15
9313 1
9832 14
10182 46
12595 44
13047 23
13181 32
13709 27
14201 39
14286 33
14897 5
15446 54
15836 47
16630 10
16820 30
17034 19
17238 57
17333 37
18147 28
18688 8
18853 45
19069 7
20095 16
21060 42
21263 3
22233 29
22337 53
22367 25
22566 31
24237 35
24770 21
25039 58
26391 22
27525 20
28008 6
29594 55
30024 43
30572 56
32220 52
32260 26
32405 60
