6000000000
32941 1
32942 2
32943 3
32944 4
32945 5
32946 6
32947 7
32948 8
32949 9
32950 10
32951 11
32952 12
32953 13
32954 14
32955 15
32956 16
32957 17
32958 18
32959 19
32960 20
32961 21
32962 22
32963 23
32964 24
32965 25
32966 26
32967 27
32968 28
32969 29
32970 30
32971 31
32972 32
32973 33
32974 34
32975 35
32976 36
32977 37
32978 38
32979 39
32980 40
32981 41
32982 42
32983 43
32984 44
32985 45
32986 46
32987 47
32988 48
32989 49
32990 50
32991 51
32992 52
32993 53
32994 54
32995 55
32996 56
32997 57
32998 58
32999 59
33000 60
