60 60
97044772 46581871 47961002 2355886 89485613 59394471 10974875 17129156 32199257 96211883 68150682 66529971 46089204 48849811 38723120 29144412 16557665 34185896 71395895 62157075 68536468 10852586 63777632 14726178 58535833 54049675 42176685 4811845 42174987 13067378 46980855 66377773 19099549 9387449 94608745 22196477 18798485 80038960 19470339 57071824 18484044 26181848 49478424 35770161 75252143 56952680 64329936 20050336 54597825 45491146 40852135 59182612 39223831 32692639 90170092 57733236 15806810 15132599 14285635 69714717
17340617 83430299 3063587 46102879 56117428 89309955 84987225 9139712 70509826 24482912 84290691 8954551 23780524 33785683 28855190 13855666 85110591 8122420 68515161 60561681 31360350 37339020 6130408 73976936 45437758 16389019 66229553 90012993 13474857 265171 70593914 13190040 51788540 4081754 67921881 65266013 48749992 83749004 86679995 10044661 50056372 43035511 37685854 94945210 81171385 68274014 2296662 79330422 51832293 73218871 5001740 99364588 52534905 66039341 74292282 31057231 45453131 38735390 44369520 58894025
9320517 26648093 89595794 61397494 98365668 57023217 15229784 92106598 95585721 58888853 61582797 76947230 25837036 69758390 69112529 8344343 82884276 83667512 71259543 46073790 83830496 75449778 93845287 61462387 50546001 61696237 22716637 61413642 35364477 40467816 77075944 66296653 88586990 86241751 30716364 13348215 20103105 38273184 2250977 65766842 99407144 32227676 47663313 52157627 62425576 66378332 15107870 59587345 5084124 62712610 47062937 62056905 42619760 96214243 39515884 60557285 14001446 29122572 32826898 78224344
67510037 39263162 54229465 32057611 96169829 56778048 14976615 35381596 12852692 68982693 95247794 2373786 33578804 34053667 21582599 90980362 49369578 50109354 72201348 60826597 42730865 53296218 67465373 78451671 18926293 47293708 42989722 38136962 4062777 18044362 69077528 81365753 56845393 91009363 6775172 9975365 66097384 7844760 63341731 77792996 93173340 23598914 71233037 97735237 59684637 93430569 61386669 56398413 98251825 91348702 71725379 76931285 18794931 46044450 76027874 9258281 99246671 40473965 73614194 21559178
44180936 79269736 91628079 92457389 48188275 38441331 92281640 49044539 69740985 76703520 51230145 19088719 10423449 42557110 17293105 54475003 37633827 66535087 68387589 86538691 47388414 27907130 83210651 85525023 19593699 86192825 59230376 51149822 87731231 86405956 20398515 47561534 50572309 93709349 1093271 99972149 47206842 70391130 90565381 94508331 64433687 5049111 73017855 33863133 49710283 80026177 47846494 34436860 94033799 1075443 49437006 94867628 93500048 42609149 23806669 42021125 49266240 76827232 65033775 57135254
30974852 93875155 60866205 35922909 92307039 74762049 71826577 79288272 13750374 46906953 73673051 25949527 70884163 3769533 96068767 20449231 53498931 31149859 49739989 14579848 87106951 75102775 40383688 37621576 11029542 37366887 6422552 49690567 59084554 70074454 5316280 10701105 71089087 87216729 76124272 17013415 12712167 91310077 75103324 87063998 2424248 13173887 60321899 72378366 68455804 71080786 54816224 89405284 90979344 70275741 3547349 31266784 19738981 7202746 31994803 13523672 19006979 39843769 50210236 21170851
13429889 30700507 79503234 70854671 35369230 42320151 95171180 46639836 38210539 85681560 48041784 92277311 5628655 59312956 27579763 19718752 87643650 91009559 30949379 36424668 43453858 42488814 58242718 50195011 79780961 54122941 78864208 41314715 96256868 43432241 17577209 77223899 87985382 56948527 76968397 6552945 44037043 18593611 4384466 23051453 44983213 7189842 42942309 247956 89649739 10271169 79854773 76117949 88305429 71553611 51091271 50404471 58571049 42580822 59108464 40402418 63198137 6858878 75111902 69944017
17214859 14396177 14639376 73051054 40780151 9457042 86114521 64819094 90391277 24102199 81728225 56082569 98413165 88911979 44445220 82754811 92509196 94553164 9839729 42326 13453301 94997806 93000940 77282422 42322406 46740246 21345932 94933803 53500847 62639167 8481437 61168059 6777527 91108249 4132928 87978077 70599031 56712517 10810086 31841214 87819516 68655642 97821913 70496384 9203561 56613411 60053940 3494070 59436403 89435935 47919845 5813610 38351331 8830208 48127794 41697304 55966488 10659948 27378481 74685744
91180162 71817279 11424718 18809495 32914984 15363335 71187145 11613734 48384035 64254855 9631029 55385898 1127969 3304244 53604091 9434082 23113443 76322747 6688085 27587077 70949311 44511353 88437075 60002105 12665374 46340609 16755801 81178525 9531903 56481690 41646239 8463424 17431154 64083647 54398384 12096167 4724766 13505181 78926571 92280651 258749 45711512 58584325 1343001 56888218 3587782 16524933 61789424 41882138 77362034 76008007 71723302 99963696 17314203 43581690 48791556 20688614 59818354 77096866 28607557
69285595 2022368 93289750 16729755 53105088 30037501 22590851 25015850 80621274 61906074 81488103 14684939 48960131 5716152 18899351 30879947 36081833 49257999 33665465 53093609 72738382 59765128 22544331 89497179 37783814 57151939 75238170 24150538 67723132 98425490 79956300 6694737 53734637 70932092 63901399 33299330 8850347 19292987 23767943 74073697 67452315 17357886 49532156 83470759 96384184 66841896 20431145 81671296 49253262 96913231 72927703 25715725 95027647 23263038 76745504 20044771 11569026 35221299 98584820 69620875
25686047 66966690 56441239 83841024 8983412 82651312 81710625 97385012 22296691 14484408 30319868 23037066 56724385 23735754 6776682 64738653 55944857 47200039 79159805 10372984 93516935 461254 5478941 55319709 24410798 74223571 9450118 50431 1251554 77702442 68236743 53098183 15007247 75212768 95099331 23869330 73546672 58528699 9814068 5966833 4347480 46420405 57015843 71045607 89623085 36363901 11346801 4280175 50252903 7469045 70563410 98910196 14118358 23466677 33420237 6450135 83905114 59190663 5291837 16867309
50977896 32026857 88384467 42328318 94397068 95607950 2896657 63967047 42648801 45500893 48476240 20901625 41754011 77232240 77852475 1452216 69137533 64386967 12918354 30854684 86608739 44070099 2885736 27696691 94066106 64097627 75686950 28893437 3276803 67270042 80884870 69788399 12182612 45230766 67748184 82302577 72461526 27142635 42129856 72019040 34543176 37787222 60468406 40430220 46934138 40072491 34483332 40355899 18985427 74969944 98359884 28791205 32121804 74881279 79451264 99449461 42876531 68022008 56074600 22850382
81593065 44086604 44193440 83968068 69065188 48777403 59363734 95691103 93943598 13931831 62784272 379164 39748388 45244775 7091877 12755947 51917367 18223141 72205631 36117682 85707119 60354304 93621663 10006344 52538339 73153467 2094041 95324923 20885826 78926284 49940435 50803979 34781261 23303646 92621515 1340460 71633498 48482127 7047886 85880328 45243091 53763251 88640322 38719419 71276981 65355087 33290333 26690133 97432594 89418399 78480811 81601884 23232911 62667472 10370188 92701511 97834726 73763910 84208307 32456196
61133413 90167064 56068520 72600946 23057262 91315855 91964231 64893672 21981685 73183403 49476671 77119149 25151237 36771486 29606036 72285309 89770811 81740366 14731038 102154 36883529 19945687 54628872 64628601 19591797 70556167 56436305 63794145 66243863 71494625 68796750 13993936 76590878 95768603 44504102 71355077 5023628 97715359 64467285 39235511 36467190 14375949 15844906 91843980 27227141 3764280 57722952 64906147 28087543 85344421 77597225 75562571 50564894 58232847 29220502 25408841 66929504 3839461 58792496 11912022
4911541 26807242 26387947 89177503 49899181 17389589 62514829 80483396 59516391 61168719 83798836 29547737 7887771 91999927 881101 11504615 68834577 79899073 54692509 71547500 7363112 9170322 14994364 54052439 70247376 25936518 23746197 31097869 62061200 10177195 48428904 34569959 88472065 29884995 98213065 16453809 50627920 50393158 58254110 3140653 58841536 25072093 56640036 38303118 96792102 12114664 149610 34307326 38838379 78642042 58234580 97664280 76217614 28338007 7291417 81533550 7429279 78869373 16744006 58288644
72449349 40136344 68711226 26862291 44833081 17021836 28359720 63261255 81808457 40521711 55673879 3991490 51422806 31795851 84004453 22974999 78593750 57372641 198720 30459151 12021843 34008481 19130412 85667303 60470249 30529588 88235136 5801168 37765068 85010482 4984808 38501742 37305280 29240044 64296932 53072218 14169247 18060003 18450248 66065824 10271191 8843598 59049658 19642177 85260009 74369689 81957432 33102258 66000363 66773984 69560975 29558364 36566023 21126264 67233253 9913882 89780986 15498087 31125039 78631102
15725206 565735 62018491 452236 57154112 31406311 551080 26221244 68681842 58673546 34153321 83484668 53848890 35994533 7797575 80573933 34364858 30944325 47489500 28799906 25522854 74377255 31853208 56256804 9268169 13020735 39821375 7919856 90569600 61028914 13935208 73877110 47966781 30789851 89328896 94930076 20578565 97470666 21787589 93270330 53481715 22939072 38809036 21642140 72071347 15230260 15095548 65292547 9071111 11992785 61125009 77153828 24519238 19215094 98544793 23231911 61888216 70573364 11457402 4997545
77977275 7385556 75328106 93214522 92930305 43809615 84466678 41620960 14393424 48267475 31042428 1147667 54585696 10360005 91381424 58089663 72880513 86446137 9248795 78030021 50838034 57593212 6135191 9930361 92379147 20156299 42466260 31071269 70673780 64626585 97212887 91170693 94558699 77941645 96380790 4333386 74436899 45037697 18290141 50390167 24233311 67771972 8531979 41209479 80026107 23051993 29791574 86300069 23491044 51058422 81313763 38531698 28011290 71552134 96205103 36505314 99270197 29609512 53720969 36186335
75366621 71010221 73454741 24759237 26344529 43671197 34961610 97861348 86726369 80311475 97586677 63175938 65336692 26917213 25662644 99690966 88648195 38414141 77943036 19491726 97331996 69288618 46489236 13097546 96460128 58913840 35316888 60903326 90722821 18859275 4190966 70792724 21796180 3120304 80591092 71052712 31946796 68838981 82841768 19601738 92033917 16986148 71447166 43056992 18841294 75743580 69000631 13738817 20927673 72073264 65790180 90891194 9451881 173206 32107118 81225869 59116834 37932728 90232338 4313582
31626426 91613303 39086173 91685636 15636248 55696099 68472372 74262638 13432252 41254340 35265871 1814203 86499383 20917524 426425 88483568 35898286 63175555 19087698 45449223 62004571 28030706 34273357 32428906 64009228 50167544 52918706 35465852 52256162 15275360 95051485 18018832 11680660 39691177 85681917 19358448 45860201 63625093 15227798 11258967 75588929 76404058 98285312 36636791 83054413 57580740 62438885 26455285 35282515 78435601 55342791 83159656 3619371 23435203 26253687 74009309 4226884 7060242 55951519 68227158
5069856 50818664 24687674 44666438 18595283 66088163 29291286 76234007 53630856 50647510 86258265 15285668 47021308 54104904 13139705 33008831 16016897 94695283 40473410 1553580 62317565 41173574 73049172 66222500 56854888 64745444 82959267 48806227 5141841 38355235 99835765 51980379 75654106 24222734 87924584 57353423 98282168 26628452 63186665 42317496 10496436 82136086 48962493 12135316 98746668 76933580 58008700 47881426 79886738 88350817 35541777 14822487 76385516 43359331 89762364 31042300 13150034 84693652 12255248 80517645
92884596 35730283 43822709 40615883 95521042 9315732 1299879 21306091 73758081 86167660 74672565 2500630 31441965 39512966 66993923 60912743 36086545 27045160 83521480 59230960 43900480 39345358 8690577 76719925 49050976 68102054 56785852 64469167 38417194 20398099 97175550 55966026 48486892 23963179 28687582 85422055 56835591 19613497 98836791 55664859 55628656 37172795 28145850 91670382 79311411 88022372 63737449 54501981 26849772 99918236 44085789 73098585 15441740 55653883 87854338 61505158 92824986 97820242 40450582 92047613
53124143 90483106 53135021 75688010 12098041 89369762 9909488 25316078 19748089 75032637 33519961 7179230 34835141 5118994 13440824 33454082 1959942 16467443 48128561 14697143 27460347 19989350 12344252 90648654 368885 43516711 11443876 10925706 68805593 27549604 34069385 99777574 6315681 46662015 41458782 51663181 55603931 28816400 92871403 8847392 81076776 55595745 88019531 2476084 53939390 91684144 72677487 89368337 27603175 94508912 42048922 23787956 57730688 21128648 41621988 65430029 35236731 19616146 74842039 63032706
25472093 87732445 93513557 52968043 91916992 92484844 67848527 24181140 72807890 8903093 2705167 83949758 46890197 37913187 37038160 38837789 15003805 46049493 3347360 12113371 11485973 47011868 41269221 93978260 31613626 1473281 50735573 64852952 49130526 72003708 3195772 35258285 90748775 8704830 64744122 73836554 91566541 33928744 68728259 82783837 2271519 39590610 98438301 89783558 24846911 25301253 82065829 44924378 19617441 22129729 31378442 96228257 65468112 36986680 68486993 39268247 25436650 73228113 80485583 23550447
69287967 67792934 48133682 88868427 86254645 31984390 84194553 82922310 25599495 8246132 36380407 24246506 1475073 47932838 27705812 36971322 73190822 98813191 93187468 39545770 78352395 75959477 23293934 55042465 55942489 5255683 23725341 54903294 30220878 93398264 58743315 34876048 68827580 4499919 31354393 71883933 60481033 75750005 96271697 54126172 47130030 50061838 70611500 33363579 15291064 61734257 61506548 93858457 32219722 30752935 95087171 87246029 95535385 51613296 68793738 66777117 42937327 17242814 6695820 38520584
14917672 58335287 41950432 27922429 57821496 75524535 10809458 14138081 20638242 15968460 8993026 50542221 77971714 75032120 77218467 81669966 65791621 20017523 18310206 7489124 33637996 73468967 8820749 28455811 63057165 89650098 74358816 96685653 7681745 98600103 83801563 40394229 62123191 44500045 95782518 79698805 69709008 98931486 4125820 24494681 57857985 86554186 60751948 83537946 25863236 40430386 25749659 75940517 74505383 99371245 14320368 19514329 1864011 90908614 41346343 49182220 4987686 57708475 74966255 32681095
17350210 32219136 35114828 158725 23853628 52716922 10492693 52880440 58394565 72831045 89912439 60333636 13136165 11231535 56373104 34550338 87623603 64443706 78062165 49006271 52633438 70120478 17299020 66044474 23156263 32862660 73583827 90995369 37219236 33892812 32177463 2922741 1892479 72804360 9808414 65491833 24973301 99742463 47408894 86862727 4757080 52396907 26255267 96522723 67925389 77608635 90089645 98519110 35843215 91312530 95347215 13251548 38509546 28256070 86729105 80993222 63011393 31769441 75517519 90627225
61275848 2174756 87107385 26506462 14224074 58947583 49546129 89568912 30097956 56494362 19597424 91349153 17788104 91211472 47469888 73336181 14561596 9196078 9331011 6745444 25495320 70914425 7427851 44821053 28416140 31439269 48248576 73849278 3657943 96167902 47011294 1016093 94893009 56318723 87646260 40567938 37731170 9076774 53944549 85383306 47057928 74743821 46919339 27304902 51645269 28314036 86566543 85592378 57400687 96276681 59267186 54234590 77614479 8840751 49361544 23595296 87444866 95807356 98175448 98340192
2638379 29068666 14870717 34875507 55212799 34552489 1716072 76685345 24823943 32538044 68769627 31829927 82673378 91248408 43746799 29748534 47460672 35057496 42425551 67167346 33023336 10684619 26430587 87360755 54789427 70595060 31286726 91825607 66277134 76209929 23130969 56803822 44852092 65054837 8781870 96282845 63721362 24485207 54078997 22078716 35630202 35131137 10728242 24499240 13078768 84021625 92060029 64534578 94182344 36392955 73058624 12827485 66626150 91859573 1954973 92524516 25189444 18077961 39387910 4583538
23032432 19226510 39244739 31673256 61494795 44047888 76484207 28872346 36053195 62070348 35483515 96047698 6709881 65828917 61690026 25922380 43024500 75473266 55319699 70727160 91435821 17429725 81922595 19025212 51556265 43585285 37726488 77792495 28540674 66611373 60412807 77337951 7972838 3246411 57480790 30588620 41874966 63401354 1477315 12159722 40641769 45596616 98872795 22742627 18812102 77567384 13060868 46526291 42035117 20381506 41533556 27996874 9373103 36230974 86052279 86149710 45858929 93444029 57345580 11776598
78837678 22859552 88732809 62116816 26465202 40750718 82686291 18874524 1547487 86346787 62798951 15760398 58876460 6988555 27790452 65834352 51110561 73556587 9269118 24596349 92653020 82877225 70841949 73352168 11821455 63582559 78203196 33166547 88033535 39263196 22822170 25439576 1186183 11762338 50381388 50782468 24234515 68613993 77925113 78687319 70613157 49925915 51809437 75174725 58816212 39389270 13964422 6866871 69056328 22741229 28290394 27257099 12491071 89222247 40674703 67987344 92545291 67028607 68898546 70221067
2070162 59305378 91310625 90616886 99834573 68683124 94981393 10009403 69464393 25771595 15219592 51079229 46205353 43205298 43027619 70550735 10671138 57916904 35813202 22906 98638845 36272735 59813847 11880508 92959768 66108477 92273995 16034052 46117990 5007582 84279577 23892279 13754474 54231120 76223361 32366382 14598592 32689621 99687702 64463798 52529557 13360229 63541313 36843406 5404202 43898409 31454652 27667948 49458260 53333249 54070295 60506873 79115007 18747647 80325686 84855120 80135846 62317546 10017488 59141763
50400477 46081724 9074930 44849814 65290952 21137700 48711291 37207682 28605601 47774725 76247709 57937331 65153845 71906549 4872802 26492555 18080615 98600383 66301221 32851421 1470892 47288801 12441365 94182002 66917518 8901903 76838069 79014791 53645866 62335150 73905759 6660685 83186097 8705882 27211452 91480168 92782314 85865056 54102093 44792177 55394223 55588421 516070 76169332 33281387 32908605 17200685 92101235 44677283 58347444 64654112 21870049 42450538 802249 27203468 80955687 98928106 76108494 56279190 62769954
38209762 77405898 4588342 29743523 72462883 68441591 51261879 24021998 75159314 57522756 64046137 77779515 60694058 72557779 12976175 31637817 81171575 94004348 80990690 18276998 49601563 67994697 36130539 21520440 52232396 55399928 17439421 14446935 41131348 30910588 64668185 52146272 52877072 45555836 84218775 81054404 69854322 60582099 12693540 79049318 15630208 25602062 86485886 1875233 55550546 47938801 59896762 33625920 90869911 61550322 32019647 17075972 8523025 73529277 99627465 8364066 14101268 80794286 61054694 55724354
87011595 61231962 37175420 54525825 70807283 76430598 87375041 5404912 51173599 55150126 22061122 51077650 82495090 19056896 48920413 91344738 77948264 19883230 93748166 76469195 89960205 36777952 52343814 70102062 25806532 21034832 78772215 39253216 54817665 50703404 43566153 71981097 66050383 48935335 40954625 81818565 89629388 6572456 56725493 97634407 23516840 25356617 97940561 83651634 94262058 38539609 58152980 14693182 59779755 29188571 97824660 9213465 36163864 46356869 33604854 78546243 63890548 92694594 4122551 65836464
77696340 61395888 79952678 26424138 57186401 80390563 95999463 32818541 12275417 79966112 24362609 74047081 10684175 77923171 48174993 11238404 6094311 51119449 8170213 18803957 20484187 60301862 47975522 76068970 90472696 9996833 22809039 89708931 84377441 26809043 3619655 278484 39297483 7475324 88572347 26535911 72698240 32428174 72342894 26984888 5324636 42000944 32214391 45425463 56816723 80286652 53105730 99065802 14508265 12114497 15275023 30639048 1940152 99371521 56809330 78501631 62105582 75938548 5728977 37008942
92474828 24151620 78562026 44828556 91064360 49689551 27048522 28512831 5830636 93895337 7317206 72762598 60768916 91326871 12194118 23591184 16371636 77843604 51885989 26199747 63986544 49125712 25930707 61029622 93222915 26430380 61067267 2165526 75545913 22278207 33100861 22274181 68499188 57442260 95191261 51001366 66044842 41007082 76801298 96071059 54833637 1387570 41438560 14371383 24639426 23151125 64365086 78841653 86308723 39335724 76891129 75160623 82280893 15057606 87087727 31948479 6167418 93029477 15021653 68963825
41210649 64352321 32645970 55271879 96810521 72191683 30948450 76329140 1904529 99867659 79412307 14471714 51590827 20134507 55832907 82085868 3517477 11185130 4430400 87251172 77511119 49853123 38082430 29036110 60425487 86771683 13357605 29121379 47918688 63241838 27697577 48334288 7354574 223802 22189904 75641908 72631163 67041362 29838519 87703973 86534430 25784692 95513934 25155628 15235711 40976276 63375063 27452740 97715196 75555927 67539947 7175775 52039688 16577177 9180533 97319009 54831014 1946343 87944501 55385379
58767090 7830534 86876222 4826353 91026584 76369002 50374008 62849805 71207003 14633407 29688607 12104746 50832784 22817636 5960258 8649969 4367008 35163371 91303749 79082367 68587402 50203803 52253791 37098469 38715230 81435886 95868445 52219047 41725891 89946643 29340381 72685886 78673522 20637805 91692372 3875222 49626040 16594450 14258440 3309200 84273656 35995468 52122327 21385089 84665383 79980572 11456623 39812529 32563790 75947698 12587219 94470366 21420300 16627446 87684060 72552118 20664849 41325827 2453174 14717792
68444580 27308710 2800735 85736436 34882846 30350051 435243 562942 11823981 24937841 2567490 45010175 9313426 72660025 9722401 92516844 91032355 45006554 23186453 50572461 69795018 85337128 36583619 18288031 11942340 29583785 32712867 17747987 70999906 51764759 15131776 31690957 78735243 32317920 87074809 49195397 54151992 78645417 3746052 48405097 24504823 40670663 60501862 54681497 86056554 5210820 81455675 46675114 9489861 4721120 22728052 10373156 42871634 34049421 63514964 19654660 60915440 71886322 58711027 64579387
70967184 31536746 63071419 75484972 88732855 78386946 19977454 80529458 39819264 92829950 18121757 80066584 7788439 61294932 68691634 92000927 217278 65185071 79095400 95889915 1949260 33164397 57165261 99457110 97143336 58175778 48014023 77027660 54106835 44467475 33692940 81655662 34639068 56314428 7257000 6933695 57385833 12221003 25990523 63220282 34254260 31325218 42648504 40319305 43225996 6618713 4482152 27488335 6029776 9318073 18162405 30881824 90788344 87611586 29679199 52573572 31116940 318758 88208218 89832632
51812522 92043340 34682670 19905516 31548548 13012174 67404934 64974789 82595040 21422843 36706274 48499933 20611990 43670101 3614485 854078 88081686 53324564 64091079 82106091 89757663 56644002 94891508 38066264 64162313 37042973 24890218 43391468 44631484 99801 76772431 7141510 400823 42884059 66548890 66487285 13399498 14531679 68529045 3954047 6320476 23594578 3295586 4774235 61111781 85403608 11348594 65646135 33367413 22632135 9858831 43645874 30844972 66710571 36049363 97933283 5555904 27489472 2835759 24096720
27703546 91065467 32703206 25710840 20782648 48584194 5489551 25263818 80933357 88281391 29239318 54621996 75526429 68552593 91379259 68692725 32957666 91658474 18868753 28457330 13640681 65602226 32048256 41966565 32357109 42513554 36188101 11124737 2177115 28651 30921453 73210224 42868613 20912461 27243101 7531853 49532272 19792896 37005133 45514154 83969581 30634878 44459080 69997323 67383907 43519990 44745645 84471529 36526283 24120011 24423473 28493617 70036915 30259987 41354331 51859394 11265404 48424217 23110151 42516979
95562524 17374940 17611748 35663882 90439325 53391502 17674998 43772614 2742940 31304213 69222164 47224022 70231755 5994381 76222571 1940319 46689391 23578307 49547001 49895546 97050850 63828156 10114578 89282739 44490514 62405676 15640799 60719243 73049600 47803904 79474906 27202295 71491 1457621 58860116 41414880 24499331 48235646 76702704 97970337 88084222 66860161 86957093 16074892 94904582 76120730 52996543 12336229 88603520 92506936 82440286 21545189 72330342 32423931 99109365 38110264 77961030 97936444 66807628 87500416
13554114 86765189 38424703 49251664 47909902 94761236 97068414 89309745 29733237 53687901 26350475 37757216 32366037 94079877 8687550 81490190 89041950 79614952 75540868 58671455 52090326 29315987 46163740 39675244 29798808 50785226 29527321 95773185 90034832 67627140 93552867 42342623 92668161 30723818 55483445 2950715 58359999 32513500 98051744 11401533 11778229 26002027 37626119 49432962 53953377 60512096 31169826 58424987 24962387 70250932 5686011 26924172 13713842 87901718 6105971 78630733 33625014 89990760 71425726 75266124
62158383 40187714 13046243 21904618 86847485 49222510 13699133 86695673 12077973 10050922 28622332 86975045 87575683 52131305 4647077 15393544 80300002 52473682 27080334 85629299 83080677 47262784 1840995 5498668 94930770 73619200 41459364 82783690 86587906 34883350 86580772 80677979 56882531 47723704 42894732 61458656 6512374 52004177 55829717 43549643 80470737 99308544 9967314 26445959 2976541 93914134 34203044 17202160 96192153 66487452 88570435 50903511 8814357 52937162 53987580 93501311 10879992 48439697 83295470 15512867
58430395 10489363 64097676 73696878 45771116 57343269 58388254 25226497 9440556 38571732 39777599 911600 11121585 65823453 4749152 45673285 56675269 96143411 59151172 19043196 25130949 58604156 40554882 49971205 89445666 79313557 22714631 65672134 47897059 97049354 73249937 1095574 36737570 9874334 55577141 99011 29264267 67554249 99593689 7154317 38704608 49394485 84810938 86458025 45151607 41576769 70004712 79062206 3709626 65945982 39036613 90305003 42896038 29361972 89264266 42339392 44166733 89363678 35527107 53990976
62665812 92293801 32786637 13400165 80418933 75816954 81591903 96550300 34869502 39130853 8061182 36895685 89848145 5951414 43088775 90885172 33693794 30425452 25107369 65378099 88537660 80303161 17579112 28816766 74504828 84680196 79765148 80080325 13540820 89011687 55527792 29213485 79244682 51690160 92678883 17299151 56037366 84503140 95916618 53176376 11382791 32180920 85097420 55901672 5175487 71383959 30819300 65810131 56317106 77417887 63995875 44758755 88693899 5213091 64174188 79904883 2264712 5755690 50537718 38049493
97784313 68993262 6859854 6578126 28444868 92397663 60323602 53321493 90742500 80399390 62427191 49054167 27114726 2916482 96839555 63630390 99089770 40387606 73115155 96029637 70709416 28008985 23171543 84311310 48858856 69488636 75984913 92768524 32571145 63226088 60320986 77277361 31164923 90841142 49413789 56989537 34826309 21825780 26079130 68521589 83541376 31840871 19365732 20807098 33950425 63280515 8427620 77102831 59505555 90791797 37241939 26554698 6416771 7406106 4401092 35855348 23522706 72861829 18964376 19954056
3924799 18698621 73365383 41605016 66944026 89615356 73665182 34362664 45975370 54433457 64745659 70970417 93355528 95038335 20975891 47874848 11278626 29480700 34781357 53898836 16904825 27678451 91952613 35932067 65775747 91355874 87459306 76582869 65795529 93948029 50113343 19433512 45240682 23850281 40575038 21040842 24731543 69405313 26047120 30010210 39152917 76765141 67031478 91299464 76447678 68673702 46513284 5461577 10025984 76618540 92883360 6080164 40168028 9903568 65799 92856079 36791016 48311218 92614793 11103218
41007566 15982372 84518472 13922602 46172619 76767532 19884093 31277960 21644977 56352006 2865587 35624272 31947493 87253152 70680778 85942459 32781025 20249373 93200373 55387253 20616883 5777491 89220988 2506783 7720316 24306765 23059451 84301006 3584243 41850569 28426209 12511626 64713696 72441530 11654898 2989520 12853409 90301383 7690950 29398033 74848680 38825418 16855880 78151985 82384378 59338835 72357943 44825864 48887217 73752355 83660456 19131620 2458492 55961777 11782274 33565701 51529242 93164712 68903680 12873248
64853219 57268071 4519987 84791517 82057279 73258880 7169918 41441113 66909228 93736505 54166808 12386725 16248764 40542478 54876557 1775173 90062228 24992813 63772990 89683121 90068847 16491768 39290588 73683159 17804441 39552135 11472625 18484887 13701749 72057891 91586647 33876294 49762040 48294604 64393662 7409452 75753771 66607028 364843 2237446 86136748 36783810 99243891 42424196 11566637 41232656 4823236 33974732 66614772 12123758 53666333 35528437 17111386 2339804 8818897 43721357 65139788 38597652 75486217 39900948
35741133 62765309 63632190 12576639 20379762 65567801 82990275 99667381 84069604 73531800 69444409 35225877 99991138 26373283 23631640 31878895 64933436 4426514 8768557 11812102 26233177 18138454 33511446 5435157 89473458 47954960 99465928 68261958 47794901 17712024 57987082 95474876 69884771 61423223 96235255 98447627 3147410 56178925 29219200 14632122 75153323 610668 80378856 54226632 38238349 94051610 24447558 21797412 56658216 22292307 64747526 97631540 12480003 68917541 64375912 45862991 16235191 55675091 18031104 68294723
18902130 83186515 93193268 3699664 63807093 46361552 40842945 60214314 76697238 88172840 8789815 77775227 90142911 99131246 76057976 91212894 47636589 9117801 46137661 37764709 19132466 94673940 15091345 81240725 41567283 46158876 33551188 77144037 10024106 65508965 70421689 37459395 8755557 71715206 42148552 89752462 61483333 21124680 60609501 54656028 92845760 760362 57780775 31194422 16948064 3905760 56407338 88394008 55651650 96756432 36525373 48812018 49399704 48285331 46706445 80106345 30606631 45804410 30869528 73546006
67097034 23732231 53031219 20297734 39606509 39225455 24360965 71206456 82824722 62151455 95826057 98900258 33667920 62540852 62949264 22989101 92757455 16106753 46419005 42435380 16715597 8961677 56678791 82606857 44459932 6231826 61297594 66593008 52015393 11992704 74728950 33410338 92132439 77639415 47644335 37095756 63637578 268624 65567019 89585933 25020957 71896469 55401223 18475387 43618180 87548293 62866867 25909663 34032970 6817553 51139313 71343092 5659597 39214306 23297626 9419244 38967677 26786512 50518489 37997675
98980705 59264364 34042925 85371466 17511313 865655 57117036 42997461 72690365 56119657 99793019 40309838 7051684 36984043 68255382 67911528 87083422 87892317 7287502 6053324 28916499 1958225 112518 83298455 79549442 73239822 53260534 98052058 81136507 47269390 89852072 74019865 56843557 6479488 59846910 41820365 83877817 93206470 11339434 27788770 11624836 9039352 80384051 19823673 65447401 85883488 59224439 65785383 63899613 40610044 82524452 98309365 50760042 58652416 61114429 74731358 1723180 28300113 34772123 38492435
59963095 34395402 54431337 26821690 88214959 25249275 16320935 26317291 4165646 64241701 51596457 59878066 87054561 91810111 13697685 4807440 34508588 56649780 84877288 39865594 67453570 19183779 31619314 93235800 51968653 80828254 79598421 63003527 36835468 39215595 28565898 98834648 71101392 17095686 63141468 13178127 34077502 92337693 2295658 47151076 3418320 40137939 33074345 76049797 35446804 59987581 74757089 34945042 42101675 30427816 90351403 11421984 10673611 31259281 85160313 73165367 93107390 66451627 58262798 99988564
26144609 2584349 53670658 72616296 9850278 56961345 4611263 50310102 33955090 48707367 57660295 14137593 3938879 56859151 92616939 59611292 99232859 77648371 55423829 87648384 18941608 73550843 65195903 30854361 79717626 50642182 30271994 44925393 24215100 42195240 70854569 55047172 27746027 3030822 52462147 95958275 10428057 21291260 95724244 7294417 52213099 72530775 30641724 56924521 9341852 96102684 92416174 56816182 37084664 89545951 95114035 54287768 45707362 81658989 79153957 2158182 57873486 63061570 92169140 94498151
6309703 90576147 76930660 17549272 85904234 72044358 72832909 40160233 85176809 53500789 43387866 30352704 63548042 52271599 42444491 37819764 10312486 58927927 37546547 43883155 86503466 61669251 60230074 46034588 51266585 76538430 63648091 23621126 31010311 65541510 3625191 40793912 42036512 65042863 40659329 86388238 22465567 19225534 37354273 57530459 9096151 85368558 26701841 95767649 62683310 45146671 6293107 79098970 43016477 61465762 68919992 18361075 4701233 98587678 48136746 29935308 84849421 20078766 2817123 67029497
71322470 65363985 69478100 69842052 46367749 32175929 90326847 91057384 70038857 81537996 66116414 15095191 28372642 39147686 50027962 19595126 16720151 65270357 86116980 86378076 75207105 34189468 56649343 16883350 53818958 88563696 91791555 54849894 65149055 5600766 60190588 7820671 46750890 95087395 44108986 23103883 3336760 11389682 47683039 41521573 93569320 14398386 85532964 5818591 64495499 38236126 19787283 14620606 39639558 22020771 35104526 16661177 14997075 93009509 72907463 951485 48860864 76152378 80768966 2075052
