5999821969
53 16
372 11
1395 37
1998 56
2394 15
3559 57
4625 18
4833 6
5314 53
5765 8
5830 41
6599 39
7999 21
8382 1
9178 3
9389 12
9989 58
10181 23
10872 29
11393 46
12118 5
13956 54
14019 50
14068 42
14449 59
14646 33
14999 27
15213 4
15216 30
15344 25
15938 17
16099 40
17120 9
17319 52
17358 44
17520 13
17707 26
17873 32
18049 47
18401 51
18473 35
19946 19
20165 45
20202 48
21151 55
21212 2
22688 24
22730 14
23030 28
23102 36
23874 22
23905 10
24427 49
25868 7
26697 60
28698 34
29369 43
29802 38
31325 20
31693 31
