1196
1196
1194
1194
1194
1194
1194
1194
1194
1196
1196
1196
1196
1196
1195
1195
1195
1196
1196
1196
1196
1196
1199
1202
1200
1201
1202
1207
1207
1207
1207
1208
1208
1208
1208
1207
1207
1209
1209
1211
1213
1216
1216
1219
1219
1218
1216
1221
1224
1224
1224
1224
1224
1226
1226
1226
1226
1226
1220
1217
1217
1217
1217
1217
1217
1217
1216
1217
1218
1218
1222
1220
1219
1217
1217
1214
1216
1219
1219
1219
1220
1217
1217
1215
1216
1216
1218
1216
1217
1218
1218
1217
1221
1217
1221
1223
1226
1228
1228
1233
1233
1232
1231
1228
1228
1226
1226
1226
1226
1226
1226
1227
1229
1227
1223
1219
1219
1219
1219
1219
1219
1218
1218
1218
1218
1220
1221
1221
1220
1220
1220
1221
1221
1222
1218
1206
1204
1204
1206
1206
1206
1206
1205
1205
1205
1206
1201
1205
1207
1207
1207
1207
1206
1206
1205
1209
1209
1209
1209
1216
1216
1216
1219
1218
1224
1224
1224
1222
1222
1222
1222
1224
1225
1225
1228
1228
1228
1229
1229
1226
1229
1227
1228
1232
1232
1232
1234
1232
1232
1231
1231
1231
1231
1229
1227
1229
1224
1223
1223
1223
1223
1222
1223
1225
1225
1224
1226
1223
1222
1217
1224
1221
1220
1220
1218
1217
1216
1216
1222
1222
1225
1221
1220
1220
1220
1220
1221
1221
1219
1219
1219
1219
1219
1219
1214
1214
1214
1216
1215
1224
1218
1217
1217
1219
1220
1220
1224
1223
1223
1222
1222
1222
1223
1223
1224
1227
1226
1221
1221
1219
1216
1222
1225
1226
1228
1230
1230
1230
1230
1230
1227
1227
1226
1226
1223
1223
1223
1223
1223
1220
1212
1215
1216
1216
1217
1215
1216
1216
1215
1216
1216
1215
1215
1216
1216
1215
1213
1213
1213
1212
1213
1211
1211
1209
1208
1208
1210
1212
1210
1212
1211
1213
1210
1210
1211
1216
