1000 1000
13 134
259 798
184 707
418 913
368 606
392 748
278 526
406 672
370 924
47 959
2 935
196 883
102 833
358 454
146 914
194 518
543 665
185 565
390 487
402 952
83 412
35 283
182 865
395 549
607 621
213 355
444 553
214 613
874 951
4 839
537 935
18 132
88 864
730 970
334 604
728 859
85 174
653 991
200 644
106 633
137 412
14 173
362 624
348 573
162 836
267 987
468 642
73 494
70 748
169 589
70 883
579 795
124 422
67 328
877 912
32 545
665 711
47 707
637 894
373 629
219 644
522 562
2 293
783 955
482 628
240 329
555 584
90 882
334 564
467 915
10 76
199 923
472 710
192 827
220 307
527 742
216 296
537 906
104 395
126 306
230 327
623 712
294 625
384 636
389 577
92 743
382 957
501 824
398 568
216 719
111 597
278 885
96 781
100 625
624 929
43 254
735 927
191 330
516 962
131 349
595 650
481 977
247 484
13 662
527 601
401 883
29 735
187 272
350 679
736 746
404 805
542 797
191 740
430 717
374 576
439 591
608 733
925 983
727 854
420 887
174 527
143 166
92 514
160 814
262 736
648 785
463 542
820 861
493 628
550 619
521 529
445 448
667 821
905 999
500 685
220 818
49 876
401 783
873 922
17 203
84 694
536 762
106 617
13 644
176 802
287 611
414 995
478 970
313 341
9 22
344 680
383 956
366 545
38 568
268 590
862 973
577 768
817 878
71 684
359 436
203 658
119 869
96 665
129 900
197 889
302 635
826 839
782 940
587 720
538 683
414 687
391 719
445 813
299 626
412 985
308 909
43 120
89 497
29 703
285 864
16 392
7 982
113 636
280 925
379 648
32 624
338 423
0 354
485 729
146 148
122 536
44 124
216 667
377 529
328 834
48 183
295 758
180 943
65 666
484 725
925 928
488 941
452 668
398 820
263 366
206 652
569 632
613 797
263 959
642 914
737 929
24 643
214 983
82 994
654 726
677 900
311 546
274 379
784 985
637 775
322 411
195 422
57 178
504 839
472 587
516 861
329 620
220 670
691 779
311 345
129 822
70 884
315 364
95 696
9 668
6 874
590 754
585 592
231 617
13 872
348 591
29 459
55 299
193 363
12 975
8 845
426 908
176 511
20 84
37 598
15 45
748 986
317 985
416 708
434 565
309 521
460 794
73 176
86 220
420 460
559 595
218 716
490 515
35 346
288 300
278 388
400 508
7 361
337 853
139 183
174 386
184 667
130 225
19 955
93 119
24 775
78 317
497 568
192 408
555 948
352 970
274 554
438 770
887 981
768 953
220 734
188 752
404 885
171 399
236 273
278 955
20 836
770 933
318 952
128 989
85 397
51 79
535 569
68 994
337 417
705 774
384 685
175 893
387 879
162 602
678 880
108 131
24 939
60 761
31 223
631 639
120 472
133 657
262 592
278 960
230 686
101 409
227 935
100 328
220 442
902 986
418 696
119 970
372 734
587 796
314 382
752 816
710 827
93 718
438 905
290 471
460 554
254 594
667 959
823 841
627 696
176 775
634 710
432 574
34 184
38 324
304 550
77 735
837 984
171 608
422 941
609 790
333 519
147 722
601 698
106 916
37 47
86 451
279 385
614 798
182 640
442 486
44 584
184 620
441 489
88 143
251 526
396 650
704 708
215 973
402 918
99 931
716 867
217 379
244 952
486 895
356 431
215 434
130 621
439 759
438 908
290 825
507 894
652 797
310 354
267 563
665 718
224 546
238 918
483 672
328 850
68 621
384 762
347 585
228 623
688 962
279 806
131 504
606 734
727 743
190 983
364 639
117 716
61 338
243 618
96 916
92 718
224 295
711 758
524 597
492 997
16 137
147 528
314 323
350 676
399 702
44 680
390 627
27 723
270 617
749 994
605 714
113 356
332 340
501 805
732 749
53 678
99 175
202 544
657 777
22 572
772 916
572 811
85 837
205 583
231 699
409 715
494 951
203 303
220 327
180 719
386 922
112 855
202 483
856 916
75 429
85 744
412 920
497 971
858 916
337 820
13 994
269 670
116 401
358 604
475 902
186 810
297 975
366 912
565 687
64 785
181 837
128 201
137 434
191 468
774 846
439 593
239 688
10 259
614 906
744 748
424 473
433 704
505 775
29 657
54 335
771 798
200 918
50 152
57 723
230 487
132 721
30 273
75 606
818 856
916 954
421 748
204 688
495 521
458 928
95 715
77 211
82 1000
600 877
275 520
144 448
101 772
304 633
123 660
655 934
132 412
86 223
283 789
106 302
393 960
213 418
515 524
266 276
246 864
672 678
253 299
489 974
754 998
150 264
208 434
269 902
231 547
442 966
384 642
526 891
14 96
150 944
34 126
711 903
15 838
227 799
135 792
40 423
4 46
419 875
560 753
152 677
55 191
652 857
471 647
212 551
38 686
98 349
304 467
176 297
891 995
651 677
178 327
432 554
968 989
875 886
94 258
137 768
77 335
12 144
310 367
326 825
622 911
412 952
613 811
528 959
800 962
244 557
207 805
399 466
638 838
118 896
101 702
555 661
212 506
122 396
493 810
139 155
543 986
140 214
306 758
30 528
160 544
129 842
451 816
151 866
447 742
381 993
300 357
314 607
54 907
706 873
373 397
92 820
295 328
162 609
330 497
91 902
146 446
13 492
121 443
483 793
1 671
466 798
27 301
654 967
221 610
381 604
35 238
56 269
470 977
87 752
43 788
623 991
511 517
279 858
22 442
110 188
238 520
70 223
66 264
454 925
104 336
492 663
598 763
425 698
321 466
698 778
95 880
181 552
323 918
811 897
251 690
58 839
288 870
16 388
178 797
32 99
90 360
499 891
769 891
405 823
237 875
162 266
349 780
726 728
99 375
10 399
776 966
373 567
223 578
784 990
786 796
555 787
534 953
459 834
258 600
103 393
347 765
181 395
415 942
158 205
625 691
35 741
153 240
166 267
11 748
431 955
106 925
16 884
118 362
559 950
794 808
422 720
364 455
103 558
195 265
328 386
10 248
287 740
192 247
202 279
501 930
12 269
522 937
554 858
363 399
729 760
457 964
104 255
360 992
105 308
693 897
440 851
146 919
823 985
82 924
295 699
801 920
739 871
67 127
143 655
222 337
8 687
118 221
203 712
282 430
369 598
325 477
524 979
96 980
688 983
17 496
382 640
129 484
69 353
260 567
56 244
735 968
927 992
165 622
209 503
84 261
582 823
277 451
163 442
27 893
533 651
428 562
367 726
108 305
175 237
321 566
934 942
520 969
269 333
134 143
448 664
486 592
423 701
17 896
199 287
116 380
258 707
835 843
84 539
175 896
383 654
198 776
180 297
28 969
191 944
633 664
334 436
218 395
36 98
23 309
287 306
677 796
796 967
560 936
125 446
0 299
57 559
280 542
78 348
306 890
350 786
943 978
68 948
694 977
790 941
250 792
202 421
366 679
287 406
38 662
611 943
605 956
155 603
622 659
599 786
249 724
112 649
710 788
518 561
97 442
91 718
560 730
218 246
91 545
619 884
71 468
293 366
137 434
291 587
561 949
122 776
916 958
415 831
237 793
475 879
212 478
389 454
479 751
553 849
147 755
601 973
722 875
298 308
49 406
158 651
103 208
131 460
0 624
443 587
253 929
619 891
193 298
27 604
573 846
428 900
220 701
145 149
248 409
677 959
697 772
366 536
66 800
50 235
49 392
522 910
651 828
594 804
696 894
750 768
516 967
144 879
22 513
195 615
111 632
520 876
456 974
490 835
129 757
341 713
740 761
342 766
54 437
247 560
178 787
116 970
689 988
439 771
62 442
497 559
185 887
312 975
30 363
196 980
280 591
269 716
35 543
69 718
425 992
522 689
6 7
319 995
191 347
54 449
428 568
356 476
349 654
278 622
159 704
19 145
92 428
1 518
185 802
665 939
412 605
156 950
123 645
262 618
42 599
346 612
127 746
336 994
437 581
32 788
362 877
665 803
405 976
494 571
44 281
682 839
188 593
903 909
564 778
46 339
377 779
360 423
354 719
347 612
381 861
30 129
32 986
215 831
203 873
414 637
650 833
831 951
892 991
156 995
286 607
530 666
274 958
403 625
798 934
730 765
71 230
436 512
344 552
505 873
447 743
175 690
351 717
719 912
570 713
70 799
403 533
37 404
52 803
26 441
10 448
13 700
189 438
348 679
170 710
231 682
54 212
532 997
773 953
158 733
733 761
561 709
290 531
70 875
708 804
413 879
398 755
556 561
70 213
480 661
78 404
120 754
112 913
877 934
12 23
218 591
177 705
287 682
224 365
433 619
527 708
557 571
64 875
328 725
678 696
856 977
244 683
656 918
661 933
355 670
393 593
195 494
134 564
909 977
151 256
235 502
613 734
824 830
136 720
526 993
64 434
386 582
197 745
595 745
450 795
389 939
334 918
253 295
216 349
664 671
813 943
352 392
70 797
664 750
275 436
627 711
272 330
214 548
527 809
490 979
547 657
419 983
6 563
11 734
200 346
407 826
461 894
40 362
758 824
701 854
224 640
1000
2 656 918
3
3
2 538 683
3
2 358 454
1 94 182
1 240 336
3
1 707 840
1 315 956
1 607 959
2 522 562
3
1 686 803
3
3
3
3
1 574 870
1 68 909
1 267 492
3
3
3
2 106 617
1 29 886
1 35 220
1 240 806
2 135 792
3
3
2 773 953
3
2 754 998
2 28 969
1 213 983
1 189 570
2 471 647
3
2 916 954
3
1 675 812
1 443 458
3
3
3
3
3
1 65 968
1 149 671
1 415 590
2 92 820
1 504 800
2 490 979
3
1 378 489
1 705 747
2 492 663
1 43 717
3
2 434 565
2 350 679
1 7 409
1 132 237
3
1 579 662
3
1 40 903
2 577 768
2 96 665
3
1 400 840
2 627 696
1 343 477
2 192 247
1 369 754
1 446 737
1 431 595
3
3
3
3
1 0 558
3
1 617 818
2 735 927
2 35 741
1 27 308
2 272 330
1 121 314
3
2 362 877
2 587 720
3
3
2 57 178
2 559 595
2 57 723
3
3
1 269 744
2 220 307
1 617 982
1 210 584
2 278 622
3
3
1 457 950
3
1 93 596
3
2 29 886
1 527 787
1 248 288
1 852 922
1 183 469
2 238 520
1 160 967
3
3
1 15 63
1 109 881
3
3
1 42 366
2 216 349
3
2 254 594
2 70 748
3
1 428 844
1 3 74
1 238 898
3
1 294 464
2 796 967
1 873 979
2 94 182
1 214 722
1 175 486
3
3
3
3
2 38 568
2 398 820
1 310 786
1 153 845
2 574 870
3
1 504 893
2 654 967
3
1 205 757
2 504 839
2 744 748
2 112 649
1 384 923
2 682 839
2 716 867
3
3
3
2 35 238
3
2 652 857
2 627 711
2 151 866
2 697 772
2 274 958
2 70 875
1 111 386
3
1 165 640
2 77 211
2 358 604
1 198 419
2 15 838
3
1 104 912
2 494 951
2 614 798
3
3
3
3
3
3
1 729 971
2 215 973
3
1 84 395
3
1 171 617
2 328 850
2 66 800
1 105 124
2 87 752
1 291 952
2 328 386
1 475 764
3
3
1 418 863
1 289 881
3
2 178 787
3
2 310 354
3
1 798 883
2 182 865
3
3
2 111 386
1 40 187
2 404 805
2 475 902
1 716 904
3
2 651 677
1 389 397
3
1 379 563
2 253 929
2 212 478
1 111 589
1 64 931
3
2 811 897
3
3
1 956 989
1 51 217
1 272 914
1 267 516
3
1 297 757
2 106 916
1 169 461
1 185 241
2 92 718
2 178 797
1 428 508
3
3
2 428 508
2 311 345
3
1 778 807
1 467 533
3
3
1 73 467
1 267 899
2 813 943
3
2 93 596
3
1 93 134
1 100 534
2 263 366
2 104 255
1 600 652
3
1 170 510
3
3
1 469 480
3
1 126 550
1 342 717
3
2 221 610
2 43 120
2 17 203
2 382 640
2 393 593
1 572 592
3
1 288 872
1 51 912
3
1 104 380
1 550 611
1 423 647
2 790 941
3
1 184 513
1 211 858
3
1 208 243
1 284 759
3
3
1 663 858
1 369 809
1 443 904
3
3
2 27 723
1 218 706
3
2 104 336
3
2 130 621
2 40 423
3
3
2 553 849
2 263 959
3
1 643 988
3
3
3
3
3
2 302 635
2 249 724
1 323 939
1 214 873
2 220 670
1 194 879
3
1 474 728
3
1 861 995
2 527 809
3
1 664 935
2 406 672
2 129 842
2 200 644
3
2 129 822
2 412 952
3
3
3
1 354 770
2 287 740
3
3
3
1 81 177
2 131 460
2 350 786
1 164 983
1 546 995
2 146 446
3
3
3
3
1 407 845
3
1 268 346
1 64 389
1 700 788
3
3
2 355 670
1 354 374
3
3
1 734 998
3
1 129 441
3
2 520 876
1 105 489
3
1 103 594
3
2 193 363
2 400 840
1 392 456
1 196 439
1 721 775
3
2 100 534
1 453 925
1 492 976
1 384 442
2 342 717
2 501 824
2 379 648
1 783 986
2 92 514
1 756 849
2 43 717
2 106 925
2 678 696
1 973 998
1 399 475
2 665 803
2 560 936
2 100 625
2 719 912
2 412 920
2 665 718
3
2 852 922
2 220 327
1 328 785
1 631 902
2 158 651
2 4 46
2 64 389
3
1 184 411
2 711 758
3
1 165 701
3
3
3
3
1 142 328
1 1 66
2 218 591
3
1 335 637
3
3
1 867 902
1 376 865
2 291 587
3
2 349 780
2 373 567
2 407 826
2 48 183
3
1 405 678
1 856 960
1 201 609
1 253 497
1 98 137
1 742 950
3
2 902 986
1 431 907
3
2 98 137
1 423 475
3
3
3
2 782 940
2 905 999
2 44 680
1 121 767
2 413 879
1 707 785
1 71 240
1 250 555
1 141 240
1 399 930
2 137 434
3
3
2 15 63
3
1 614 797
2 516 861
1 74 245
1 325 837
1 478 836
3
3
3
3
1 560 576
1 189 589
1 712 823
2 74 245
1 117 640
1 507 827
3
3
3
1 155 340
1 59 643
3
2 516 967
2 34 126
3
1 26 344
1 46 850
1 205 643
1 482 571
3
1 647 849
2 299 626
2 572 811
1 437 616
3
3
2 2 935
2 354 374
3
3
3
1 743 862
1 164 916
2 98 349
2 204 688
3
1 163 842
3
1 751 839
1 89 328
3
3
1 547 674
2 648 785
1 502 961
1 235 491
1 146 303
3
1 179 488
2 116 380
1 41 380
3
3
1 537 940
1 29 101
1 708 760
3
3
2 13 662
2 166 267
1 14 112
2 269 744
2 661 933
3
1 118 630
1 270 273
3
2 251 690
3
1 176 476
3
1 232 580
1 133 882
2 573 846
3
3
3
1 255 813
2 423 475
3
2 73 176
2 102 833
3
3
2 555 661
3
2 71 684
1 255 427
2 550 611
1 84 150
1 503 637
3
2 289 881
1 387 513
2 748 986
3
3
2 231 682
3
2 285 864
3
1 120 902
3
2 205 643
2 442 966
2 38 662
3
2 677 796
3
3
2 7 409
1 330 779
2 73 494
2 202 279
3
3
2 446 737
1 47 138
2 224 546
3
2 150 944
1 267 755
2 334 436
2 445 448
2 555 584
2 23 309
1 94 601
1 61 740
2 443 904
1 460 851
2 176 511
1 339 891
3
2 0 624
1 917 924
1 32 856
2 308 909
1 137 813
3
2 650 833
3
1 549 716
2 497 568
3
1 386 542
3
2 155 603
2 503 637
3
2 547 657
1 62 298
2 165 622
3
2 90 882
2 817 878
2 44 584
3
1 333 582
1 623 864
1 241 691
1 107 299
1 364 393
1 100 361
1 211 517
2 414 995
3
1 461 905
1 582 689
1 219 424
2 29 657
1 56 58
2 653 991
2 92 743
3
2 412 985
3
3
2 402 918
3
1 763 836
1 560 586
2 227 935
1 197 663
1 813 968
2 634 710
3
2 32 856
3
2 54 212
3
1 202 832
1 108 800
1 158 750
3
3
1 216 435
1 634 635
1 405 799
1 641 975
2 111 589
3
2 366 679
1 650 681
2 399 930
2 26 344
3
1 35 932
2 50 152
1 45 231
2 337 853
3
2 71 230
2 266 276
2 40 187
1 60 308
2 295 758
1 225 885
1 192 928
2 215 831
3
3
3
1 266 985
3
3
2 300 357
2 60 761
3
3
3
3
3
3
2 490 835
2 151 256
2 405 976
2 404 885
1 618 776
2 532 997
2 203 873
1 77 796
1 376 714
1 110 193
2 192 408
2 143 166
1 143 197
1 271 506
1 229 485
3
2 721 775
3
1 729 795
2 47 707
1 122 584
2 287 611
3
1 336 588
3
2 486 895
3
1 410 692
2 27 604
1 204 549
2 622 659
2 219 424
2 251 526
1 156 843
1 126 312
1 901 909
1 371 652
1 717 960
1 438 569
1 65 973
3
2 184 667
1 535 827
2 526 993
2 286 607
2 99 375
2 162 266
1 200 706
2 70 797
1 321 501
1 629 823
2 162 609
2 244 683
1 460 600
1 132 271
3
1 401 482
2 436 512
1 559 905
3
3
1 374 852
3
2 0 354
3
3
1 429 876
2 267 492
1 12 406
1 304 744
3
2 290 471
3
3
2 409 715
3
3
2 99 175
1 660 763
3
1 395 656
3
2 51 79
1 37 727
3
1 527 539
3
1 124 587
1 177 949
3
1 163 271
1 173 407
2 330 497
1 211 928
2 418 863
3
2 288 870
2 278 526
2 258 707
2 121 443
2 162 602
1 423 850
2 426 908
3
3
2 259 798
1 508 961
2 176 775
3
1 492 518
1 530 768
2 88 864
2 419 875
1 151 401
2 444 553
3
2 600 877
1 319 798
1 96 827
1 239 551
2 360 423
1 406 959
2 569 632
2 383 956
3
1 423 684
1 62 75
1 92 172
2 617 818
3
1 256 607
3
1 232 414
2 195 494
2 570 713
1 369 864
3
1 375 590
3
3
2 887 981
3
3
1 282 415
3
2 798 883
1 740 756
1 399 511
2 215 434
2 64 875
1 756 939
3
1 29 658
2 96 827
2 582 689
3
2 756 939
2 282 415
3
3
2 290 825
2 49 392
3
3
3
3
3
2 255 427
2 64 931
3
2 211 858
1 525 920
2 116 970
2 129 900
1 510 992
2 439 591
2 126 550
2 10 76
3
1 165 945
1 598 741
1 51 657
2 403 625
1 341 622
3
1 34 282
1 172 262
2 141 240
2 672 678
1 110 816
3
3
2 432 574
1 576 920
1 390 699
1 39 688
1 508 669
2 279 858
3
1 146 743
2 117 716
1 33 140
2 319 798
3
2 784 985
1 604 662
2 75 429
1 162 663
3
3
2 631 639
1 113 695
2 6 563
3
1 365 549
2 297 757
1 622 722
1 803 994
3
2 94 258
3
1 422 678
2 727 743
1 305 545
2 275 436
2 7 361
2 403 533
3
3
1 106 451
1 658 785
3
2 295 328
3
2 235 491
3
2 366 912
3
3
3
2 560 753
3
1 820 977
3
2 537 940
3
3
2 387 879
3
1 136 191
2 399 511
2 623 864
3
3
1 210 418
1 351 994
3
1 522 906
2 925 983
3
2 177 949
2 163 442
1 65 911
1 279 469
2 384 642
3
1 215 687
3
1 265 371
3
1 222 802
2 196 883
1 489 533
1 190 416
1 373 596
3
1 200 781
2 68 948
2 665 939
2 105 489
2 224 295
3
3
2 37 598
1 61 847
3
1 101 981
1 337 539
1 102 288
1 773 829
1 191 250
3
