1206
1206
1199
1199
1198
1195
1195
1195
1195
1204
1203
1203
1203
1203
1203
1203
1204
1204
1209
1209
1209
1208
1204
1205
1205
1205
1209
1209
1209
1210
1207
1203
1201
1201
1201
1202
1206
1206
1204
1206
1206
1202
1202
1202
1200
1200
1199
1189
1189
1189
1189
1189
1189
1187
1187
1185
1185
1187
1187
1187
1186
1186
1186
1186
1186
1187
1188
1188
1188
1188
1188
1189
1190
1192
1194
1194
1195
1194
1190
1190
1191
1191
1189
1187
1187
1189
1189
1190
1191
1190
1190
1190
1189
1189
1189
1189
1194
1195
1193
1193
1193
1190
1190
1190
1186
1184
1184
1184
1182
1184
1182
1182
1185
1187
1186
1186
1188
1188
1185
1185
1185
1186
1186
1187
1189
1186
1186
1187
1190
1190
1190
1191
1191
1191
1193
1193
1192
1192
1190
1191
1189
1189
1189
1189
1190
1190
1194
1194
1194
1193
1193
1193
1195
1195
1195
1194
1196
1196
1196
1198
1194
1194
1194
1192
1193
1193
1194
1194
1194
1194
1194
1193
1194
1196
1195
1200
1200
1200
1200
1200
1199
1195
1194
1196
1197
1197
1200
1200
1200
1197
1197
1195
1195
1196
1191
1190
1190
1192
1195
1195
1200
1200
1200
1200
1200
1199
1203
1203
1196
1196
1200
1197
1197
1196
1199
1197
1200
1199
1200
1201
1202
1203
1203
1201
1201
1201
1200
1197
1198
1197
1195
1194
1195
1192
1192
1192
1190
1193
1190
1191
1192
1192
1194
1196
1194
1196
1195
1196
1196
1196
1192
1192
1192
1190
1190
1190
1190
1190
1192
1192
1192
1192
1192
1194
1195
1196
1191
1191
1194
1194
1197
1194
1196
1194
1201
1199
1198
1197
1197
1197
1191
1191
1193
1193
1193
1193
1187
1188
1188
1188
1188
1188
1188
1184
1184
1184
1184
1186
1186
1188
1188
1191
1189
1195
1196
1196
1196
1196
1190
1190
1191
1191
1191
1192
1194
1194
1194
1194
1194
1193
1193
1194
1194
1194
1191
1190
1190
1190
1190
1191
1193
1187
1186
1189
1193
1193
1193
1193
