1000 1000
557 963
55 929
255 258
401 901
465 847
786 832
520 616
25 589
481 502
66 199
520 752
513 562
552 664
579 803
266 784
168 744
680 956
593 673
265 824
639 870
184 527
490 768
883 949
639 656
521 792
172 458
241 477
448 805
495 838
347 860
240 744
170 297
895 942
797 812
145 934
322 408
301 997
420 721
99 784
436 464
163 692
542 800
783 898
544 996
462 913
103 206
76 111
691 983
218 856
111 205
344 664
295 475
46 84
26 715
393 587
120 798
82 921
471 588
50 792
136 294
24 637
894 921
172 397
65 845
77 350
772 847
455 623
137 782
525 786
235 270
76 125
225 707
126 980
497 884
409 837
163 954
9 119
20 842
106 195
514 572
520 649
12 467
124 836
44 789
833 926
32 891
597 742
424 622
14 153
98 473
173 634
235 774
304 655
87 330
165 392
640 699
448 580
277 595
232 360
45 777
65 220
312 752
166 771
283 355
271 320
220 449
70 278
276 590
185 626
416 713
227 838
168 492
428 638
689 884
566 661
294 331
365 651
34 160
157 614
567 793
459 489
298 731
429 945
798 928
190 541
215 406
414 524
404 439
184 550
488 718
647 860
75 461
351 711
192 697
157 749
719 955
276 666
3 622
559 788
665 702
209 303
496 766
409 486
282 971
453 913
83 593
697 702
380 511
65 232
177 427
43 804
15 407
760 892
217 288
561 805
662 935
432 673
875 953
682 703
191 229
189 701
0 710
372 532
253 759
114 750
236 631
192 766
32 670
206 520
31 295
399 831
274 765
702 769
614 799
715 869
105 158
799 995
411 442
89 797
591 673
369 827
614 666
733 870
368 660
773 873
465 701
627 878
442 452
200 769
39 372
269 605
348 379
911 969
42 535
147 981
636 901
562 947
286 298
121 212
551 767
590 868
151 565
751 835
717 764
968 984
161 557
547 694
29 982
292 438
661 955
259 763
401 878
120 490
176 846
412 622
695 942
353 792
125 353
154 932
125 252
326 597
364 457
66 411
87 541
161 751
296 861
46 75
184 880
359 557
373 650
269 903
20 852
435 715
143 390
234 493
428 849
382 981
289 800
848 893
530 999
29 359
310 656
64 609
55 496
388 621
502 527
497 553
292 580
496 639
132 420
478 831
105 141
313 919
62 924
174 981
647 885
664 779
136 500
575 654
760 778
386 762
974 985
4 346
191 861
801 845
711 881
774 977
745 899
162 174
286 777
66 898
148 558
628 971
268 457
587 691
162 192
461 479
114 565
299 410
133 368
706 981
70 279
79 727
4 57
308 433
301 707
283 439
376 444
131 292
388 488
725 989
189 281
414 745
425 673
217 681
639 971
66 996
431 846
675 927
360 867
275 740
160 646
330 906
243 745
296 612
39 368
459 937
721 749
2 701
127 939
89 376
411 552
493 892
380 430
76 717
540 970
253 889
208 912
798 989
106 742
419 434
589 777
138 791
443 816
199 684
38 416
481 750
59 622
443 494
380 896
738 939
457 525
510 850
167 632
253 929
96 985
352 715
327 579
380 608
517 919
391 781
159 673
325 412
116 608
3 42
18 120
206 768
439 530
552 671
49 473
350 968
436 650
316 817
220 823
350 365
255 276
85 885
59 922
319 776
213 558
118 952
806 878
43 928
156 453
246 325
614 868
283 583
297 654
662 903
491 645
57 501
532 697
420 960
604 611
291 703
487 704
388 695
172 632
133 704
675 819
46 558
439 743
237 814
207 285
269 356
433 960
506 988
744 796
314 968
745 917
890 983
428 875
347 546
154 341
585 723
106 846
355 837
315 908
940 997
567 696
231 841
30 209
370 497
712 792
245 649
794 911
27 953
332 591
84 934
212 603
249 805
642 771
273 665
274 795
176 483
112 118
106 643
159 634
284 888
2 885
349 920
37 843
321 867
444 713
7 694
760 973
45 856
466 477
425 862
169 181
455 802
214 987
276 569
141 252
324 349
59 905
129 808
30 806
106 367
259 320
826 922
606 847
237 555
71 751
17 529
561 763
199 988
546 783
510 861
894 974
320 915
98 539
253 989
117 616
426 792
249 852
115 382
690 977
211 502
508 966
51 677
228 379
235 528
42 731
221 520
578 993
805 933
244 407
550 833
754 889
393 902
36 895
404 468
269 936
580 770
810 968
175 621
303 471
556 939
640 654
115 352
264 784
205 311
86 399
122 342
125 167
401 785
255 680
577 780
333 887
155 851
8 813
546 601
357 725
324 996
147 153
103 575
1 64
56 844
97 706
130 268
166 212
410 494
58 580
226 908
74 358
856 941
249 310
105 718
50 441
733 855
520 893
23 175
15 848
398 618
7 623
292 613
617 675
114 217
713 897
449 707
245 681
637 922
464 611
10 943
46 82
31 303
161 403
445 732
64 544
202 623
156 698
339 660
681 835
879 908
198 373
62 864
763 1000
385 973
829 848
137 725
159 506
653 742
465 886
9 345
155 420
131 859
173 988
176 875
346 517
258 605
790 810
705 788
296 564
356 517
89 259
16 312
35 652
13 281
644 962
184 422
626 944
152 983
85 629
161 363
210 805
165 315
39 587
112 384
697 744
329 400
110 904
55 543
338 735
523 666
878 908
190 642
340 741
606 632
6 409
326 610
395 504
23 822
729 895
91 309
61 934
40 644
116 673
325 492
501 827
198 569
556 958
233 381
370 595
187 341
543 994
371 446
360 749
93 385
52 126
101 382
460 749
507 906
340 765
152 616
223 420
57 278
489 814
118 658
258 972
125 778
249 254
215 847
479 723
323 793
208 322
188 696
148 487
160 427
276 838
384 436
101 294
562 642
710 834
8 384
867 976
253 933
454 612
325 587
346 866
408 463
238 919
544 721
542 589
602 874
55 607
5 191
605 730
471 646
521 950
64 914
854 974
569 681
470 922
609 646
18 89
446 624
461 808
265 523
72 302
122 977
108 419
240 761
105 351
42 728
107 373
209 657
840 938
234 900
353 498
218 536
130 148
371 878
654 908
96 153
65 741
374 599
423 782
840 898
561 789
642 874
9 662
102 985
213 528
67 221
667 945
200 842
558 599
54 108
567 851
356 976
330 498
320 852
405 675
402 846
172 251
199 403
0 315
401 655
107 897
607 870
725 827
372 529
90 271
463 863
722 966
757 982
472 484
592 865
185 509
130 432
361 869
347 371
243 296
212 665
428 907
333 506
31 74
173 753
72 627
163 228
286 476
43 971
585 801
204 461
420 565
311 690
543 777
801 891
32 808
161 822
451 459
844 929
78 137
324 647
600 856
333 464
332 590
367 512
153 611
494 624
154 431
72 645
126 713
305 895
26 686
325 457
172 959
675 966
163 717
55 742
86 603
765 818
985 995
299 649
619 640
281 662
537 629
102 134
159 573
273 768
0 806
143 154
140 728
374 546
402 565
248 819
574 793
258 340
666 978
14 239
215 624
153 827
533 729
154 806
186 874
24 309
89 710
299 533
494 692
5 839
133 950
382 951
674 984
4 197
732 804
233 457
66 308
163 459
330 409
26 207
412 717
289 638
463 863
501 567
656 931
273 539
39 283
322 738
26 375
123 909
862 883
474 538
481 561
57 860
307 458
546 917
400 698
815 910
378 863
127 190
271 771
326 883
19 843
93 171
139 410
248 508
412 690
207 588
425 562
133 339
97 898
420 996
158 258
248 343
374 714
817 912
317 392
33 234
79 687
184 240
786 970
906 995
17 279
155 163
113 495
198 434
10 508
246 880
436 934
378 452
123 641
151 532
504 556
149 716
252 751
178 514
776 897
313 521
484 826
395 867
206 708
695 990
293 921
409 809
525 668
84 662
697 724
266 407
205 971
460 695
587 946
402 852
777 993
437 990
211 717
73 673
353 775
48 637
248 897
336 905
782 990
228 550
458 600
134 533
446 707
772 782
171 407
466 641
780 940
39 563
308 899
675 976
42 664
241 481
907 934
280 981
219 529
261 529
662 733
314 808
123 555
485 985
271 678
819 906
30 579
853 991
860 903
211 821
89 313
371 888
122 292
135 710
235 797
516 930
738 966
198 647
437 522
265 837
32 492
947 969
45 100
194 793
313 522
96 193
286 431
350 988
524 932
237 941
705 968
216 348
170 873
418 491
524 801
266 712
483 509
168 679
296 563
131 460
373 907
43 565
278 935
608 661
595 730
482 657
294 649
156 737
190 900
13 596
14 946
650 665
177 231
234 924
407 988
50 157
107 878
95 524
194 929
314 763
53 314
145 368
464 792
165 583
85 968
8 730
251 436
355 758
96 141
2 872
199 607
301 911
36 603
153 345
24 811
274 390
181 513
87 220
30 161
282 597
371 730
370 974
387 943
208 546
175 774
691 976
529 983
271 358
42 399
450 907
742 995
738 894
285 461
883 895
502 747
272 390
243 438
171 439
15 179
195 365
41 313
513 902
320 509
30 597
251 964
515 634
483 577
667 930
478 595
16 732
69 827
344 426
259 391
179 637
328 750
348 912
177 348
871 898
271 279
521 539
22 253
1000
3
1 201 505
1 505 720
2 323 793
3
2 359 557
2 272 390
2 292 613
2 166 771
2 614 666
3
1 6 237
3
2 97 706
3
1 80 555
2 445 732
2 705 968
2 320 852
3
2 419 434
2 745 899
3
3
3
1 246 524
2 241 481
1 269 469
1 235 467
2 190 642
2 178 514
1 525 528
1 56 937
1 28 596
1 115 449
1 787 824
3
1 716 854
3
3
3
3
2 253 989
1 524 682
1 129 164
1 28 890
2 711 881
1 358 780
3
3
2 437 522
1 99 580
2 428 875
1 380 665
1 217 949
2 754 889
3
3
1 40 444
2 46 82
1 517 549
1 14 879
1 418 808
3
3
3
1 102 234
2 574 793
3
2 137 782
1 281 963
2 79 727
2 286 298
2 561 805
3
1 46 771
2 235 797
1 47 302
2 530 999
3
3
3
1 495 800
1 11 792
3
3
1 151 693
2 10 943
3
1 339 648
1 652 709
1 645 957
2 606 632
2 4 57
3
2 181 513
2 42 731
2 387 943
1 796 848
3
2 8 813
2 245 681
2 1 64
3
2 160 646
3
3
3
1 438 994
3
1 379 860
1 43 158
2 883 949
1 5 935
3
1 149 202
3
2 301 997
3
1 147 611
1 67 810
2 66 898
3
3
1 756 825
2 556 958
2 184 880
2 515 634
3
3
3
2 424 622
3
3
1 233 863
1 841 851
1 331 364
2 248 897
3
1 665 697
2 49 473
1 579 775
2 79 687
2 773 873
2 14 879
2 23 822
2 338 735
3
1 581 708
2 426 792
3
2 50 157
2 115 382
3
3
3
3
2 420 721
3
3
2 510 861
3
1 7 65
3
1 101 773
3
3
3
2 111 205
2 402 852
1 165 176
3
2 23 175
1 707 883
3
3
1 564 806
2 801 891
3
3
1 902 937
1 147 554
2 325 457
3
2 285 461
1 672 983
3
3
3
2 664 779
3
3
1 700 881
3
1 408 422
2 645 957
3
1 456 978
1 291 671
2 280 981
3
2 380 430
1 586 615
1 283 994
2 77 350
3
3
1 254 950
3
2 316 817
1 591 661
2 64 609
3
2 156 698
1 350 565
1 788 806
1 159 261
2 702 769
2 491 645
2 339 660
2 134 533
2 506 988
3
3
1 34 242
3
3
2 433 960
2 269 469
2 557 963
3
2 163 692
2 126 980
1 267 671
3
3
1 49 996
3
3
1 154 195
3
1 451 924
2 40 644
3
2 371 888
1 770 796
1 133 848
1 408 652
1 593 980
2 513 562
2 5 839
2 199 988
1 281 530
2 667 930
2 454 612
1 531 616
3
1 42 246
3
3
2 169 181
2 42 246
2 0 315
2 160 427
3
3
3
3
1 334 518
2 99 784
2 155 420
1 417 502
2 587 691
1 122 769
2 147 153
3
1 515 631
3
2 293 921
3
3
3
2 234 924
2 547 694
3
1 174 189
3
3
2 395 867
2 148 558
2 333 464
3
2 132 420
2 214 987
3
3
3
2 40 444
2 833 926
2 84 662
3
1 152 506
3
2 281 963
3
3
1 193 920
1 200 928
1 531 678
2 327 579
3
1 711 893
1 407 800
1 477 995
1 114 273
2 505 720
2 174 981
1 179 636
1 451 471
1 343 745
3
2 393 902
1 363 782
3
3
1 152 498
3
3
2 20 852
1 162 288
2 478 831
1 188 190
3
3
1 194 556
2 238 919
3
2 266 712
1 90 924
3
1 458 468
3
1 688 927
3
1 105 233
1 683 803
2 198 434
1 585 944
1 100 692
3
2 336 905
1 419 469
2 157 614
2 281 662
3
3
1 203 212
3
2 83 593
1 79 948
1 136 776
1 978 984
3
3
3
1 105 588
2 200 928
1 560 574
3
3
3
1 368 951
1 146 290
1 33 35
3
3
2 30 579
3
2 815 910
1 464 858
2 393 587
1 40 1000
1 136 140
2 161 822
1 275 697
3
2 191 861
2 502 747
3
1 431 687
3
1 533 695
2 59 905
1 655 959
2 284 888
2 556 939
1 659 825
3
3
3
3
1 288 656
3
2 171 439
1 497 529
3
2 517 919
1 96 589
1 172 993
1 502 960
3
3
2 844 929
3
1 655 964
1 207 566
1 77 886
2 585 944
2 237 555
2 248 343
2 324 647
2 875 953
1 187 356
3
3
2 208 322
1 617 902
1 510 545
2 99 580
3
2 437 990
1 18 788
1 156 686
3
3
3
1 240 331
2 86 603
3
1 572 752
1 161 491
3
1 284 496
2 16 732
3
3
1 249 887
3
2 143 390
2 856 941
1 122 803
2 401 785
1 532 973
2 106 195
2 152 616
3
3
3
2 231 841
1 832 844
1 745 972
2 56 844
3
1 413 415
2 455 802
1 439 842
2 742 995
1 323 519
2 606 847
1 580 703
2 853 991
3
1 176 460
3
2 580 770
3
3
3
2 776 897
3
2 156 453
3
1 160 248
1 927 988
1 322 822
2 456 978
3
1 760 819
3
1 92 861
3
2 39 283
2 772 782
3
1 277 894
1 315 926
1 478 577
3
3
3
3
3
1 34 510
1 629 988
2 409 486
3
2 725 827
2 465 701
2 428 849
3
2 408 463
2 96 141
3
1 77 709
2 121 212
1 213 302
1 548 563
2 70 278
3
2 940 997
2 751 835
2 572 752
1 313 470
1 430 738
3
3
1 122 572
1 145 311
3
3
2 458 600
3
2 495 800
2 296 563
3
3
2 122 769
3
3
1 86 449
3
2 439 530
2 56 937
1 635 656
2 116 608
3
2 255 680
3
3
1 256 738
1 213 437
3
2 496 639
2 89 797
1 453 806
2 223 420
1 392 572
3
3
1 96 748
1 507 511
1 215 763
3
3
3
3
3
2 145 368
3
1 217 696
1 846 991
1 76 574
3
1 467 748
2 386 762
2 525 786
1 64 100
3
2 32 808
2 414 524
2 33 35
1 68 324
1 178 364
2 159 573
2 4 197
2 62 864
3
3
2 15 848
1 118 152
1 237 976
1 347 763
2 517 549
1 484 929
1 370 379
2 136 500
1 367 471
3
2 817 912
2 266 784
3
2 64 544
2 700 881
1 524 726
1 280 405
2 235 467
2 459 489
2 207 285
1 388 652
2 126 713
1 106 456
3
2 185 626
3
1 116 592
1 269 943
1 54 84
2 320 915
2 13 596
2 161 363
1 509 548
1 40 111
1 350 734
3
2 194 556
3
1 48 801
1 254 524
3
2 271 678
1 18 452
3
1 813 941
1 610 896
2 31 74
2 533 729
2 502 527
3
1 342 847
3
2 798 989
2 405 675
1 171 791
3
2 232 360
1 178 286
3
3
2 98 539
2 532 697
3
3
3
2 17 529
1 379 966
3
2 546 917
2 474 538
2 840 938
3
1 253 586
1 745 810
3
1 15 51
1 896 949
1 158 691
2 185 509
1 416 577
2 744 796
2 240 761
1 521 613
3
1 561 680
2 65 741
3
1 58 252
2 418 808
3
1 12 63
1 85 625
2 87 541
3
2 524 801
2 333 887
3
3
1 604 942
1 367 917
1 851 976
1 476 552
2 308 433
2 355 758
3
2 194 929
3
2 738 894
1 294 621
2 131 460
3
2 206 520
2 176 483
2 77 886
2 629 988
2 251 436
2 133 339
3
1 306 585
1 423 478
2 275 740
1 292 492
3
1 16 928
2 813 941
3
3
1 160 774
3
2 349 920
1 128 749
2 501 567
1 277 662
3
2 235 528
3
1 107 844
3
2 43 928
2 259 320
1 276 836
2 378 452
1 44 290
1 506 895
1 153 263
1 594 799
2 245 649
3
1 106 712
3
1 72 113
1 61 417
1 392 415
3
3
1 126 441
1 303 362
2 55 496
2 207 588
3
2 662 935
1 426 994
3
3
2 340 741
1 43 613
2 593 980
2 149 716
3
3
3
3
1 102 297
2 477 995
3
1 235 450
1 355 891
3
3
3
2 32 670
1 130 572
1 128 960
2 106 712
2 72 302
1 229 480
3
3
2 546 601
1 283 921
3
1 422 868
3
1 254 349
3
2 46 84
2 299 649
2 350 734
3
3
1 626 899
1 347 687
3
2 255 276
3
1 537 626
1 172 857
1 647 743
3
2 510 850
2 199 684
3
1 38 407
2 16 312
1 272 606
2 890 983
2 520 649
3
2 79 948
1 668 707
1 5 28
2 654 908
3
1 667 725
2 201 505
1 132 914
2 57 501
1 552 933
1 246 968
1 204 664
1 481 817
1 489 786
1 134 272
2 485 985
1 278 875
1 280 436
2 105 233
3
1 79 518
2 161 751
1 30 408
2 388 652
3
2 561 763
3
2 515 631
3
3
3
2 412 717
2 204 664
2 133 704
3
3
1 177 895
2 317 392
1 492 824
3
1 366 599
2 276 590
3
2 418 491
1 484 941
3
3
2 482 657
2 626 944
2 772 847
2 161 557
3
2 520 616
1 32 908
1 933 986
3
3
3
2 725 989
3
2 46 75
2 70 279
1 192 934
2 199 403
1 94 236
3
1 669 790
1 506 783
3
2 107 844
2 130 432
2 24 637
3
3
1 230 887
2 428 907
3
3
2 413 415
2 695 990
2 521 539
1 318 487
1 140 383
1 554 776
1 12 708
3
3
1 96 899
1 673 748
3
2 524 932
3
2 509 548
1 347 715
2 89 259
3
2 42 728
3
1 828 910
1 368 510
1 258 345
1 106 874
3
1 430 442
3
3
2 192 697
1 282 363
1 750 950
1 318 536
2 544 996
3
3
2 96 589
2 36 603
2 233 381
2 324 349
3
3
1 124 207
1 399 642
3
1 208 669
2 392 415
3
3
1 459 929
2 797 812
1 430 719
3
1 245 847
3
3
3
3
2 662 903
2 320 509
1 345 671
3
2 665 702
1 937 992
2 497 553
1 518 639
2 342 847
1 363 875
1 379 559
3
3
1 111 508
3
3
3
2 50 792
2 76 111
2 9 662
1 154 721
3
1 554 985
2 184 550
3
3
3
3
2 48 637
1 527 902
1 496 831
1 318 624
1 546 802
3
1 29 711
3
2 48 801
2 432 673
2 380 511
3
2 713 897
1 535 891
2 655 964
2 438 994
3
1 361 819
1 91 497
2 978 984
1 585 729
3
1 750 970
1 684 710
1 291 397
1 210 981
3
3
3
3
1 321 775
