1150
1150
1153
1151
1151
1153
1159
1157
1158
1158
1157
1153
1153
1152
1151
1151
1153
1153
1153
1152
1152
1153
1153
1153
1154
1152
1155
1155
1154
1154
1155
1155
1155
1155
1152
1153
1153
1153
1152
1151
1151
1151
1151
1150
1150
1145
1145
1146
1148
1150
1146
1150
1149
1149
1151
1151
1151
1150
1150
1151
1151
1150
1151
1151
1146
1146
1141
1141
1141
1141
1141
1140
1140
1147
1147
1145
1142
1144
1146
1145
1145
1145
1145
1147
1147
1147
1145
1146
1146
1146
1146
1145
1149
1151
1152
1152
1152
1147
1147
1144
1145
1144
1146
1146
1146
1146
1146
1146
1146
1148
1148
1148
1148
1145
1142
1141
1141
1143
1142
1144
1144
1146
1144
1146
1147
1147
1147
1144
1144
1145
1145
1145
1147
1149
1151
1151
1151
1152
1147
1147
1144
1143
1143
1143
1143
1141
1141
1141
1141
1141
1142
1142
1142
1142
1141
1141
1141
1146
1146
1149
1149
1150
1151
1151
1151
1150
1150
1149
1150
1149
1149
1148
1149
1153
1153
1153
1153
1153
1155
1156
1155
1153
1155
1155
1155
1155
1155
1153
1153
1152
1147
1150
1151
1151
1146
1148
1148
1148
1150
1146
1146
1146
1148
1148
1142
1144
1147
1145
1146
1146
1146
1149
1142
1142
1143
1141
1141
1142
1142
1142
1142
1142
1143
1144
1145
1146
1146
1148
1148
1152
1151
1152
1152
1152
1152
1152
1154
1156
1157
1157
1155
1155
1153
1151
1151
1151
1161
1161
1161
1163
1163
1162
1162
1162
1159
1165
1167
1168
1165
1165
1164
1166
1163
1163
1163
1163
1163
1164
1163
1163
1163
1162
1164
1164
1164
1165
1169
1168
1169
1169
1168
1168
1168
1166
1166
1166
1166
1166
1163
1165
1162
1162
1159
1159
1155
1155
1155
1157
1153
1156
1157
1157
1154
1154
1156
1156
1156
1156
1157
1159
1159
1158
1158
1158
1156
1160
1161
1158
1155
1156
1159
1158
1158
1158
1158
1160
1162
1162
1160
1160
