1000 1000
806 983
110 610
226 318
577 593
620 733
42 784
249 707
244 506
415 936
247 789
298 692
22 945
520 761
663 801
579 654
161 247
112 544
677 898
340 554
276 878
477 937
60 649
71 737
882 980
139 746
285 509
0 528
404 684
116 620
906 960
360 753
86 506
118 307
217 301
471 725
108 252
12 813
595 852
70 261
116 945
542 813
366 426
159 729
707 938
281 662
219 440
579 876
81 892
69 964
245 629
636 915
796 858
153 162
613 690
557 719
207 667
278 647
236 912
432 807
796 854
117 126
524 614
644 791
200 690
72 568
24 157
163 366
591 979
6 909
4 434
69 335
213 337
249 486
678 681
86 855
177 780
506 645
694 778
92 114
198 246
913 972
6 697
433 482
599 941
277 380
75 232
237 317
242 742
652 691
330 469
155 558
192 959
231 810
434 971
453 699
133 144
73 615
101 225
460 653
308 961
240 494
335 656
250 981
47 449
38 912
46 688
509 526
473 991
211 278
88 288
537 975
595 795
536 562
335 558
270 449
222 295
486 796
382 987
78 101
211 716
315 496
78 454
670 958
234 948
218 646
271 539
557 914
243 761
501 549
180 255
486 878
704 883
88 140
486 899
484 824
26 795
15 648
32 929
358 542
425 875
124 329
256 650
202 674
256 297
351 594
194 340
1 989
792 839
305 419
37 331
453 816
133 883
45 860
7 204
19 559
6 457
282 584
218 638
208 591
138 202
197 530
491 645
353 399
81 618
32 100
255 648
397 967
126 558
610 616
49 484
703 759
594 647
470 918
3 706
323 551
199 703
184 243
622 987
75 373
215 868
262 619
56 323
545 808
691 945
92 261
194 778
344 713
235 415
212 809
300 420
313 377
356 530
462 607
52 900
144 462
456 603
175 894
392 845
280 357
104 619
445 514
6 597
242 705
708 845
304 763
271 715
459 631
541 560
434 908
514 756
596 783
137 753
131 701
462 697
517 875
4 13
446 613
623 977
307 392
353 989
191 331
342 981
147 765
336 578
436 441
372 861
577 820
385 958
131 422
138 148
380 717
120 566
67 283
875 888
613 948
415 444
369 717
13 180
465 467
485 689
6 126
163 577
317 970
116 406
333 612
159 534
161 391
791 882
909 962
504 669
615 943
724 930
537 816
225 726
629 681
266 966
868 956
119 799
792 872
499 905
259 284
243 255
416 790
450 888
199 400
145 373
146 448
379 844
201 281
561 730
112 447
631 635
224 811
255 814
55 391
312 788
139 449
61 120
87 819
282 913
61 184
161 195
84 824
132 418
256 802
573 680
161 718
869 995
196 889
226 697
173 831
550 726
570 660
90 924
637 936
585 856
131 246
825 840
591 846
203 497
70 882
414 449
664 829
505 997
214 726
104 152
468 596
749 932
339 732
136 847
245 417
439 704
114 547
201 564
450 705
850 959
186 395
594 676
566 580
233 697
477 958
430 677
11 975
26 683
107 573
733 889
388 507
8 922
85 977
751 841
75 223
453 495
131 254
79 789
737 963
464 973
148 740
448 533
79 83
611 852
40 534
744 963
573 984
100 744
294 720
422 898
641 996
656 725
253 429
697 752
531 891
425 558
671 740
160 964
114 495
382 474
30 197
535 799
174 532
81 747
7 798
279 697
653 675
8 414
173 781
816 828
571 723
536 782
211 938
33 338
26 29
36 339
782 817
91 694
157 552
395 537
755 999
450 460
470 754
580 641
143 426
716 969
826 915
330 795
330 971
366 539
650 945
888 933
646 691
261 916
467 820
253 756
958 1000
674 769
406 931
509 605
93 882
698 915
123 648
403 582
354 690
47 221
507 708
178 384
557 893
120 880
334 769
242 435
249 663
559 750
395 611
388 986
667 920
378 418
643 787
136 180
166 307
372 450
43 437
9 268
810 847
590 824
173 929
49 927
135 922
409 949
347 368
142 553
445 719
156 372
75 509
418 564
778 868
496 567
261 731
346 900
681 694
756 862
242 826
77 603
551 633
128 654
556 698
425 647
688 846
705 979
578 686
16 383
604 917
779 994
166 928
187 387
678 828
165 216
87 992
713 831
221 265
476 633
477 867
16 463
387 858
568 614
31 81
99 971
236 326
517 727
186 200
405 647
646 839
147 259
733 765
17 981
17 97
580 925
7 104
389 552
4 143
156 578
288 405
296 427
122 855
116 619
532 818
140 302
355 491
260 323
399 979
132 167
849 980
149 392
45 569
365 916
377 494
56 814
438 611
179 388
470 576
111 355
387 812
96 965
47 718
298 306
57 721
63 295
780 842
460 746
523 880
55 397
764 870
154 865
39 270
198 451
393 786
453 758
393 710
104 447
537 579
419 598
31 825
59 197
374 912
60 979
642 821
413 688
337 978
20 219
223 614
452 542
522 812
144 954
192 695
604 979
221 331
497 547
269 343
445 595
267 449
525 793
112 512
477 920
93 166
212 549
242 835
404 797
737 814
432 721
344 788
352 630
105 738
73 421
546 989
323 715
826 974
385 914
121 656
148 879
401 432
777 898
109 854
296 415
448 544
97 148
321 463
521 698
806 887
43 115
299 501
238 525
141 903
159 944
158 794
286 873
15 191
129 872
719 953
747 864
514 676
603 981
584 978
684 819
713 788
653 1000
146 742
204 939
829 873
384 938
303 895
151 668
45 620
702 841
239 484
113 892
676 862
306 440
725 901
511 522
184 612
197 678
586 861
884 933
483 643
90 568
427 510
251 602
760 891
384 573
119 558
818 837
165 530
265 833
456 826
737 890
53 892
53 569
361 931
318 796
198 374
17 504
158 718
170 195
189 559
25 494
513 764
358 681
363 709
331 581
171 653
670 940
10 978
128 849
388 579
738 806
586 832
104 631
239 862
236 399
22 108
425 880
195 208
211 946
0 369
109 473
552 748
375 401
496 846
916 941
42 327
425 989
302 304
288 364
270 495
90 911
457 863
891 990
476 764
627 639
364 668
66 591
45 82
414 766
280 775
188 500
643 759
1 784
306 462
723 747
326 548
34 346
487 604
303 832
192 212
64 110
16 373
596 656
221 891
897 975
92 577
320 494
476 853
93 296
401 967
174 282
239 600
59 404
655 935
158 278
173 745
101 482
108 925
482 674
312 432
519 873
163 569
456 474
200 654
170 435
468 612
54 642
496 994
887 992
201 205
273 975
154 877
519 664
9 338
643 648
393 757
165 803
117 435
270 503
374 484
442 459
511 654
122 877
490 634
16 518
194 204
336 714
544 670
797 993
94 270
273 592
216 514
489 862
120 490
375 407
127 956
547 800
61 221
464 683
3 96
134 454
416 899
670 716
277 838
83 752
3 721
476 681
15 791
550 814
280 779
353 373
435 818
175 504
202 626
407 503
172 542
480 768
402 454
603 743
275 892
408 815
128 714
338 581
98 726
138 533
2 697
333 359
475 993
358 693
549 585
64 720
223 800
653 694
257 906
87 751
209 561
352 874
246 760
83 790
115 597
456 873
72 376
236 789
366 764
254 478
509 584
252 637
258 625
87 229
121 275
262 484
91 649
512 971
684 717
580 668
564 603
8 649
85 1000
757 815
693 969
481 619
539 696
293 578
103 229
269 614
145 571
83 402
203 360
347 615
299 384
583 911
329 875
195 934
160 929
832 837
381 780
123 263
165 243
169 444
719 782
832 898
114 433
523 955
43 447
35 805
209 922
251 880
751 769
245 993
408 922
95 127
110 773
521 639
130 993
83 877
50 330
750 752
460 556
32 117
752 942
703 837
664 705
170 460
242 680
15 219
344 866
702 863
113 665
231 292
292 984
522 825
565 900
223 298
11 135
665 938
52 157
391 656
6 152
412 716
398 405
680 989
618 679
497 801
821 828
865 996
382 895
157 711
475 890
577 930
61 368
545 591
262 477
180 516
126 307
183 1000
299 407
169 324
715 723
132 258
25 733
348 786
22 462
351 452
173 451
398 965
382 559
328 787
294 733
827 852
197 638
653 817
65 663
577 788
300 766
283 885
93 812
450 707
733 780
50 319
713 840
85 213
440 716
110 199
100 637
133 385
461 743
446 990
382 886
400 458
567 853
27 133
449 690
701 829
725 847
144 398
346 894
310 601
202 479
476 489
257 493
393 841
29 750
80 287
463 920
676 860
249 595
584 983
374 942
172 738
325 778
119 169
676 835
584 779
568 989
22 189
20 942
415 439
754 870
53 268
663 697
737 769
267 696
500 754
242 392
104 113
593 630
176 786
939 968
703 742
318 433
70 122
397 775
158 721
94 574
836 950
832 911
263 405
90 710
685 884
455 737
416 434
656 799
117 780
572 922
117 856
414 522
147 424
645 896
673 839
239 759
19 158
330 404
496 803
12 585
341 935
373 823
365 445
612 888
204 556
101 602
234 826
579 637
658 699
666 738
560 767
47 432
305 814
355 920
683 871
115 868
241 357
99 251
123 493
423 913
340 584
120 312
148 367
573 952
594 780
706 919
70 854
33 262
414 812
701 993
301 994
406 626
285 425
8 47
568 820
1000
1 15 874
2 161 195
3
3
1 786 903
2 684 819
1 276 303
2 55 391
2 192 959
1 312 440
1 501 762
1 67 681
1 125 951
3
2 208 591
2 27 133
1 211 350
2 159 534
3
3
1 126 954
3
1 252 966
2 916 941
2 46 688
2 537 816
2 299 501
1 255 350
1 130 479
1 260 718
1 673 821
2 365 445
2 127 956
2 378 418
1 97 776
2 663 801
1 53 889
3
2 81 747
1 8 859
1 619 710
2 476 681
3
1 567 726
3
3
2 26 683
1 398 463
2 7 204
3
1 26 840
2 163 569
2 520 761
2 224 811
3
3
2 104 631
2 897 975
1 810 939
2 213 337
3
1 825 845
2 377 494
1 130 425
2 257 493
3
3
1 298 591
1 277 940
2 353 989
3
3
3
1 41 469
2 517 875
3
3
1 636 800
3
2 157 552
1 797 938
3
3
1 81 451
1 582 679
3
2 450 705
2 571 723
3
1 503 992
1 131 784
3
3
2 81 618
3
3
1 189 384
3
2 132 418
1 234 381
3
3
3
2 622 987
1 574 912
2 249 663
1 544 817
3
1 734 771
1 54 124
3
3
3
2 468 596
2 416 899
2 33 262
1 293 447
2 777 898
1 251 945
3
2 171 653
3
1 120 691
2 113 892
3
3
3
2 500 754
1 399 726
2 737 890
1 87 423
3
1 651 676
3
2 26 840
2 148 879
2 580 668
3
3
1 199 607
1 25 319
1 465 649
2 373 823
2 361 931
2 536 782
3
1 266 881
3
2 298 306
1 409 967
2 674 769
3
2 573 984
2 557 893
2 180 255
2 832 898
1 428 454
2 85 1000
2 387 812
3
1 326 951
1 90 604
1 146 350
1 757 767
1 198 870
2 303 895
2 56 814
1 458 856
3
2 470 918
1 25 309
3
3
1 233 716
3
2 796 858
1 581 775
3
1 61 70
3
1 606 697
1 123 524
2 161 718
3
1 153 239
3
2 216 514
3
3
2 256 650
3
1 535 624
3
3
2 273 975
2 354 690
2 93 882
1 11 880
2 535 624
3
2 199 400
3
2 47 221
2 579 637
2 212 549
2 476 489
2 218 638
1 201 330
2 101 602
1 179 597
3
3
3
3
3
2 255 648
1 676 700
3
3
1 146 836
2 573 680
1 375 570
1 53 386
1 244 895
1 489 818
3
1 20 204
3
2 256 802
3
2 604 979
1 451 586
2 335 558
1 618 891
2 67 681
3
1 253 771
3
2 708 845
1 21 969
1 315 983
1 515 715
2 73 615
2 173 745
3
2 670 940
1 235 270
3
3
3
3
1 71 718
1 9 784
2 353 373
1 71 482
2 342 981
1 649 964
3
3
3
2 584 978
2 293 578
3
2 43 115
1 70 594
3
3
3
2 239 484
1 183 391
3
2 8 47
1 414 497
2 366 764
1 118 338
3
1 73 437
1 659 796
1 58 794
3
2 642 821
1 57 790
3
1 714 998
1 221 292
3
3
3
2 198 451
2 446 990
2 251 602
3
3
2 460 556
1 549 787
2 352 630
3
2 16 373
1 142 822
3
2 653 675
3
1 388 759
3
2 645 896
3
3
1 294 981
2 310 601
3
3
3
3
1 569 834
1 165 883
1 31 269
1 373 606
3
3
3
3
2 3 706
2 341 935
3
2 245 417
2 211 716
1 145 157
2 338 581
3
2 233 697
1 36 82
2 797 993
1 276 492
3
3
2 459 631
2 124 329
1 693 909
3
1 435 552
2 514 756
3
2 142 822
1 195 815
1 315 559
3
3
2 391 656
1 386 824
1 35 701
1 606 829
3
2 389 552
3
1 460 895
3
2 414 449
2 458 856
1 628 985
1 166 919
3
2 130 479
2 240 494
1 136 683
3
2 141 903
1 566 656
2 256 297
1 187 939
3
2 269 343
2 201 281
2 463 920
1 216 486
3
3
2 262 484
1 81 895
3
3
3
1 546 802
1 424 864
3
2 683 871
1 416 927
2 585 856
2 253 429
2 116 620
1 39 752
1 629 738
3
2 111 355
2 827 852
1 903 990
1 491 527
1 25 259
1 458 492
3
3
2 355 491
3
2 535 799
1 406 713
2 567 853
1 175 692
1 680 824
2 380 717
3
1 170 450
2 450 888
2 176 786
2 428 454
3
3
1 792 919
1 656 937
2 6 597
2 344 866
2 191 331
1 164 854
2 83 752
2 118 307
1 252 918
2 101 225
2 71 482
2 22 189
1 82 676
1 647 953
3
2 47 449
1 691 843
2 112 512
3
3
3
3
2 83 790
3
2 114 433
1 59 813
1 345 518
2 382 895
3
3
3
1 303 851
2 45 569
3
1 496 960
1 143 586
2 69 964
3
1 298 704
1 193 321
2 579 654
2 460 746
1 738 745
2 651 676
3
1 98 128
3
1 642 984
3
1 458 481
2 49 927
1 503 922
3
3
3
1 746 802
1 294 502
2 603 743
1 312 661
1 134 373
2 108 925
1 270 816
1 119 507
1 244 253
3
3
2 458 492
1 21 691
1 491 768
3
2 551 633
3
1 617 689
3
1 623 816
3
3
3
2 108 252
2 245 993
3
3
2 135 922
3
1 25 662
2 737 769
2 120 566
1 878 998
1 246 860
3
2 566 656
3
2 593 630
3
2 676 860
3
1 38 918
1 177 356
2 226 697
1 215 386
2 198 246
3
2 596 656
1 273 911
1 783 887
1 252 527
1 51 321
1 164 569
2 400 458
2 125 951
1 584 869
3
3
2 552 748
2 596 783
1 21 401
3
3
1 97 471
1 529 675
1 14 549
2 120 880
3
2 733 765
1 596 604
1 290 631
3
1 273 946
2 149 392
3
1 292 456
3
2 476 853
3
1 43 730
3
3
3
3
3
2 300 766
3
3
2 43 437
3
2 179 597
1 29 843
2 254 478
2 38 918
2 300 420
2 627 639
2 53 268
3
1 127 665
1 436 768
3
1 410 609
2 157 711
3
2 19 158
2 134 373
2 11 135
1 141 831
3
2 326 548
2 329 875
2 392 845
3
1 25 238
1 328 813
3
2 104 113
2 653 1000
3
3
1 234 857
3
2 261 731
2 673 839
2 706 919
2 121 656
3
1 568 967
2 159 944
2 194 340
1 53 389
1 888 992
3
1 720 937
3
1 65 965
3
3
1 67 149
2 579 876
2 194 204
2 25 733
1 23 218
2 215 386
2 211 938
2 398 463
2 286 873
1 651 878
2 70 594
1 274 323
1 156 337
3
1 446 947
3
1 457 831
1 353 756
2 643 648
3
2 374 942
2 252 527
1 140 582
1 47 513
3
1 438 927
1 82 438
3
3
3
1 277 533
1 36 565
2 613 690
1 53 369
3
2 464 973
2 145 157
1 582 784
2 503 992
2 216 486
2 448 533
2 372 450
2 253 756
1 192 242
3
3
2 656 937
2 680 989
1 353 552
1 91 481
3
2 164 854
3
3
1 215 876
1 343 970
2 137 753
2 596 604
3
3
1 559 740
2 82 676
3
3
1 172 521
3
2 887 992
2 94 574
2 584 983
1 201 775
3
1 760 997
3
1 109 180
3
1 321 935
3
3
1 382 802
3
1 191 452
3
2 315 496
1 76 537
1 315 718
1 657 848
3
2 465 649
1 435 683
3
2 684 717
2 75 509
1 384 548
3
3
3
2 658 699
1 529 573
2 39 270
3
1 454 781
2 646 691
3
1 179 721
3
2 344 713
2 70 882
1 202 937
1 201 377
2 677 898
1 210 689
3
1 401 654
2 670 716
1 835 971
3
3
2 122 877
3
1 89 912
2 453 758
3
2 408 815
3
2 165 883
3
3
3
1 343 940
2 98 726
1 442 647
2 720 937
1 484 520
1 633 963
1 56 344
1 250 582
1 728 840
1 356 647
1 31 808
1 461 518
3
3
3
1 285 755
1 502 672
3
1 37 415
3
1 68 86
1 757 970
2 64 720
3
2 294 502
1 845 917
3
2 453 816
1 101 776
1 683 796
3
2 146 448
2 166 307
2 107 573
3
1 313 547
2 292 456
1 49 857
1 25 359
3
1 643 658
1 150 360
3
2 388 986
1 144 996
1 796 948
1 51 572
3
2 545 808
2 438 927
2 251 880
1 244 888
3
3
2 746 802
2 306 440
3
1 45 932
3
2 636 800
2 15 874
1 168 223
1 638 717
3
3
3
2 407 503
1 746 768
2 269 614
1 601 818
3
1 547 865
2 222 295
1 712 927
3
1 568 680
3
2 546 802
3
2 158 721
2 90 568
2 586 832
1 26 178
1 73 663
3
3
2 595 795
2 318 796
1 63 661
2 724 930
3
1 394 532
3
3
3
1 19 399
3
1 763 820
1 281 286
2 496 960
2 197 638
1 248 538
1 401 678
1 225 414
1 505 957
2 70 122
1 244 278
3
2 676 862
2 6 457
2 796 948
1 24 393
2 260 718
1 20 87
2 235 270
1 106 610
3
1 3 162
3
1 394 768
1 534 913
2 374 912
3
2 25 359
3
3
1 39 109
3
2 519 873
3
3
3
1 269 689
2 130 993
1 319 844
3
3
2 35 701
2 87 819
3
1 395 976
1 807 984
3
2 458 481
1 59 779
1 604 665
2 231 292
2 277 380
2 333 612
1 31 547
2 346 894
3
3
2 277 533
1 331 562
2 239 759
3
3
2 410 609
2 159 729
3
3
3
1 325 596
3
2 330 795
2 656 725
1 86 121
1 846 981
1 720 821
2 192 695
3
1 733 987
1 299 627
3
1 241 873
2 577 820
3
2 464 683
1 465 996
3
2 104 152
2 529 573
2 703 742
2 850 959
1 394 810
3
3
1 340 515
2 384 573
2 537 579
1 152 941
1 153 367
3
2 11 880
1 88 724
3
2 303 851
1 13 557
1 643 917
3
2 143 426
1 23 792
3
1 3 297
3
1 397 973
3
3
2 60 649
1 58 594
3
3
2 156 372
3
1 452 631
2 169 444
2 328 787
2 591 846
3
2 156 337
2 130 425
1 76 588
1 434 631
3
2 723 747
1 152 446
3
2 395 611
2 618 679
1 576 676
2 680 824
3
2 225 726
2 313 377
3
1 208 906
3
1 190 653
1 88 216
1 368 825
3
2 128 714
1 11 92
2 187 387
1 82 530
3
3
3
3
1 596 936
1 121 973
3
1 199 344
1 348 498
3
3
2 113 665
2 198 374
3
1 326 946
2 131 784
3
2 47 718
