1426
1426
1427
1427
1430
1430
1429
1427
1427
1429
1429
1430
1430
1430
1431
1430
1430
1430
1429
1429
1429
1429
1429
1428
1428
1428
1428
1429
1430
1428
1429
1427
1425
1425
1427
1427
1426
1427
1427
1420
1422
1422
1422
1422
1422
1420
1420
1420
1420
1420
1420
1420
1419
1418
1418
1418
1416
1413
1413
1416
1415
1416
1418
1416
1416
1415
1415
1415
1416
1414
1410
1410
1410
1410
1410
1409
1410
1411
1412
1412
1412
1412
1410
1408
1408
1408
1409
1407
1405
1405
1404
1407
1406
1404
1402
1400
1400
1398
1394
1395
1395
1392
1394
1393
1390
1389
1389
1391
1396
1394
1393
1392
1394
1394
1391
1394
1396
1395
1395
1394
1394
1393
1393
1395
1395
1395
1393
1393
1394
1394
1396
1396
1394
1394
1394
1392
1392
1393
1388
1387
1387
1389
1391
1390
1393
1392
1392
1391
1393
1393
1389
1393
1392
1392
1392
1392
1393
1393
1392
1392
1396
1396
1394
1394
1397
1397
1397
1397
1395
1395
1396
1396
1396
1394
1397
1397
1396
1398
1398
1395
1395
1395
1396
1395
1394
1394
1397
1399
1402
1402
1401
1400
1402
1398
1398
1401
1403
1404
1405
1409
1408
1406
1406
1402
1402
1401
1402
1404
1404
1404
1404
1408
1403
1405
1405
1406
1407
1407
1410
1410
1409
1409
1414
1414
1413
1413
1407
1407
1406
1408
1408
1406
1404
1403
1402
1398
1396
1394
1395
1397
1397
1397
1399
1401
1398
1397
1400
1400
1400
1400
1400
1401
1409
1409
1409
1406
1405
1405
1407
1405
1405
1405
1408
1408
1408
1408
1400
1400
1400
1399
1399
1397
1397
1400
1400
1401
1399
1395
1397
1394
1395
1393
1394
1394
1396
1401
1404
1406
1407
1407
1406
1406
1404
1403
1405
1403
1403
1402
1399
1399
1397
1398
1398
1397
1397
1404
1404
1408
1405
1405
1403
1399
1404
1404
1399
1396
1398
1397
1397
1392
1390
1393
1393
1392
1394
1393
1393
1393
1393
1392
1395
1393
1387
1386
1387
1387
1387
1386
1385
1385
1383
1387
1388
1381
1381
1381
1387
