1000 10000
1963 3234
2888 8430
9171 9609
1850 6558
8250 8690
719 2359
1393 3598
2474 3037
8758 9783
1967 8952
1734 2451
570 2658
2602 9904
569 2938
6715 9417
7422 7972
4349 4897
597 1344
3965 4734
3184 3520
6858 9945
819 7345
1802 4045
1625 4699
3826 7664
4557 5760
4722 8561
4994 7235
5376 6628
5436 6525
9270 9873
117 7913
6675 6963
2777 6217
4727 8921
2698 7615
6476 7204
1276 6869
1177 9341
6538 9414
2079 9181
273 3808
2072 8411
7118 8926
1492 4449
2289 6556
2264 7498
160 3625
478 3382
4793 4836
3425 6635
2870 9257
5251 8736
1178 1602
8734 9022
1530 1808
3045 7833
2262 4367
3669 3733
5506 6320
4262 5686
5800 8120
2545 5618
351 6371
3203 4165
725 5410
290 3612
2937 3051
6556 7009
4387 5587
3053 3690
5177 6506
1451 7226
764 1545
2479 3081
7426 9940
1378 3847
465 5311
6217 7025
3686 4884
1232 2067
1118 7122
598 4529
3777 8407
992 7006
2444 8242
2763 6271
5447 6499
3970 5649
2319 4230
3225 3747
300 7869
3607 7782
1709 2963
9092 9603
6011 8101
2630 9375
3475 6452
4673 5414
76 5789
2279 4895
1899 4730
6259 6368
469 6538
1508 4468
5169 6419
3940 8306
1465 5313
2661 4419
7434 7764
6923 7457
2461 5800
6601 8132
2805 7320
9580 9888
1931 3983
4633 6346
5585 6617
6577 7169
3679 9860
3805 8758
9246 9891
3680 8712
174 2124
5514 7294
287 8028
3217 4534
2112 9321
4569 9010
5742 7155
3639 9521
3161 6400
3828 8051
3353 3685
3014 8066
2523 3355
2111 8710
3646 9070
8323 8828
5479 9233
8374 9002
2248 6622
4638 6185
685 4589
7559 9993
2871 3773
2755 3944
119 880
4444 8182
8253 9716
1697 6388
8365 8489
4211 8042
6896 8150
679 5350
2858 7482
190 5664
8385 9406
22 9673
3925 8565
8078 8862
5778 9203
1957 4992
687 3284
2979 2992
814 1956
8261 8291
6012 6971
2879 8189
1993 9477
3107 4719
1271 9881
2676 9966
4430 8937
4770 6987
6675 9143
6321 6717
3967 4517
6203 9897
1481 9044
3522 7801
5189 6380
2441 6472
1043 4002
4407 7243
1610 8172
6461 9264
1470 8780
6024 7045
449 7596
3429 8829
2388 9395
7474 9236
7395 8320
4008 7683
1821 4473
3517 7692
6213 7786
4202 5847
590 8339
5050 8964
6 789
124 2803
2850 3584
3146 9124
3533 8198
3943 5558
3866 6601
2786 4931
113 398
9139 9829
3836 5009
220 417
2520 8626
3242 4333
2270 8958
7050 8998
6527 6528
4489 8062
1964 8668
843 3260
26 4780
3442 7149
9348 9785
2890 5377
1253 9333
1497 9570
94 982
332 7948
1524 7505
5124 7024
7010 7283
312 1472
508 9781
4774 5712
977 989
522 8266
1645 4267
2809 7310
307 4403
521 5342
5787 9289
4510 7799
4831 5401
1898 4752
7309 8098
4483 5029
8562 9164
7492 8451
5974 9869
4678 4916
6047 9731
2902 3667
5468 8365
2728 9022
664 4982
241 9032
4244 9016
5404 8890
6644 9943
4902 6092
8244 9122
3094 6796
2300 5080
3332 8329
2323 8094
3376 9573
3020 7912
7874 8003
321 8647
676 3127
2711 8844
1137 7009
5139 6064
5353 7683
1998 3678
4481 8496
2322 4539
4442 5129
4624 7513
420 3669
3949 6450
862 1674
7491 8050
3915 7547
455 6254
6470 7857
5990 6129
583 2459
7691 8285
3703 5378
828 8336
9244 9786
4543 8498
106 6047
1949 4848
3977 6307
824 1700
2172 7444
4560 4564
5587 9820
256 9969
4812 7021
805 5893
4346 6366
364 1424
3029 6472
91 3343
7984 8625
2025 8620
660 6083
791 4297
1535 9655
854 5249
2980 5884
1863 7018
297 3845
299 5201
56 4906
1090 9466
1408 8132
4157 8545
867 2837
2146 8278
870 2750
1064 8271
678 3716
724 7244
2923 6699
1444 7580
3145 6780
7453 9809
8494 8982
7212 8905
1467 4710
26 802
916 8083
2017 6877
7826 8678
1587 9921
969 5203
2768 5831
9531 9658
7496 8439
1608 3636
392 1376
2488 9737
2013 5532
2112 3727
2452 2473
2340 4931
6461 6925
3763 5279
9429 9848
909 3154
5005 8192
2267 9105
5895 6703
853 2289
5087 7533
3917 8219
710 8360
1559 3245
494 2820
3601 3985
202 9177
659 8720
5501 5642
5919 6306
299 8897
3568 6765
4755 5859
5835 6262
5754 7993
4805 8936
6327 9282
4847 6476
25 4987
1078 6231
2805 8404
1385 3233
3710 4889
6985 7197
336 9074
537 7039
3100 4011
4144 5490
42 5587
1865 2548
879 4096
3691 8545
2621 3894
803 4594
6074 7662
7094 9367
2770 5310
4797 6348
3476 5494
1668 3195
2241 5627
5496 7628
1946 3768
2380 5168
5964 7878
3066 7638
4726 6547
3982 7617
5091 7113
6975 8246
3043 9350
3084 6390
1864 8364
4889 6471
5037 7807
4326 6472
8076 8088
7270 9667
4948 9447
3343 4079
5696 8086
1768 3953
1648 6962
4662 9524
1103 8501
5238 5255
2379 4463
3609 6118
909 5083
1960 5428
7400 9428
2389 9151
3048 3667
3608 8586
2538 8745
7280 9782
1822 4683
3199 5194
700 9341
7087 7326
1247 2444
2277 6213
2149 8931
5211 5911
5717 8853
2459 4084
5796 6454
1325 4053
6610 7487
1327 6100
1869 4285
1059 5665
5206 6707
3934 5025
1434 8325
384 6820
1386 8997
8732 8994
5347 8147
8532 9927
2234 8495
8209 9863
3460 5939
802 6434
168 7245
1027 7607
603 6306
4977 9496
665 3232
5030 7206
155 5689
3706 6313
4110 5588
5563 6957
2881 8816
647 6469
682 5038
1265 2519
5414 8893
4769 4957
7093 7761
4226 8646
986 6647
7985 8867
4198 9921
5737 6869
6541 7497
769 6599
8358 8909
114 854
1241 2932
1609 5833
1280 8245
1321 5766
1858 7131
5072 8350
1608 9024
613 9638
1198 6293
5666 9268
5597 7734
5596 9932
1954 3813
3160 8603
5536 7091
4562 5486
998 6687
3081 7974
6984 7594
5978 7250
2736 3974
2933 2961
440 1951
8868 9474
2737 9970
2116 4090
1727 6704
2556 5373
4170 8542
2821 9744
4643 9231
2138 5939
1052 2209
6475 8376
2403 3640
6009 9190
3155 8377
3874 4624
2377 6028
721 2630
1008 4610
86 6200
554 1454
4106 7093
6273 9508
1461 2216
374 7305
7014 8043
2180 6926
4157 7184
112 5796
4327 7522
2814 3508
1158 6368
2616 5497
5980 7059
4205 7138
2922 8169
4448 9280
4855 7269
1394 1552
2780 5968
3593 4674
345 8308
4494 8217
7087 8159
2023 8660
3206 6355
3920 8615
2767 9489
4608 6316
630 5782
1701 9093
58 6725
7061 9169
4029 5507
5101 9985
1175 3098
4022 8975
4708 7674
286 3196
6995 7890
6912 7681
3411 9406
2175 8762
512 993
7331 8467
8483 9918
3626 9371
4556 9829
768 3036
6907 8863
7533 8442
768 9182
1344 2014
2504 5710
1521 8426
1843 7759
8360 9678
4696 9430
4905 9617
4128 8312
4174 4943
2083 7881
354 732
3994 5584
1088 9647
7202 9784
607 6881
1255 2233
5422 9703
7534 9398
1376 8763
406 6704
746 4654
5461 7884
7205 7525
33 9845
5876 7327
7415 8983
3820 4041
3938 7575
4289 8655
3257 9737
6177 6885
4391 4994
7209 8513
839 3233
318 7516
2921 3368
6771 9319
1808 2459
3549 9354
1106 8056
3603 6358
3769 5836
641 7625
2809 5078
729 4921
3388 4707
27 3969
6461 6476
6862 9840
6729 8603
7506 9076
493 8389
5596 7533
5592 9124
7218 7666
4131 4945
1552 3404
7434 9802
1974 8408
370 9977
2923 4389
302 6997
2388 2443
1428 7530
817 3616
4129 5124
203 5751
2096 7626
3389 5835
3822 7174
412 707
3221 4881
5576 9558
3983 4058
904 2233
1185 9901
2505 3301
4783 9519
1456 4370
1004 5647
1673 4441
1640 4870
3494 6262
932 5188
2380 2952
7485 8197
1839 9529
9094 9480
4425 5317
1190 2798
1931 2807
1734 6641
4008 9586
557 8210
238 4597
1893 8041
446 4244
6924 9377
5138 7394
6024 6676
365 6803
6882 9108
6535 9529
2306 8314
3374 4447
2545 4181
224 305
5044 5251
2131 5537
3130 5549
4222 4916
4306 9621
2525 9715
1218 5599
3520 6987
3626 7149
252 6173
930 2927
1086 5321
7419 7829
2482 7160
2867 4364
6040 9448
3480 6821
4495 4958
7790 8711
5120 5664
5418 7165
950 3831
5007 5150
1983 4610
4881 6824
4779 5510
808 9994
3343 4653
2221 9295
5856 7942
275 507
6858 8707
1821 6557
4798 6727
6778 9888
6359 7093
1014 3336
1145 5743
6577 9327
2176 8469
2971 4102
4734 7674
2744 5682
3917 9762
6412 6722
4839 6393
1689 3338
665 3855
1170 2588
3667 4488
1127 8606
443 3980
1570 3529
2982 9307
3116 5884
2333 7290
2532 4251
1733 8712
192 5081
1927 8746
2049 8741
5037 5772
7565 8178
909 4229
7191 9696
1996 5459
6313 8814
1396 7580
4640 4670
3278 6027
4775 5057
4721 6759
3712 6197
400 7665
973 9889
1091 6223
2519 2685
1768 7257
3104 4754
459 1822
2810 5693
4760 8123
3197 8050
2184 3312
4745 9455
5168 8032
5756 9314
9628 9899
634 1206
514 4513
1128 9249
1456 8466
7086 8348
5535 9112
6105 6498
1679 5233
4690 6236
1799 2076
441 9780
845 3745
6691 7494
2972 6473
6624 8266
910 9575
1510 2012
4943 7189
264 4131
2446 9680
5742 6839
3840 3899
1456 8122
4223 6694
2195 2233
3057 7538
1997 4965
2422 5021
4110 4929
3907 4758
4767 6126
2501 5021
3625 8754
6412 7495
3922 5570
5819 6992
4452 5412
9633 9949
5154 8094
2637 7180
1342 8673
3260 4966
3754 7588
2599 6911
6093 6736
6790 9701
753 9428
3030 5014
8466 8616
2552 3816
928 5698
1442 6019
423 2793
226 5789
4569 5300
5638 9333
2101 9221
676 2139
7520 9024
2340 6564
1337 4648
1228 2448
5382 7887
5693 6409
30 354
1017 4788
492 8299
1334 4633
1883 9332
3474 3997
7708 9252
2969 4819
4110 7084
701 8750
7404 9549
6414 9450
2278 2757
7605 9941
823 3589
4733 5473
4198 4406
3726 6458
6663 9213
1471 6695
4912 9029
4652 7169
1165 3516
2106 8081
3199 4451
532 5968
3013 9699
2724 4931
6307 7449
532 628
3670 9458
2879 9813
5180 5506
2137 8616
4645 5233
1890 5562
539 6390
1137 8649
6401 9576
657 9768
3750 6810
2975 4478
4925 9968
461 9208
2672 5092
3334 7550
6711 8661
7870 8139
8595 9092
5381 7700
855 7144
4138 7206
6043 6057
1237 4913
2230 7386
3008 3380
5345 5939
2063 4421
307 4230
1765 7691
339 5167
2028 7666
320 9302
314 2211
459 6091
8040 8151
6801 9597
3039 3780
5440 6237
1317 1322
4435 7322
3094 3593
1848 2103
5203 6455
7624 8020
2825 8033
459 1611
1735 4528
7147 9035
184 3527
1082 4067
5702 9261
7216 9029
4960 6597
1318 6183
108 6699
5797 7963
8456 9969
7439 9793
4850 5116
1467 8827
1307 5096
1097 7992
2758 9561
1394 5371
4632 8375
6414 9899
8774 8897
4977 7759
2967 3630
5724 6119
8116 8299
6000 7355
2953 3303
4824 7568
1048 6744
2968 3693
271 5339
6615 8811
570 2620
2080 4170
3882 8147
6329 6835
3029 3684
1345 9010
4748 9304
12 8340
2417 7107
2247 3268
5361 7078
3493 8066
7448 8537
3519 9644
3013 4251
84 8231
3368 5074
511 9310
3663 6924
2763 7803
2352 3160
7872 8189
1699 6173
2217 7386
2371 4357
846 7156
7816 8099
433 6266
1692 6740
184 1024
2678 8687
2531 3398
1053 9200
2720 4008
832 8663
5361 9813
6616 8975
396 6592
1614 3470
7792 8237
1856 6138
1153 8622
2403 7660
2738 5300
1496 3302
4870 8405
4537 9567
7273 9621
6512 9950
1000
2 1668 3195
2 2501 5021
2 7434 7764
1 4442 7208
2 1467 8827
1 4791 9510
3
3
1 6773 7598
2 5124 7024
2 26 802
3
2 113 398
1 550 1715
2 5251 8736
3
1 8171 8399
2 446 4244
1 153 7832
3
3
1 823 8437
2 1865 2548
2 493 8389
1 310 443
1 2545 4774
3
2 384 6820
3
2 6907 8863
1 8938 9283
3
1 6633 8681
2 4881 6824
1 893 2889
3
3
1 5466 7543
3
3
3
1 3709 5458
2 9244 9786
3
2 2175 8762
1 2934 3889
1 7538 9907
3
3
3
1 5949 8431
2 511 9310
3
3
1 817 2395
2 3217 4534
2 1334 4633
3
3
2 3494 6262
1 3666 4985
3
2 8078 8862
3
3
2 307 4230
1 5717 9641
3
3
2 1345 9010
1 4209 9034
1 2156 3088
3
1 134 9081
1 1150 6359
2 3938 7575
3
2 406 6704
3
1 5184 7880
3
1 1634 8003
2 4847 6476
2 1451 7226
1 6222 9425
2 5978 7250
3
1 2395 5783
2 2545 5618
2 5211 5911
3
3
1 1278 7958
3
3
1 3264 3990
2 2267 9105
3
1 4951 6354
3
3
2 1893 8041
2 8365 8489
2 3763 5279
1 1503 8718
2 5037 5772
2 2217 7386
2 1280 8245
3
1 883 7640
3
3
2 7404 9549
1 749 8452
1 1443 5691
2 1931 2807
2 455 6254
3
3
3
2 1974 8408
2 2678 8687
1 4019 4680
1 2516 3027
3
3
3
1 3682 8521
2 1610 8172
3
3
1 8266 9800
3
3
2 117 7913
1 243 9500
2 7419 7829
3
2 7422 7972
3
3
3
2 1444 7580
3
2 1078 6231
2 3949 6450
1 690 1567
3
3
1 1516 7631
2 4951 6354
1 2443 7023
1 2440 3670
1 8338 9418
3
1 1350 6859
2 1734 6641
2 5949 8431
3
1 8009 8419
3
1 633 7860
3
2 4632 8375
3
3
2 1645 4267
3
3
3
1 5512 5816
1 7454 8774
3
2 554 1454
1 316 6796
2 4157 7184
2 7985 8867
3
2 3970 5649
1 1162 2902
2 2967 3630
2 5466 7543
3
3
3
3
3
1 2561 4237
2 729 4921
3
1 3997 9148
3
1 1521 4454
3
2 2278 2757
1 532 878
1 568 5378
2 6527 6528
3
3
2 9092 9603
3
3
2 1276 6869
3
2 910 9575
3
3
2 7218 7666
1 7190 7338
3
1 1008 6807
2 2403 3640
3
2 3104 4754
2 7216 9029
3
2 1697 6388
3
3
2 7209 8513
3
1 1459 5122
2 2637 7180
1 2297 3177
1 861 8630
3
2 909 3154
3
2 2738 5300
3
2 4831 5401
3
2 449 7596
3
3
2 2195 2233
1 6885 7436
2 1946 3768
3
1 524 7602
1 6557 9720
2 2968 3693
2 3242 4333
2 160 3625
2 58 6725
1 2056 5905
1 6323 9699
2 3977 6307
2 7624 8020
1 3283 7491
2 2156 3088
2 5072 8350
2 6414 9450
2 5347 8147
3
1 184 403
3
3
2 7014 8043
2 3043 9350
3
1 4600 8411
2 1090 9466
1 3197 4749
1 5752 7546
1 3302 4080
2 1082 4067
2 6323 9699
1 1344 7753
3
2 1325 4053
2 3094 3593
3
1 5448 5991
2 1321 5766
2 660 6083
3
2 184 403
3
3
1 700 8714
3
1 4791 7002
1 2458 5209
2 2461 5800
1 470 6967
3
2 42 5587
2 904 2233
1 1804 5265
2 114 854
1 8865 9961
2 4349 4897
3
2 469 6538
3
1 3994 4447
1 3858 4029
2 1727 6704
3
1 4664 6266
3
2 5091 7113
1 177 9910
2 3920 8615
1 1505 2162
3
2 3020 7912
2 1505 2162
1 3491 4433
2 3225 3747
3
1 6333 7208
1 78 9308
2 307 4403
1 1413 1577
3
1 5013 9763
1 8080 9182
3
2 867 2837
1 2217 2645
2 6862 9840
3
3
2 7874 8003
3
2 5742 6839
1 395 3185
3
1 2854 3295
2 94 982
2 1822 4683
2 9270 9873
2 846 7156
1 1694 7917
3
3
1 5047 7467
2 3353 3685
1 4657 7141
3
3
3
1 6117 8105
2 1768 7257
2 1821 6557
3
3
1 1615 2199
3
3
1 1094 8115
3
3
2 1088 9647
3
3
3
2 3278 6027
2 3474 3997
3
1 3916 3931
2 7426 9940
3
1 3717 3862
1 5529 6548
2 690 1567
3
2 8595 9092
2 2096 7626
2 1587 9921
3
1 3288 3350
2 657 9768
3
3
1 1709 5297
3
1 2092 4742
1 5328 5763
3
2 1237 4913
1 2410 3550
2 3679 9860
1 588 9888
3
1 4025 9438
1 7744 9396
3
2 2545 4181
3
3
2 4977 7759
3
1 5371 6948
1 1873 9912
3
3
2 2972 6473
2 3882 8147
3
1 4044 8067
1 5122 8020
2 423 2793
1 1714 2000
1 4352 5662
1 741 5329
2 4760 8123
3
2 7534 9398
3
3
2 4019 4680
1 6977 7463
3
3
1 461 5449
2 5596 7533
2 155 5689
1 2924 6118
3
3
1 510 6629
2 6885 7436
2 339 5167
2 746 4654
3
3
1 2586 7330
2 3429 8829
1 2343 7835
1 2633 9060
3
3
2 1386 8997
3
3
2 5138 7394
1 602 8033
1 8430 8525
2 1017 4788
1 119 463
1 151 311
1 3445 8574
2 2736 3974
3
2 7790 8711
1 4771 8223
2 2879 8189
1 2561 3093
3
3
3
1 5709 9931
2 2676 9966
1 6045 6560
2 2890 5377
1 246 1760
2 4346 6366
1 3608 8471
1 8899 8995
2 1097 7992
3
3
2 6577 7169
2 3146 9124
1 8150 9418
1 6825 7848
1 7276 7952
1 3663 5351
3
3
3
2 4994 7235
2 1177 9341
3
1 3456 7781
2 6009 9190
1 1314 9307
3
3
2 5238 5255
3
1 3689 8381
3
1 1580 4868
2 568 5378
2 843 3260
3
2 4435 7322
1 7696 9208
2 537 7039
2 5447 6499
1 4610 4622
1 792 3068
3
3
3
1 2045 9068
2 5797 7963
3
2 2888 8430
3
2 174 2124
3
3
1 4335 6545
1 3942 4658
3
1 133 7076
1 5227 6351
2 3712 6197
1 3190 8622
2 492 8299
1 2314 4398
3
1 786 4737
1 4374 9394
3
3
2 433 6266
2 6633 8681
2 4943 7189
1 694 9350
1 1456 2162
2 3866 6601
3
2 6896 8150
2 5007 5150
3
1 3008 8731
1 1136 2532
3
2 6461 6476
2 2937 3051
2 7118 8926
2 1964 8668
3
3
1 6172 8603
1 1050 7044
3
1 944 5274
1 1621 8823
2 2422 5021
2 3491 4433
1 2002 5461
1 3702 5335
2 4391 4994
2 459 1822
1 1563 8080
3
1 8714 9027
1 9486 9864
3
1 5465 6857
1 1213 4093
2 2516 3027
1 4590 9571
2 3014 8066
1 1190 5445
2 2881 8816
3
1 1560 8894
1 3025 7486
3
2 1608 3636
3
2 336 9074
3
3
2 4798 6727
1 4512 8115
2 3066 7638
2 694 9350
3
3
2 514 4513
3
2 8244 9122
1 354 4961
1 694 5959
2 2525 9715
3
1 2487 6689
3
3
3
1 6557 9215
2 3184 3520
1 5374 7024
2 3008 8731
3
1 2030 4558
1 9840 9934
1 457 7679
1 2690 3981
2 2217 2645
1 1834 9345
2 2388 9395
3
2 764 1545
2 4044 8067
2 133 7076
3
1 1389 4426
1 127 2819
3
3
1 1262 9543
2 7872 8189
3
1 9619 9973
3
3
1 2777 5464
1 2230 5597
3
3
2 345 8308
1 8053 9558
3
3
1 4534 6673
1 2752 4755
1 2547 7376
1 3336 7142
1 6734 9617
1 6739 7076
1 989 2573
2 7434 9802
2 1456 2162
3
2 5856 7942
1 667 1107
3
2 8732 8994
3
3
2 2377 6028
2 203 5751
2 1804 5265
3
3
1 25 3437
2 4425 5317
3
1 1228 5682
3
3
2 832 8663
3
2 1850 6558
1 1024 4279
3
2 5512 5816
1 4950 9728
2 3593 4674
3
2 2116 4090
1 3375 7739
1 3816 3972
2 3925 8565
3
2 2264 7498
2 56 4906
2 2531 3398
1 4970 4981
3
2 3607 7782
2 6825 7848
1 2707 6726
2 440 1951
3
2 1890 5562
3
1 5693 6832
3
1 518 8062
2 7202 9784
2 969 5203
2 3334 7550
1 3358 8599
1 1838 3189
1 8568 9608
3
3
3
1 983 9680
3
1 1545 9328
3
2 3013 4251
1 7364 9109
2 808 9994
2 5693 6832
3
1 5211 6824
2 4510 7799
3
1 3076 3872
1 637 8854
3
1 462 4486
1 5188 6707
2 569 2938
3
3
2 8562 9164
1 3012 6161
1 629 3081
2 694 5959
2 3858 4029
3
3
1 1535 4121
3
2 3343 4653
2 4748 9304
2 5382 7887
2 3057 7538
2 7474 9236
1 4682 7464
1 3688 6284
1 7846 9612
1 6366 9043
2 5376 6628
1 3903 6403
2 5227 6351
1 1461 7031
1 2540 7381
1 3616 8685
1 468 2491
1 815 7856
3
3
3
2 1385 3233
2 3190 8622
3
2 6675 6963
3
3
1 1104 8679
3
2 2810 5693
2 2724 4931
1 7566 9660
3
3
3
2 3965 4734
1 147 4527
1 396 8318
3
2 8253 9716
1 5272 9135
3
3
3
2 2523 3355
2 2323 8094
1 3627 6326
2 1838 3189
2 6024 7045
2 7280 9782
2 2180 6926
2 3836 5009
3
3
3
2 7696 9208
3
1 2739 5431
2 3130 5549
1 959 3048
3
2 2599 6911
1 3521 7212
2 5381 7700
3
3
1 975 5057
1 6142 7310
3
3
1 4928 6934
3
2 4289 8655
3
1 4948 6619
2 8076 8088
2 4633 6346
2 2270 8958
3
1 525 6915
1 2402 8681
2 3013 9699
3
2 1492 4449
2 2825 8033
3
2 3601 3985
1 3656 9475
3
2 2446 9680
3
1 1439 3557
1 2661 7477
2 4442 5129
3
3
1 4136 9096
3
1 4396 4870
1 82 7554
1 4470 8374
3
1 5736 8213
1 4028 5477
3
1 4335 8448
3
1 591 1956
3
3
1 1454 3235
2 5964 7878
2 9531 9658
1 5476 8015
2 5101 9985
3
3
2 5506 6320
2 2248 6622
3
1 1437 2252
2 1996 5459
3
1 650 6324
3
2 190 5664
3
3
2 4131 4945
3
2 2933 2961
2 332 7948
3
3
2 2072 8411
3
1 4780 6638
3
3
2 4557 5760
2 4673 5414
1 2329 7843
3
3
2 7364 9109
1 801 867
2 1024 4279
1 1649 4737
2 7439 9793
2 598 4529
1 2912 7004
1 929 7825
2 2379 4463
1 1623 7893
1 6483 7947
1 4220 8360
3
3
1 514 7971
1 2351 9861
3
2 7400 9428
2 2867 4364
2 8009 8419
3
3
2 2616 5497
3
2 2630 9375
2 4771 8223
2 2333 7290
1 691 5938
2 7846 9612
3
1 1056 7626
1 586 6786
1 1891 5524
2 1467 4710
3
1 4196 6526
2 396 6592
3
2 1516 7631
2 1218 5599
2 1709 5297
1 1576 7544
2 2112 9321
1 2406 3193
1 2994 3623
1 121 4587
2 613 9638
3
1 563 1850
2 318 7516
2 4028 5477
3
2 2459 4084
1 1209 8330
3
2 1649 4737
3
3
1 1274 7725
1 6735 7675
2 3442 7149
2 461 9208
2 1983 4610
2 1053 9200
2 184 3527
3
2 1701 9093
3
1 31 5022
1 2949 3715
2 1524 7505
1 4395 6754
3
3
2 2380 5168
3
1 1072 4214
1 6996 9810
3
2 27 3969
3
3
1 7449 8311
3
2 7273 9621
1 7669 8859
3
2 2111 8710
1 1467 2043
2 6912 7681
1 9610 9981
3
2 5461 7884
1 3105 9896
2 297 3845
1 904 7683
3
2 2767 9489
3
2 4452 5412
2 3608 8471
2 1344 7753
3
2 2949 3715
3
1 3223 3355
3
3
3
2 3916 3931
3
2 5895 6703
3
3
2 1434 8325
3
1 1915 6442
1 757 5581
3
2 2322 4539
1 72 9192
1 2628 5226
2 928 5698
3
1 3671 4232
2 3493 8066
2 3626 7149
2 532 628
2 2056 5905
2 792 3068
3
3
3
1 1515 9226
1 3731 6252
1 3935 6993
3
2 412 707
