1438
1438
1437
1432
1432
1429
1429
1429
1433
1433
1433
1432
1435
1435
1433
1434
1437
1437
1437
1435
1435
1435
1435
1437
1435
1435
1433
1432
1434
1431
1431
1431
1430
1428
1427
1426
1426
1426
1429
1430
1432
1430
1430
1430
1435
1431
1434
1433
1433
1434
1439
1443
1443
1443
1443
1443
1443
1444
1444
1446
1444
1440
1440
1439
1440
1440
1438
1439
1439
1440
1440
1442
1441
1441
1441
1446
1445
1445
1445
1447
1448
1455
1452
1452
1455
1457
1456
1453
1450
1450
1457
1457
1457
1457
1454
1454
1454
1452
1452
1453
1451
1450
1457
1454
1450
1450
1450
1452
1450
1448
1445
1447
1447
1446
1447
1447
1445
1441
1441
1441
1440
1440
1443
1441
1440
1440
1438
1439
1439
1440
1442
1441
1435
1435
1433
1432
1432
1429
1429
1435
1432
1433
1433
1433
1433
1431
1430
1430
1429
1429
1427
1428
1428
1428
1428
1428
1428
1428
1428
1427
1426
1428
1436
1435
1432
1425
1426
1424
1422
1424
1423
1423
1424
1424
1423
1421
1420
1420
1420
1420
1418
1422
1422
1422
1416
1414
1410
1408
1406
1406
1407
1407
1408
1409
1408
1408
1412
1412
1408
1408
1408
1409
1408
1408
1409
1409
1409
1411
1416
1416
1414
1415
1415
1415
1416
1415
1415
1415
1415
1421
1421
1421
1418
1418
1419
1421
1421
1419
1420
1423
1424
1424
1425
1425
1425
1425
1425
1425
1425
1425
1423
1424
1425
1425
1426
1427
1427
1427
1427
1428
1428
1430
1431
1433
1435
1435
1436
1436
1434
1435
1435
1435
1435
1435
1435
1435
1435
1430
1431
1429
1431
1431
1435
1435
1436
1436
1436
1437
1436
1436
1432
1430
1429
1428
1426
1426
1419
1420
1420
1418
1418
1417
1419
1417
1415
1412
1411
1410
1411
1413
1413
1413
1413
1413
1413
1412
1412
1411
1407
1407
1407
1407
1405
1405
1405
1405
1405
1404
1403
1406
1406
1406
1406
1406
1405
1402
1404
1405
1406
1406
1406
1405
1404
1407
1407
1405
1405
1403
1404
1404
