1000 10000
2683 4783
7907 8850
2140 4670
8540 8543
5549 9729
2102 8455
30 1484
953 2798
672 1534
9000 9986
390 2217
166 9146
111 6460
5430 9863
1027 9288
396 9902
4483 7783
2493 6156
4040 6760
926 3127
236 782
3125 5275
7832 8503
5869 8807
321 1741
1577 7802
5892 7816
7172 7891
3248 6968
3995 7033
489 8783
4690 9952
1410 5624
6705 8901
2053 3520
2163 2485
2418 5300
5743 9707
2627 7634
4854 8067
223 1728
4603 8632
82 1608
8193 9766
1946 8268
968 9227
2104 6926
2533 8255
8297 9331
217 674
2199 9700
6371 9344
2658 5618
3560 7078
992 6060
3572 9106
2598 2714
131 5291
2311 4082
6067 7979
67 5871
8197 8454
721 7012
4463 6431
4759 5926
3853 7628
1651 2191
983 1248
73 8904
1941 4453
1459 9103
5479 8117
2810 3496
2235 8244
305 5863
440 9174
171 1862
140 2543
5114 8122
4074 8150
651 3748
7876 8316
4435 9734
6750 9141
5355 5845
476 7490
1404 3630
617 8753
1187 2418
1393 5385
2610 7269
961 5862
8285 9186
5709 8951
9329 9666
2016 5546
5000 6474
1399 9879
9285 9323
3096 7408
1557 3465
2674 7561
2547 7694
4510 6163
2404 6228
2948 8217
3937 9190
7866 8318
5312 6446
5434 8411
1593 8043
6129 6861
5307 6074
2772 8482
6591 7370
2982 3120
3779 7978
6933 9147
8303 9147
3393 7904
6416 7691
3045 9108
2141 5018
812 7430
3748 5898
7186 7421
1903 9781
1730 8056
817 6567
1613 2217
6765 8148
2070 7029
3718 8440
582 3145
976 2802
1022 9787
1093 8745
4994 9866
9 2399
5109 8943
6219 8291
2773 3548
564 2240
8715 9859
2920 6404
28 2178
2355 4936
5151 7291
125 528
6705 8132
2037 4470
7233 8217
2558 8437
3883 5166
2564 4677
2980 3739
2695 7815
1479 4149
476 1530
3319 9796
1871 2690
334 7265
5562 8234
546 1599
5101 5137
1365 5247
523 4218
2091 7064
8986 8989
1528 5639
9646 9821
1956 5613
4922 4933
221 1634
3821 8523
1687 3961
2963 7810
3178 3870
674 6988
4963 5869
345 5958
36 631
4061 5218
6032 6916
8829 8927
4544 9340
8277 9001
3624 9573
4552 4760
674 7784
769 4602
9402 9540
681 5538
5401 7985
1996 7469
2142 4379
5304 7657
3036 9808
361 2289
1597 4929
1626 2697
6158 8116
4673 7424
6169 8041
5918 7764
59 6643
2729 4324
1395 4161
4072 9257
9425 9443
6269 7351
8699 8862
5423 8116
5102 6182
898 9139
220 1476
2604 5244
2082 9503
8 155
1018 5876
4670 5734
1949 8767
37 8796
5033 5386
7358 9466
3112 7551
5506 6733
866 8384
5005 9721
6126 7271
2796 3572
2495 7420
7526 8537
252 4076
8599 9937
5248 6707
2615 4896
261 7564
1438 8087
2262 8388
1202 8813
2709 8141
64 8156
6262 8157
1462 4803
827 6755
692 1129
2966 5050
303 5864
1953 5510
2790 8054
4167 4826
890 6801
2871 9528
338 4375
1555 5495
3445 6210
2568 8782
542 4378
4385 9068
399 6590
5686 9515
8165 9285
9339 9520
6592 9023
3053 8690
3340 5749
262 545
710 6313
6468 9537
568 4343
3897 8921
1900 9682
1196 8567
151 7759
3119 5008
8451 8878
1165 6798
3315 3556
1244 4996
4623 6728
5245 7379
1220 4418
608 7126
5915 8568
1334 1725
4030 8054
2483 3680
55 9841
1703 2432
1219 5856
5273 9697
3863 8431
5163 6899
3362 8275
3600 6541
5113 6295
2404 6805
7317 9735
1092 4505
622 8426
4025 7745
5238 8660
866 7450
6794 7142
2852 8785
3345 4608
1493 6153
4432 7867
4932 5525
3827 6816
5375 6275
1156 5413
3971 8087
6313 9322
4173 8303
7788 8690
3770 3984
944 3377
582 2056
6748 9374
4516 9927
5242 6710
2860 5421
3481 3639
3076 5914
4613 5037
6630 8587
1289 1353
112 2037
925 6428
8423 9997
6897 8194
4472 9306
4572 5419
5089 6199
1765 9055
1273 8592
825 1046
8279 9255
2955 3915
5337 5649
4504 9609
2870 8288
9478 9927
746 6989
1277 1715
2912 3749
3517 6188
4803 7344
1496 5175
1777 9018
8008 8630
3562 9286
2095 7055
3429 5093
1970 3547
7178 8773
3444 6989
648 8621
973 4491
832 2338
2169 6288
1242 9269
4207 9954
8684 9152
4947 7668
629 2177
4636 8365
1992 6439
1095 5736
5095 5961
7953 8659
2842 3474
4287 9363
3376 5486
573 1910
6495 9814
7567 8130
3271 7369
971 6317
4418 9980
5278 9890
5119 7627
1739 4218
2115 7508
4927 7808
7890 8620
3219 8441
389 1693
473 4985
704 6029
6007 8456
2378 4408
1951 8347
1981 6877
8065 8863
5093 9268
375 6321
4462 8424
241 6944
7259 7484
2313 7687
4851 8833
2358 7822
1640 9848
1728 4099
1022 9832
4553 7858
3999 8887
5934 8901
2517 5080
352 6632
757 2918
4337 4833
5144 9620
1662 7999
160 7967
5325 5893
2079 9989
843 2370
5942 8498
2810 9291
1317 5106
1189 6467
6946 7329
3248 5101
643 2996
1720 7545
4579 7811
4147 6617
539 9549
6391 9204
4963 8990
3779 4897
3677 9406
942 1080
100 9427
1652 3251
497 2591
8314 9420
2253 9453
2058 8334
6292 8632
1242 9969
396 2318
3215 5047
4059 6019
1071 2506
3187 9576
8072 9214
1855 7996
5508 6908
3843 5372
2384 4490
1747 8976
4025 8666
2002 6933
8902 9292
4743 8993
5765 7120
2800 5174
2982 6795
5420 8096
6337 6517
3948 6338
3244 8365
2068 3935
1509 8020
3740 6355
4879 8558
7721 7827
4160 6114
6871 6935
6170 6707
1326 5966
6197 8234
1386 6688
908 5121
7737 9547
6652 8729
3340 4684
6896 7389
2119 4253
3751 8941
2630 9506
2788 7772
3785 7846
2018 2127
5799 7989
8027 8319
4151 8130
7030 9668
4218 6558
3985 5464
6343 6747
2829 4791
3603 8585
317 3700
7733 9048
5553 7343
7746 8760
1737 8684
1095 9253
5116 7716
4950 9807
5261 6425
5242 8037
2024 6013
5248 8397
8117 8688
222 7100
8205 9927
7176 8879
6208 8086
7014 9721
5041 9802
1285 5150
2621 8957
4829 6098
2063 4144
6162 8098
3776 6979
1205 5161
532 5325
705 7834
5545 5562
2052 9782
6502 9006
5408 8507
1974 4373
657 4377
6654 7098
2180 3938
2606 4193
6569 9875
3724 4228
8194 9659
884 7724
1675 7465
2472 6774
1214 1717
1267 9644
5936 6628
3862 7182
846 1483
201 2136
1838 4814
4027 5081
3382 8491
9427 9506
874 9127
7613 8051
4445 9010
467 7387
1615 6644
4696 6771
5051 7959
5213 8608
3357 6967
2953 4140
4246 5224
5063 6368
9062 9970
50 5247
5444 9889
6180 6311
2400 7518
5951 9954
2419 9829
8459 8946
369 858
5059 5365
1744 9610
4908 6672
3438 8992
6356 8402
906 3890
4902 5511
7177 7714
1026 6909
1507 2029
1205 6701
684 1193
8025 9387
1748 2822
5401 8610
7347 7511
7853 8825
1106 1928
3647 6044
3330 4575
2718 4362
5384 5690
1828 9552
5207 7105
1596 3266
3136 5221
3331 8726
5957 6510
937 9933
1201 6196
1623 3011
3756 3992
5518 7607
1361 5681
2875 6640
5882 6482
114 8393
412 9316
617 2275
778 7587
6781 6799
7023 7779
5429 6236
1206 4996
2609 7639
6558 8266
7213 7661
3867 4474
877 8614
2277 4047
524 6415
8938 9413
3454 9344
3897 8143
3535 7797
5650 8953
3130 5745
1114 4750
1348 5092
830 3660
5067 9121
5830 9357
1425 5482
5915 9587
3998 7333
5303 5526
668 991
2103 6243
4593 8737
1421 4315
3745 4252
8081 9216
538 4848
6293 8992
113 3552
2510 4579
3160 5912
1516 7419
2069 8807
6227 8061
3082 3336
3952 8991
1610 4770
6619 7812
1690 7515
3142 9659
2662 3712
109 1730
4844 5759
6427 8001
1899 9584
1021 4101
52 7680
175 6949
360 5957
1578 7233
1370 9257
883 1976
1798 3880
723 3929
1534 4461
67 590
1697 7311
892 7258
6997 9398
1836 2655
1785 9804
6175 6380
4367 6266
3711 4346
298 581
2363 8484
1639 5693
4948 5641
851 3277
3233 7152
826 4261
192 1003
7118 8444
2230 4575
8133 8183
5710 9988
5255 5496
6268 8480
2085 7881
3689 6557
1077 2028
735 1579
1708 2185
2933 7492
227 8335
6042 8436
1152 2037
1662 6782
6607 9413
2920 9781
3357 8770
3307 6743
4183 4483
2933 7794
1912 2588
1223 2981
2615 5661
7014 8744
507 3180
799 3631
89 3244
5816 7933
6123 9632
1167 4135
7548 9491
2447 5214
1428 4685
1348 7239
6636 9705
6873 9761
1987 3831
779 5952
186 5085
713 4209
2867 4455
2328 9010
5445 5796
5450 6394
3657 9721
1659 8991
4708 6215
8316 8618
4146 8850
221 8559
3274 7302
3492 6497
4619 5862
6004 6974
1919 6044
2846 3361
2164 5432
3854 6625
1244 4161
974 1853
254 9546
618 7659
1371 1420
5032 9231
4271 7191
1363 8130
7102 7967
1266 9446
5502 6698
3274 5048
2597 2843
8031 9438
3183 8369
1306 9491
1220 6125
3030 5717
4404 6332
2755 4726
3105 9971
3499 8630
4739 9431
5425 8438
19 6215
1427 4672
401 7663
1622 8932
5004 6505
708 10000
6688 8340
6223 9508
6810 9244
9041 9762
943 5289
1625 7948
7754 8823
1442 3362
4831 5119
2021 3933
5261 9850
3784 8016
8022 8499
2643 7479
276 7750
2150 5996
5592 8865
2447 7874
226 3385
4080 5380
101 843
1036 7038
5939 6188
2963 5515
2722 4065
5314 9362
2755 7201
8468 8481
3829 8269
7229 7814
4273 5135
998 5539
1255 7559
1277 4300
4904 5561
2955 8082
1452 9390
5741 7306
1981 6688
1463 5131
4077 6572
6067 7613
5209 8602
955 1487
5295 8396
7413 9792
8233 9085
1796 4853
2316 4519
2822 8419
6985 7199
8422 9961
2039 9005
2897 8940
5122 6553
3142 5608
4079 6687
1664 4724
5998 6931
1194 7695
280 1004
3817 7526
709 7560
1099 1718
922 5503
8412 8773
1660 6723
2954 8143
1799 9238
260 7480
116 8022
1688 4090
4935 6765
1176 2921
7298 9855
1724 8052
3009 6238
1669 3468
6658 7330
3194 8568
1232 1423
7826 9296
6944 7063
746 6034
3984 4760
2399 4819
4371 4727
3120 7296
4903 6948
2905 8124
3770 7143
1389 9106
7353 8801
4417 5771
1169 2715
1160 7603
410 3261
2703 5820
5860 7306
3838 8233
755 5232
1484 3030
9090 9832
6683 8378
5827 9599
713 9706
1912 4696
5097 5181
2920 9229
1367 3610
355 6434
301 3472
2636 6161
95 4206
571 924
5818 7361
774 2201
1008 9753
6855 7892
268 7847
5724 7214
3557 9620
1834 7527
4913 8885
4634 4679
219 8322
1819 9827
1419 5627
327 9167
1742 5561
1981 4291
1351 8288
1636 4695
1680 7049
1910 7238
3282 9431
754 4591
4808 9055
907 3671
1002 8596
3012 9769
1271 6730
6292 7395
7820 9886
725 9833
136 8497
8683 9183
1411 7353
1757 6826
1606 3181
1381 4089
7737 9919
8874 9632
1208 5862
8376 9629
6565 9178
656 7097
6652 8594
6888 8553
546 9203
8005 8562
3990 9647
5646 7622
5075 9574
197 9791
4834 9330
7900 9828
2303 9216
3780 4704
1417 5060
3355 5051
1246 5643
1184 6727
2301 6487
6861 9133
2730 3966
6015 9970
696 9248
3952 7358
242 3885
2025 5145
697 3589
4337 7793
6069 9562
1679 7710
907 1419
6042 7247
3927 3988
3596 9769
3676 5638
627 819
1893 9935
7442 9865
2651 3225
2860 6973
2984 3877
148 1724
6929 8911
1256 5965
625 5815
642 1045
2201 8125
5347 8410
3071 6583
5318 7405
2328 3713
5786 6919
1092 2645
534 4527
7382 7476
5433 8859
9817 9851
246 5304
721 8490
3752 6017
1654 8018
405 3133
85 2986
3497 5799
1310 8075
1000
1 357 5351
3
3
2 1941 4453
3
1 5029 9380
2 2920 9229
2 922 5503
2 113 3552
2 1334 1725
2 2068 3935
2 1326 5966
1 4669 9408
3
3
2 1703 2432
2 961 5862
3
3
3
2 907 1419
1 3280 6891
1 339 9042
2 3897 8143
1 6798 7165
1 124 5596
2 1981 6688
1 115 6561
1 245 3603
3
3
3
1 366 3379
2 4854 8067
3
2 201 2136
1 3805 6359
1 4925 7166
3
2 832 2338
1 6360 6693
3
2 276 7750
3
1 1859 3655
3
1 9130 9753
1 3918 6998
3
3
3
2 2755 7201
3
3
3
3
1 2673 6096
3
2 1452 9390
3
3
2 3492 6497
3
1 4903 6174
1 5092 5134
2 3454 9344
2 8699 8862
3
1 364 9670
3
2 812 7430
1 5581 5634
2 5207 7105
3
3
3
2 582 3145
3
2 7526 8537
2 3647 6044
3
1 7556 9689
2 1555 5495
1 5767 7279
2 2313 7687
1 150 5357
3
1 9294 9457
1 37 3656
2 976 2802
2 3821 8523
3
3
3
1 4119 5348
1 5374 9771
3
1 3680 8796
3
1 4537 6616
1 5776 7176
3
2 1196 8567
3
3
3
1 438 8470
1 2869 6918
1 426 1543
2 4708 6215
2 1393 5385
1 923 6163
1 1901 4270
3
2 2495 7420
2 1404 3630
2 3748 5898
3
2 7030 9668
1 610 5534
2 7413 9792
2 4908 6672
1 3285 6126
1 1521 5950
1 7777 9667
2 1742 5561
1 4068 4818
1 4465 9479
2 3330 4575
1 48 536
3
2 3244 8365
3
3
1 3406 5816
3
1 1617 9589
1 3074 7469
1 1734 2655
1 6046 8049
2 8285 9186
3
1 4676 9162
1 4538 8520
3
3
3
3
1 1365 2201
2 2598 2714
2 440 9174
1 2570 6980
2 6591 7370
1 3887 5100
2 2517 5080
2 8193 9766
1 3871 6906
3
3
1 7117 8196
3
1 3701 6268
2 1165 6798
3
1 5066 7507
3
2 5314 9362
3
2 399 6590
2 1893 9935
3
1 5831 5868
2 4829 6098
2 327 9167
1 2143 5344
1 3137 6409
3
2 4963 5869
3
1 4363 5057
3
3
2 5508 6908
1 2810 2911
2 1819 9827
3
1 4822 7710
2 5420 8096
1 7090 8743
1 6234 6559
2 2597 2843
3
3
1 5508 6601
3
3
1 2822 6173
3
2 5830 9357
3
3
3
2 5957 6510
1 665 6488
1 4981 6968
1 2906 6129
3
2 8031 9438
2 3600 6541
1 1960 8990
3
3
3
1 4607 7215
3
1 2129 3946
3
1 1484 1871
1 788 8139
1 2431 2588
1 3139 3741
1 354 8595
1 7645 7756
3
1 2153 3590
2 968 9227
2 2953 4140
1 4783 8421
2 7721 7827
1 1449 4115
2 6495 9814
2 6227 8061
3
3
1 3950 7069
1 2226 5049
3
1 2685 6742
2 9 2399
3
2 799 3631
3
2 2609 7639
2 6658 7330
1 5208 5511
2 4803 7344
1 3050 4016
2 1201 6196
3
2 1267 9644
2 3867 4474
3
3
1 3449 9029
1 6792 6936
1 9075 9413
1 7661 7711
1 6316 7416
1 6225 8881
1 273 4595
3
3
1 321 3745
3
3
2 4246 5224
2 2079 9989
3
3
3
2 345 5958
3
1 2401 9478
2 7737 9919
3
1 1316 6391
2 5816 7933
3
2 1246 5643
2 4160 6114
1 3204 7431
1 2184 5875
2 1093 8745
3
2 774 2201
3
1 823 9378
1 4221 6645
1 5104 8629
1 756 3635
3
2 6234 6559
2 4040 6760
3
1 8089 9667
2 8205 9927
2 3331 8726
2 268 7847
3
3
3
1 4012 7160
3
2 334 7265
3
2 3282 9431
3
1 5908 7730
2 617 8753
2 1018 5876
3
1 4192 7059
3
1 490 7765
2 5122 6553
1 4814 9957
1 4777 5626
2 1419 5627
1 2825 6069
2 1577 7802
3
2 8297 9331
3
2 1956 5613
1 5203 8743
1 6014 6939
3
3
1 5635 6719
2 890 6801
2 6468 9537
3
2 4435 9734
2 3624 9573
3
1 2135 6892
2 5095 5961
3
3
2 5936 6628
3
3
1 5941 9067
1 3187 3276
1 6760 8434
3
2 3971 8087
1 2305 3725
2 4337 4833
3
2 6765 8148
2 3603 8585
3
3
2 5831 5868
2 3393 7904
1 5876 7242
1 3008 7740
2 9646 9821
2 6225 8881
3
1 5961 6845
1 1137 5781
2 8089 9667
2 7442 9865
1 527 9677
2 2472 6774
2 5032 9231
1 1357 6992
1 770 7457
2 2846 3361
2 7866 8318
1 3705 4581
2 1734 2655
3
3
1 5821 6230
3
1 5081 8877
1 6562 9738
3
1 7825 8166
1 3139 3188
2 3745 4252
1 5206 6145
2 364 9670
2 2729 4324
2 2069 8807
3
1 2594 8411
2 1219 5856
2 1660 6723
2 4465 9479
2 1071 2506
1 6240 7811
1 456 8422
2 3137 6409
2 2810 3496
3
3
2 4537 6616
3
2 8314 9420
3
3
2 3862 7182
2 1095 9253
1 7133 7279
3
1 1969 8327
2 524 6415
3
1 8708 8873
1 6701 7302
1 8554 9543
1 601 6554
1 6043 9338
1 980 7860
1 3382 3728
1 3286 7255
2 2052 9782
1 1423 5366
2 3918 6998
3
2 5939 6188
2 9041 9762
2 2615 4896
2 2102 8455
1 2228 9668
3
1 1610 3068
2 3829 8269
1 2580 5561
3
3
1 1212 9660
2 1212 9660
3
2 4579 7811
1 2165 4126
2 8194 9659
3
2 823 9378
2 6067 7613
3
2 681 5538
1 2482 7690
2 2966 5050
3
3
2 3362 8275
3
3
2 4012 7160
3
1 113 2498
2 3863 8431
1 117 9506
3
3
2 1836 2655
1 1935 4223
3
3
3
3
3
1 8340 9843
3
2 9075 9413
1 6742 7189
2 1187 2418
3
2 3676 5638
1 2676 5015
3
1 156 4397
2 5646 7622
1 1510 5926
1 955 7492
2 622 8426
3
2 1828 9552
1 844 2079
1 3431 8163
2 3357 6967
1 72 6997
1 4335 4838
1 2673 8675
1 2242 8684
2 830 3660
1 618 6458
1 2059 7787
2 721 7012
1 4583 7954
3
2 6014 6939
3
2 3431 8163
2 95 4206
1 524 3346
2 9425 9443
3
2 3274 7302
2 6652 8729
2 6855 7892
2 5374 9771
1 366 6437
2 5109 8943
2 2963 7810
2 2143 5344
2 390 2217
1 1218 1839
1 6645 7693
1 2048 5195
1 940 8263
2 2482 7690
1 5600 6707
3
1 3519 3581
3
2 2091 7064
2 2955 3915
1 2371 3457
3
2 8540 8543
1 5731 6250
2 1507 2029
2 73 8904
1 3468 9964
2 2722 4065
1 6214 7789
3
1 676 6138
3
2 4363 5057
2 3355 5051
3
3
2 171 1862
1 1931 9430
2 7213 7661
3
1 6268 8813
2 8599 9937
3
2 7661 7711
3
2 1184 6727
3
1 6612 9091
2 4385 9068
2 5545 5562
3
2 1244 4161
1 1927 7900
3
2 4844 5759
1 4038 8118
2 7353 8801
3
3
2 111 6460
3
1 2286 9902
2 2755 4726
1 1263 3764
2 1022 9832
1 2195 5857
1 7164 8467
1 3933 9604
3
3
1 3217 8130
2 6123 9632
2 2630 9506
1 4520 4544
2 186 5085
1 1757 7544
3
2 6502 9006
1 5045 8894
2 6169 8041
2 4572 5419
2 2621 8957
2 4690 9952
2 4221 6645
3
1 4262 8767
2 5067 9121
2 197 9791
2 2610 7269
1 4048 8422
3
2 1266 9446
1 2185 9130
2 7014 8744
2 7014 9721
3
1 2411 4256
1 4974 5220
2 117 9506
2 2673 8675
3
2 2695 7815
3
2 2301 6487
1 1358 5946
3
1 1175 4898
3
3
2 89 3244
1 3775 6505
3
1 5850 9177
3
2 72 6997
1 3350 4367
2 192 1003
2 497 2591
1 736 9127
3
3
1 1911 8848
1 1614 5293
1 5265 6149
1 6887 8375
2 5265 6149
3
3
2 4669 9408
2 5444 9889
3
3
3
1 5660 5935
3
2 5051 7959
1 1884 3097
3
3
1 558 3576
3
3
3
1 168 6735
3
1 1787 5593
1 7256 8355
2 369 858
1 2660 6719
1 2073 6267
2 8715 9859
3
3
2 3319 9796
3
1 5387 6760
3
1 271 4974
1 968 2358
3
3
1 5015 9894
3
2 405 3133
3
3
3
3
1 6294 8920
2 4922 4933
1 4656 7695
1 1639 5827
1 941 8274
1 1238 4083
3
2 5101 5137
3
3
2 546 9203
2 1910 7238
2 4404 6332
1 2028 5890
2 227 8335
1 1326 5951
2 355 6434
1 52 8927
1 3592 9623
2 3950 7069
1 1603 9944
3
3
2 7953 8659
1 6590 9601
1 3025 4218
3
1 7861 9195
2 1202 8813
1 824 2544
1 8282 8702
2 3740 6355
2 1381 4089
1 2703 9420
1 788 7692
3
3
2 4504 9609
3
1 1562 5336
3
1 2862 4409
1 663 692
1 6790 9054
3
1 4234 8342
3
3
2 1606 3181
2 1636 4695
1 3094 5652
1 8404 9582
3
3
3
3
3
3
3
3
2 8316 8618
2 564 2240
2 983 1248
3
1 2230 3059
3
1 2609 4341
3
3
1 6274 7022
3
1 2806 5550
2 410 3261
3
1 6622 7386
1 3818 6607
1 229 1914
2 4904 5561
2 2235 8244
3
2 5242 8037
1 488 7335
1 8 1059
2 3853 7628
3
2 7826 9296
1 2425 2623
3
1 2884 2888
3
3
1 1285 5816
1 9667 9723
3
1 5688 6937
2 4783 8421
3
1 1706 7007
3
1 409 9934
3
3
1 1226 1635
3
3
2 4948 5641
2 8027 8319
3
2 5951 9954
1 6080 8559
3
3
3
3
1 5380 6096
3
3
3
3
1 1079 8982
2 2085 7881
2 4472 9306
2 5850 9177
2 1156 5413
2 684 1193
2 4418 9980
3
1 6390 9702
3
2 1242 9269
3
2 5686 9515
1 2090 9300
1 341 8065
3
3
1 2038 7306
1 152 5781
3
3
2 6612 9091
1 3758 6509
3
3
3
1 5015 8744
2 1389 9106
2 7358 9466
1 1548 6936
3
2 2676 5015
2 4981 6968
1 4445 5625
2 9294 9457
2 6337 6517
1 6075 9571
2 8277 9001
1 2782 9001
3
3
2 4287 9363
2 151 7759
2 5731 6250
3
2 2933 7794
3
1 3122 9704
2 3805 6359
1 3310 9056
2 4371 4727
2 971 6317
1 634 4844
2 7733 9048
2 6416 7691
3
2 676 6138
2 2718 4362
1 4142 8275
1 357 8274
3
2 1220 4418
3
3
2 2948 8217
2 116 8022
1 8635 8638
2 467 7387
2 6032 6916
2 2810 9291
3
1 3270 8902
3
3
2 5450 6394
2 5508 6601
1 1464 1779
2 942 1080
3
3
2 2305 3725
2 3499 8630
1 1493 7571
3
1 1162 8326
3
2 3105 9971
3
2 114 8393
3
2 1395 4161
2 6197 8234
3
2 7186 7421
3
2 37 3656
2 1521 5950
1 1657 7337
3
1 4561 6615
3
1 2042 5710
2 5401 8610
1 1299 6813
3
2 109 1730
3
3
3
2 3497 5799
1 5918 6812
2 5304 7657
3
3
1 1850 3009
2 3705 4581
1 1158 6548
2 8468 8481
3
3
2 5255 5496
3
2 2568 8782
2 354 8595
3
1 7618 9060
1 1624 6504
2 50 5247
2 4463 6431
3
3
3
1 8345 8645
2 1981 6877
2 5004 6505
3
3
3
3
3
2 2095 7055
1 3443 3494
3
2 1706 7007
1 3556 4266
3
1 1711 2336
1 8175 9530
1 4436 4991
3
3
1 7060 9472
1 915 7242
2 7172 7891
2 2604 5244
3
1 1678 6083
2 3160 5912
3
3
2 6896 7389
3
1 1972 6560
2 618 7659
2 341 8065
2 6427 8001
1 7772 8252
2 9285 9323
2 6294 8920
3
1 3302 7492
2 980 7860
1 488 6609
3
1 2854 8123
2 2425 2623
3
1 3764 5827
3
3
3
2 4903 6948
3
2 5033 5386
3
1 383 2969
1 3930 7055
3
3
2 2135 6892
3
3
2 136 8497
3
1 5025 6252
2 5724 7214
1 9141 9850
1 4776 6044
3
3
1 2506 8150
1 1882 3351
1 940 9760
2 769 4602
1 6362 8003
2 1223 2981
1 1409 1528
1 537 3469
1 8814 9499
1 3845 8013
