1478
1480
1480
1480
1481
1481
1481
1485
1478
1478
1474
1476
1474
1474
1474
1472
1472
1470
1470
1466
1467
1467
1466
1465
1466
1462
1462
1460
1460
1460
1459
1458
1462
1462
1461
1464
1465
1469
1474
1474
1474
1474
1474
1472
1470
1473
1475
1482
1482
1482
1478
1476
1476
1476
1476
1473
1473
1474
1470
1467
1468
1470
1470
1470
1474
1476
1476
1476
1473
1474
1474
1474
1471
1471
1470
1470
1470
1470
1470
1472
1472
1474
1476
1476
1477
1477
1477
1479
1476
1478
1478
1476
1476
1475
1477
1477
1477
1477
1475
1472
1468
1468
1468
1464
1464
1465
1463
1462
1461
1459
1457
1456
1455
1452
1451
1450
1450
1453
1451
1451
1450
1448
1450
1449
1451
1450
1448
1452
1452
1454
1454
1454
1452
1451
1451
1453
1461
1461
1458
1459
1464
1465
1468
1465
1464
1467
1467
1467
1468
1468
1468
1470
1474
1473
1472
1473
1478
1478
1475
1471
1471
1471
1471
1470
1472
1474
1474
1474
1474
1475
1475
1476
1478
1478
1479
1476
1476
1476
1476
1475
1479
1479
1479
1478
1477
1474
1477
1474
1481
1481
1481
1480
1480
1480
1480
1480
1479
1479
1479
1481
1482
1482
1479
1480
1479
1480
1477
1477
1479
1475
1475
1475
1474
1474
1474
1474
1474
1474
1476
1470
1467
1474
1476
1480
1481
1482
1480
1480
1481
1476
1476
1474
1474
1475
1476
1477
1477
1477
1479
1479
1479
1477
1474
1474
1480
1480
1477
1474
1474
1474
1474
1475
1473
1474
1474
1472
1476
1476
1475
1475
1475
1477
1478
1478
1478
1479
1482
1491
1491
1484
1485
1487
1487
1488
1488
1490
1488
1482
1481
1481
1481
1481
1481
1481
1485
1485
1485
1486
1486
1486
1486
1484
1484
1488
1488
1490
1480
1480
1478
1475
1475
1475
1475
1469
