1000 10000
922 8812
88 9404
3923 8214
2530 4716
6615 9705
1598 1847
1574 9568
3120 8871
1795 8396
5945 8004
4139 9995
3528 7677
4508 6129
4083 4484
8443 9158
615 3771
3918 9479
968 5606
1411 4193
363 8334
8895 9042
4714 9729
6691 8917
7409 8322
2358 8789
1986 9558
4713 5101
3890 4408
5854 9870
4837 9851
1107 2486
4672 9288
1180 7635
4490 5025
2310 7892
2270 9817
1018 4931
841 4620
985 5915
911 7363
9777 9888
3455 6231
1142 1755
4357 9708
2399 7894
356 5381
4690 9416
1442 6749
5477 7406
4425 9616
5973 8981
2534 2578
3476 5984
5519 7168
259 7576
5193 5338
6149 9278
5614 5896
6760 7134
2742 9732
1864 5874
595 6083
4212 8898
2298 8576
4953 8649
7233 8106
2394 9900
1733 2149
6295 8095
1400 7222
6526 7855
1590 9328
2469 4170
1438 8427
5027 5540
8863 9896
4772 8388
6671 7111
3129 9013
1758 4120
1941 2070
6999 7416
8041 8274
3607 5993
5288 6809
2712 5638
44 9501
1633 7867
5055 9430
1946 7764
8086 8892
750 8919
1493 4764
7641 9711
9567 9728
2991 9511
7521 7613
539 2091
4720 9707
4628 6323
2034 5029
3095 9259
3611 8836
4559 9381
3044 8242
1262 2583
1733 8081
4268 8218
4280 5261
4594 6282
8434 9161
1051 7068
2798 8207
4157 8225
3295 5158
1982 9716
6506 9822
986 1678
2541 5907
3108 9051
1730 9727
5863 6201
546 2869
7257 8544
202 8984
1753 6042
589 1924
1348 7191
1418 9771
2075 3087
5286 5700
3466 6789
904 9228
2935 4777
153 242
1626 5330
3179 8780
276 920
1695 5969
8281 9702
5101 6542
1742 8926
4944 6737
1337 7833
1655 8353
2093 8779
4710 7763
3702 4376
2419 2470
565 8037
345 3497
292 5240
1534 6713
7589 8167
4481 7076
1514 9967
5372 8305
7746 9911
7088 8845
1472 2268
7733 8369
1854 7275
1806 3430
4596 8427
5722 7295
775 6576
2849 8593
1348 3979
3605 9789
2091 6579
3828 6064
4032 4147
7188 9879
1506 6132
4848 4979
6936 7055
3490 6507
2390 3222
5566 8250
2959 8181
1402 1498
990 2969
5451 9874
3872 4004
148 3316
917 2477
2698 8836
3075 7662
2475 4297
4867 5092
6620 7671
2498 9411
1839 5377
1841 1920
3606 6337
1126 8597
7110 7604
1391 4618
1433 6522
664 1971
5777 7639
821 2740
6543 8915
3984 5297
2380 5818
2856 9219
385 3005
1629 7529
5726 7407
226 1191
4872 6104
7753 8123
1622 6435
1032 6197
1656 3547
3784 7293
4194 8160
4933 9773
12 469
1881 9386
674 7921
4802 4927
4148 4414
283 1422
828 6041
4189 9255
6159 7252
1593 8535
4 3871
3432 4333
2019 4379
260 6765
2168 3583
2700 8370
8353 9721
2425 9520
2005 8821
3481 8960
658 7056
6921 9269
1883 6876
9631 9698
1217 5618
4585 8613
6684 7708
5412 8539
1764 9262
534 7370
1625 3277
1335 5045
1190 6311
8705 9583
697 1219
882 4674
1216 4845
5426 9109
6090 6650
892 2740
2976 5675
1089 8829
8999 9792
6442 8080
2020 9070
895 4035
5524 7148
6182 6487
2916 8120
7503 8987
3546 7727
7321 9912
5557 7757
8997 9676
2201 5522
1444 4174
162 5324
4241 9042
3908 9260
2712 4865
5772 8400
2055 8286
4634 7082
4998 8234
4057 8475
3724 6202
4283 9028
3311 8402
6013 8148
15 6272
1800 7652
6978 8820
5302 7062
3910 9570
5586 5779
1828 6150
1991 6618
2425 9843
474 9353
80 3109
295 7696
3429 8641
2953 7032
1987 5521
1969 3994
5119 7519
8448 9928
1953 2637
4877 6936
3154 8703
2367 7108
7840 8238
267 6165
2263 4862
3481 8067
924 7090
55 8430
676 2292
1086 3535
7667 9238
4535 9144
74 1942
615 4792
682 4013
18 7878
4739 9096
1823 6094
762 3690
1251 4870
6447 8722
2886 3178
7291 7981
2896 7565
8697 9395
7492 7519
2810 8630
382 8832
882 6275
4488 8152
1478 8269
5040 9221
8588 9165
3412 6460
16 2140
6372 6857
1495 3272
5860 9322
2820 9394
7884 8579
1108 8862
2218 5946
259 9110
252 6907
1685 5304
792 2228
3502 5619
95 4142
6186 8750
1274 2181
7654 8546
200 4548
4980 9451
6170 8030
3964 9114
75 3522
1525 7798
2942 9410
896 8102
3427 9320
1566 5608
5672 6618
3981 9494
4706 5918
2959 8140
5480 6863
6826 8955
1214 4231
425 473
2074 7376
4641 8775
5179 8906
1032 6734
3261 9801
6249 8140
2582 9380
3869 4917
3337 9386
3129 4413
1470 4366
165 4250
823 3892
876 5209
6278 8210
6083 9652
3003 7421
37 9800
3704 7327
5384 5740
8295 9824
5057 8885
3274 5256
4787 7310
794 4772
1599 2573
9458 9890
2490 6444
1361 7079
5851 7741
1109 8545
379 7637
2131 7469
1127 6445
6003 6081
3701 9776
5450 5671
1004 7694
2202 8443
2211 9935
6055 6332
2669 3783
5736 9278
4994 8463
8133 9867
3857 6140
3661 9458
3198 4236
1317 3503
4839 6471
3888 4571
7786 9310
3128 5310
7166 9299
5904 9891
2820 8753
4413 4982
3196 5043
2512 8994
6863 6989
4493 6966
860 9641
3605 9085
3934 5449
416 754
2677 5061
6200 7652
1115 6867
581 6914
7043 8439
3890 6041
5426 7530
4718 6623
3378 5995
1547 6574
1207 9284
4597 9788
3547 9316
5245 5490
4762 5212
4865 9816
5554 8423
1359 1977
2194 9956
179 2926
2920 9437
8594 9532
3596 9128
1648 5026
582 1591
1512 5747
1933 6175
1538 8390
3916 5839
742 4897
6962 7142
855 2853
7756 7758
6945 7502
4911 8546
6688 8390
665 3881
8175 9564
2572 4036
1555 3232
8528 9888
2222 2600
4306 7023
2165 5605
1956 3958
8966 8980
1767 8822
3921 6103
358 3047
2925 5027
5866 9171
7614 9512
1255 9820
46 9621
7573 8376
3317 8967
1816 5068
243 1369
436 5603
5766 6385
3537 7899
680 6911
5099 8776
5670 9946
1726 5910
1632 9068
4988 6993
8968 9287
116 866
223 6407
6900 7657
1128 5177
5807 7789
593 1789
5009 5838
3943 6200
4641 8223
933 8169
823 4453
1989 5053
3976 9396
1077 9773
2108 7283
3567 5653
331 2513
4143 9171
8127 9025
5387 8085
1297 5109
5046 7171
8198 9861
88 6216
1749 8497
4485 9628
3566 7051
1439 4815
16 5096
8012 8263
1746 2113
616 8730
1625 7914
1233 8873
3566 8040
666 8383
1463 9148
1834 5941
3998 5179
6594 9498
1393 7919
3369 7236
2883 4660
9074 9282
7499 8587
72 4982
5455 7676
1593 7187
4700 7298
2959 4044
6298 9107
5202 7980
8744 9401
4890 5381
443 9774
395 8776
1195 7089
5071 8741
3717 4339
8303 9639
6266 8540
6896 9923
5522 6530
1724 2517
3939 7832
7337 9726
4844 8011
1126 6887
8250 8345
1592 9442
6291 9689
487 2718
5036 8766
2829 5336
4963 5433
842 3464
5337 7776
8958 9462
5018 9766
2552 9383
11 4239
662 1689
3974 9614
2331 9163
625 6934
3920 9664
1983 8930
6623 9217
2537 6290
3492 9022
3789 6420
5033 8287
2502 7832
3839 9807
7236 8667
4343 6257
1326 8030
1946 4229
7123 8592
3210 7407
4811 8274
3105 6975
4562 9223
3044 4226
3570 8651
1668 3764
1012 4582
4438 4691
7089 7429
288 4659
4224 6368
2314 9297
5201 7247
2645 7878
2868 5490
434 4341
4156 4363
1157 7813
2984 7867
8100 8851
938 2201
6622 8315
182 4398
8423 9213
2741 5643
1357 3174
5064 7004
1349 8212
2344 8750
3289 7849
8100 8229
3480 6344
221 6677
5428 6027
534 1338
5803 8071
2890 4337
2970 6890
1349 5693
3901 7693
4578 4635
1323 7730
28 2030
5888 8658
2901 6876
5101 8341
4557 6067
5164 9399
3892 9788
226 6845
158 5009
4506 8894
352 5782
3961 6674
3760 7666
888 1170
739 9561
5533 8277
2485 7501
2152 5724
3030 5910
3256 6822
125 1324
834 9055
3839 5841
5276 5853
3210 5304
3290 6542
711 6540
6225 8234
1096 8108
2462 5607
5888 6877
8113 9329
164 8553
1799 4171
4560 4746
4047 9397
929 4724
3280 4488
1780 8864
148 7977
8923 9722
5009 7329
1912 2650
3980 6298
349 2717
1438 4381
3023 3859
3133 5006
4280 5410
5591 7251
546 6601
3035 4649
5410 9713
2813 9438
1173 7524
2004 2440
3576 6692
5300 6644
1468 9464
7737 8099
4516 5949
1522 5833
1352 9248
3453 4498
4195 8919
1021 8255
1358 9504
2601 7958
3073 7923
4564 7380
4971 8582
28 5672
996 2802
6776 7567
4116 5014
8066 9178
1384 5267
1084 8841
3091 7023
6271 8687
744 2502
1502 4716
1361 3844
6393 7275
3755 8700
2921 6103
2167 7316
2746 9534
2966 9644
9492 9870
4191 7329
2275 7972
4001 6391
5838 6523
2465 9676
4963 8372
85 3501
5783 7242
4502 8887
6246 6877
5962 6579
5105 6049
111 1705
3142 5553
1903 3361
8068 9730
671 2443
8047 9805
160 1958
5235 6230
1828 6440
6384 9994
7151 8107
4276 4991
55 1521
2459 7026
100 5664
1351 9559
1821 6539
55 7593
2239 9138
4134 7152
4690 7540
1485 4894
1878 4417
1942 6013
5105 5260
1906 3862
901 6975
2446 9538
990 9063
1401 2170
411 2549
5389 8664
2150 8468
4113 8114
6216 7628
7179 9796
123 298
3831 4910
6455 7701
883 4564
1673 9575
5837 9796
7047 7113
4350 4760
259 3938
6319 6835
127 1054
1445 2082
5379 6747
179 6942
2163 5686
3585 6131
493 6008
1401 5281
5757 6373
3114 5595
2543 3127
1514 7626
473 4503
2251 5884
2543 3096
3965 7103
6277 7704
6492 7751
111 6166
109 9517
105 3769
4758 8988
2520 8433
4325 7364
1991 8020
1324 7363
1466 9092
2407 7851
6847 8594
2122 7898
6921 8099
3548 4308
1027 9323
5813 6805
4355 7052
1023 9517
2179 2906
623 2749
5277 9810
2524 6134
1456 5750
5178 8313
1346 8839
1387 4767
7160 8477
5543 8115
5489 6018
4113 8733
1911 2812
1244 9279
2997 8886
3151 8827
1670 4628
876 5171
5606 6722
1840 3238
3507 3905
6242 7023
94 7272
3564 6208
4895 7228
1589 5958
1077 1897
5871 7801
1031 7603
4452 8354
6885 8853
3549 6997
4057 7169
984 3797
382 4021
6835 8530
7582 9543
4139 5440
1726 2855
4054 9924
6409 7660
180 9171
3517 7565
8263 9525
9027 9921
1357 9232
5014 9396
5564 5913
6198 9574
4390 7376
5610 6775
4542 7936
2645 4323
7091 9130
3539 4597
3602 3775
1561 7096
1465 6643
1568 8393
2382 5804
3483 8214
2823 9319
2829 5009
4667 7734
1271 8474
323 2631
5740 8454
4479 6434
501 7401
4158 9437
5932 7536
5882 6666
8991 10000
1131 9570
785 2809
5022 6245
168 5255
143 762
3960 4107
2119 5730
2405 2851
1161 8078
4669 6791
6881 8718
4861 7256
501 1582
505 571
3926 7898
3675 6772
5526 9746
2032 3678
4342 6592
4595 8829
1909 2985
7860 7881
2618 8384
624 1618
6218 9285
2036 8005
2753 5655
2892 3571
4631 5728
1825 9452
3169 9910
2196 5438
656 957
3221 5839
582 2622
6445 9815
6145 6285
907 5356
3679 9383
6375 7384
2245 3869
6743 7497
781 3710
1921 9883
1304 2860
648 7602
1430 7395
560 7607
317 4401
3746 4795
7406 9566
3379 3863
2828 9100
99 7521
6283 6419
99 4778
4603 6421
1038 2157
785 4775
2381 7311
2930 8170
1803 6238
8026 9979
4138 6710
887 9153
276 3604
2015 3855
693 6302
2599 7334
2708 5761
8391 8952
2185 2262
5258 7997
237 7562
4193 8479
2110 2751
3505 7517
1865 5041
5371 7169
2863 6315
3776 8269
6888 8958
5735 7221
3251 3499
1872 2558
1078 8769
5102 6397
3300 5438
3236 3669
1433 9390
7775 8516
1915 7687
1000
1 2268 7316
2 8923 9722
3
1 2800 8727
3
3
3
1 4030 4124
3
3
1 1623 3686
2 1903 3361
3
1 5485 8233
1 2442 4289
2 674 7921
2 876 5209
1 1875 1985
1 142 8484
1 145 1221
3
2 3412 6460
2 1348 3979
2 1023 9517
2 3289 7849
3
2 1767 8822
1 2881 4663
1 2919 4629
3
2 44 9501
1 2140 8520
1 910 6191
1 8024 8721
2 3661 9458
2 2331 9163
2 99 4778
2 3606 6337
3
2 4355 7052
2 143 762
1 3356 9521
1 2689 5680
3
2 200 4548
1 1847 6389
2 3337 9386
3
3
1 4095 5327
1 2952 5382
2 896 8102
3
1 4411 8924
2 1795 8396
2 5973 8981
2 922 8812
1 2018 7305
2 6182 6487
3
1 3831 6774
2 2485 7501
2 88 6216
1 576 642
3
2 4493 6966
1 7037 7840
2 1982 9716
1 2625 8248
2 6847 8594
3
3
2 1214 4231
2 5882 6666
2 363 8334
2 7166 9299
2 3105 6975
2 317 4401
1 4173 6461
1 5232 6254
3
1 1115 3683
1 6523 9471
3
3
2 3547 9316
3
2 2829 5336
3
1 135 1884
3
2 4562 9223
2 37 9800
3
3
2 8966 8980
1 4137 4279
1 7166 7961
2 5851 7741
2 436 5603
2 5757 6373
1 1265 4815
3
3
1 127 5580
2 100 5664
1 3116 4522
1 409 4911
3
2 3507 3905
3
1 1441 4186
2 1217 5618
3
1 4210 5661
1 3071 7722
3
3
1 6056 9181
2 3901 7693
2 3839 5841
1 4628 9423
3
1 5325 8681
1 371 8489
2 6543 8915
3
1 3923 9351
1 2584 2933
2 2863 6315
3
1 4982 7672
1 6026 8980
1 4531 8227
3
1 691 9003
1 1154 8608
2 1986 9558
1 4738 6535
1 4391 4985
3
3
3
3
3
2 888 1170
2 5519 7168
2 1872 2558
1 1131 7423
3
2 2425 9843
3
2 8250 8345
1 7177 9226
1 1005 6011
3
1 5101 8736
3
1 304 3539
1 4581 7277
1 1594 8713
2 2475 4297
1 3036 6574
1 3841 8226
1 454 2481
2 7582 9543
3
1 7242 8142
3
3
2 2163 5686
2 2689 5680
3
2 9567 9728
2 1439 4815
3
1 3610 8517
2 3702 4376
1 1836 9569
2 3356 9521
2 990 9063
1 2956 3691
3
2 4585 8613
1 2636 4238
2 8895 9042
1 2295 7251
3
3
2 1463 9148
2 276 920
3
3
2 4095 5327
1 455 717
1 937 2563
3
2 1841 1920
2 3221 5839
2 2465 9676
2 2490 6444
1 2390 6166
2 3717 4339
1 592 9143
2 984 3797
1 5155 7587
1 2320 5909
2 6198 9574
2 3831 6774
3
2 5736 9278
2 3023 3859
2 1828 6440
1 112 3665
2 2165 5605
1 5571 7079
3
1 4058 4564
3
1 977 6600
3
1 504 4700
3
3
1 7754 9753
1 2340 6051
1 7918 9802
3
1 4991 8694
1 5818 8630
1 241 5223
3
3
3
2 3481 8067
2 352 5782
1 4967 9233
2 2881 4663
2 4713 5101
2 2340 6051
1 8010 9868
2 6319 6835
1 2820 4413
3
1 2403 3917
3
3
3
2 3839 9807
2 2179 2906
3
3
2 9492 9870
3
1 5466 7283
2 5201 7247
3
3
3
3
1 1577 9488
3
1 426 493
2 2034 5029
1 9794 9818
3
1 5593 6498
2 3030 5910
1 5262 5771
1 55 3052
2 1753 6042
1 707 9158
2 2019 4379
3
1 1425 7282
1 2463 3319
2 6277 7704
3
3
2 3280 4488
1 1371 5265
3
3
3
1 610 9668
3
2 3857 6140
2 1400 7222
1 1277 4131
3
1 4096 8232
3
3
2 493 6008
2 1335 5045
3
3
1 5612 6833
2 8198 9861
2 595 6083
1 5364 5911
2 6978 8820
1 491 3481
2 1456 5750
1 5759 6034
3
1 2212 4930
1 2661 4400
3
1 4966 8665
2 148 7977
3
3
3
2 4641 8223
3
2 345 3497
2 3427 9320
2 127 1054
1 3675 4850
3
2 1207 9284
2 3920 9664
1 5555 9596
2 1425 7282
3
3
3
2 2984 7867
2 2298 8576
3
1 374 4584
2 3169 9910
1 1204 4060
3
2 2382 5804
1 2177 7084
1 641 5652
2 7291 7981
3
2 1096 8108
2 6921 9269
1 3776 5851
2 5522 6530
2 491 3481
3
2 3976 9396
1 4175 4231
3
2 1668 3764
1 2814 3062
2 1262 2583
3
2 4189 9255
3
2 6506 9822
2 3128 5310
3
2 6896 9923
3
2 6225 8234
3
1 939 1835
2 409 4911
2 985 5915
2 4139 9995
3
2 2390 3222
3
2 6623 9217
1 2823 4993
2 259 3938
1 587 795
2 4595 8829
3
3
1 1018 1603
1 2171 8793
3
2 2997 8886
3
3
2 615 4792
3
2 1027 9323
2 3675 6772
1 2216 8410
3
1 1042 6433
3
2 6945 7502
1 2782 3959
1 251 279
2 4 3871
2 2196 5438
3
2 5009 7329
1 2693 3173
1 1029 7496
1 4090 4785
2 821 2740
2 8012 8263
3
2 3872 4004
3
2 2462 5607
1 6351 6692
1 3953 7209
2 1561 7096
2 1012 4582
2 2201 5522
2 3724 6202
2 7091 9130
1 3615 9870
3
1 3470 8031
1 95 6995
1 7004 8305
3
3
1 4545 9394
3
3
3
2 443 9774
3
2 7754 9753
3
3
1 3185 3527
2 711 6540
1 2577 6486
1 1529 4644
3
1 5913 6635
1 3650 9815
1 2490 8180
1 4128 7133
2 8434 9161
1 3401 6176
1 3235 7757
2 1441 4186
3
3
2 5564 5913
2 1337 7833
3
1 1826 4615
3
1 780 1792
2 6523 9471
1 3314 6238
1 478 9382
3
1 901 3906
3
1 4187 9099
1 4050 4700
3
1 1434 2864
2 8588 9165
2 5258 7997
2 1444 4174
3
2 168 5255
2 4911 8546
1 7745 9660
1 7361 7808
3
1 1403 6292
2 3314 6238
1 3200 5526
1 1874 9196
2 4156 4363
1 2157 9134
1 5645 5819
2 7840 8238
3
3
3
1 4690 8308
1 797 2519
2 5101 8736
3
3
3
1 4580 8243
3
1 1366 2636
1 1560 8659
1 1395 6362
1 3484 7052
2 3235 7757
3
2 3210 5304
3
2 2572 4036
3
1 5720 7603
3
1 4552 7510
1 8763 8998
1 6151 6842
1 1183 6330
2 8303 9639
3
3
2 7188 9879
2 1042 6433
3
2 3236 3669
2 8763 8998
1 4904 6940
2 6885 8853
2 123 298
2 693 6302
1 438 3200
3
3
1 2256 4784
2 5610 6775
1 52 4691
1 607 2861
2 1506 6132
1 2228 4241
2 148 3316
1 8458 9302
1 698 8590
3
3
2 1555 3232
3
1 2931 6918
3
1 3031 7002
2 4413 4982
3
3
3
3
1 464 1779
3
1 1781 6760
2 781 3710
3
1 45 1863
3
1 5530 5661
3
3
1 4350 9290
2 3943 6200
3
1 18 1752
2 5202 7980
2 1803 6238
2 2074 7376
1 2461 5728
3
3
3
3
1 6805 7901
2 7492 7519
3
1 2111 2989
2 2459 7026
2 2828 9100
1 2394 2859
1 2907 3066
1 7643 9400
1 4470 9558
1 4447 5533
1 689 2584
1 1870 6567
3
3
1 3733 6500
2 1883 6876
2 501 1582
1 8401 8701
3
2 4280 5410
2 3198 4236
3
2 2239 9138
2 5735 7221
1 3772 7923
3
2 1348 7191
2 116 866
3
2 933 8169
1 6126 6507
1 2980 6146
1 5104 6924
3
2 3120 8871
2 6200 7652
1 6791 8468
1 4846 8252
2 2275 7972
3
1 1287 4571
2 18 1752
1 2767 9095
1 258 1052
1 3492 5522
1 335 2790
1 6050 6248
2 5379 6747
1 5767 7031
1 1049 7424
3
3
3
1 1361 4709
2 3998 5179
2 2218 5946
2 3483 8214
1 5382 7175
1 6406 9361
3
3
3
3
3
2 5064 7004
3
3
2 7733 8369
1 253 7827
2 841 4620
1 3755 5104
3
1 1488 7360
3
2 7643 9400
1 651 5890
1 2994 9484
1 7350 8568
1 5157 8835
2 1183 6330
2 3528 7677
2 996 2802
1 2436 3548
3
1 361 2125
2 641 5652
1 2609 3061
1 420 9746
2 4710 7763
3
2 662 1689
2 3939 7832
3
1 4962 6631
2 2820 4413
3
2 7753 8123
2 4963 5433
1 7575 9143
3
1 2697 3877
2 8705 9583
1 2496 3051
3
2 4545 9394
2 5945 8004
2 8997 9676
1 8104 8540
3
3
1 3613 7640
3
2 8401 8701
2 3675 4850
2 4631 5728
3
3
3
1 3896 5203
2 1983 8930
3
3
3
3
3
3
1 1339 6186
2 3317 8967
1 1825 8414
1 4703 8055
2 3142 5553
3
2 1534 6713
2 792 2228
2 5412 8539
2 1195 7089
2 5803 8071
3
2 3256 6822
2 2921 6103
1 6321 8578
1 4899 8230
2 3261 9801
3
2 6826 8955
1 1314 3550
1 1475 5972
2 3129 4413
1 4231 8518
1 732 9108
1 709 2452
1 1610 7541
3
2 2490 8180
1 2097 8052
1 6812 8753
1 5624 7635
3
1 1456 2743
2 2959 4044
1 331 9458
1 2826 6630
1 1389 2932
3
1 964 1293
3
2 1878 4417
1 4500 9394
1 3142 3508
1 1024 4251
1 304 650
1 1396 4667
2 2712 5638
2 5645 5819
3
2 587 795
1 4041 9303
2 2956 3691
2 7667 9238
1 2671 7551
2 1865 5041
2 3453 4498
1 940 1660
1 6958 7876
1 1263 6165
2 3701 9776
2 1610 7541
1 4103 4164
2 4128 7133
3
1 3932 4224
1 7510 8714
3
1 7515 7540
1 1034 4481
2 6760 7134
3
2 7160 8477
2 3091 7023
2 691 9003
2 1265 4815
1 131 1168
2 2222 2600
2 3200 5526
3
3
2 4690 9416
1 3407 4494
2 2697 3877
1 2135 4951
2 9074 9282
3
3
1 345 2136
3
1 6154 8455
3
1 6373 7835
3
3
3
1 2659 5093
2 2659 5093
1 1199 4349
1 1840 6637
1 78 1374
2 1514 9967
3
3
1 53 1343
2 4500 9394
1 88 8627
2 55 1521
2 80 3109
2 6266 8540
1 1312 7314
3
2 1086 3535
2 7575 9143
1 1846 5715
2 6278 8210
2 1726 5910
1 3188 7833
1 5601 7952
2 4001 6391
2 2110 2751
2 2367 7108
1 6272 9566
1 2479 7907
3
1 2310 5740
2 4325 7364
2 8100 8229
2 560 7607
3
3
1 3951 4187
1 2149 3411
1 7555 9247
2 4231 8518
1 5169 9788
1 4085 6052
1 1770 6193
3
3
1 2859 5236
2 2901 6876
2 7884 8579
3
2 5104 6924
2 3095 9259
3
3
3
3
1 2547 4653
3
2 46 9621
3
2 1465 6643
1 2173 9084
2 4083 4484
1 1561 8409
3
2 1547 6574
2 1389 2932
1 1128 4279
1 5008 7531
1 867 8855
2 1445 2082
2 7321 9912
3
2 7573 8376
1 2256 5834
1 4374 5084
2 3610 8517
2 2916 8120
3
1 3072 8308
1 1930 8662
3
3
2 1361 4709
3
3
3
1 6533 9470
1 2982 5130
3
1 4128 4617
3
3
3
1 2293 3766
3
1 3680 5396
2 3760 7666
1 3336 5629
1 1267 5939
3
1 1953 8049
1 5938 9455
1 365 4485
2 504 4700
1 1171 6312
1 885 9147
2 7521 7613
1 7451 7654
1 1279 9859
1 1962 5394
3
3
2 1625 3277
2 565 8037
2 221 6677
2 4506 8894
1 6124 9969
2 3896 5203
3
1 5037 8842
2 5726 7407
3
1 7137 7723
1 5878 7902
1 7602 7617
3
2 1825 9452
1 1707 3129
1 1168 5452
1 1461 4871
1 6084 7313
3
1 2084 3992
3
3
1 2433 7820
1 1048 2991
3
1 4331 4999
2 4628 9423
2 260 6765
1 1151 4068
3
2 1049 7424
2 5057 8885
2 3481 8960
3
2 4837 9851
1 3683 6562
3
3
3
3
3
3
1 609 7603
1 1533 8166
3
3
1 96 5157
3
2 5837 9796
1 3030 7313
3
2 3548 4308
3
3
2 7089 7429
1 3583 4473
2 4564 7380
1 3347 8054
3
2 1190 6311
3
1 6109 9487
2 4762 5212
1 5502 8166
2 3615 9870
3
1 1441 8748
1 5031 8165
3
3
1 341 6197
3
2 3679 9383
2 1351 9559
2 1391 4618
2 3151 8827
1 2894 9936
1 275 3026
2 4580 8243
2 5262 5771
2 3429 8641
3
3
1 870 5860
2 3142 3508
2 1991 6618
3
2 1962 5394
2 4966 8665
3
2 374 4584
1 4556 8532
2 4490 5025
3
2 1493 4764
1 7525 8121
3
3
2 3607 5993
2 3570 8651
1 2686 9686
2 4057 8475
2 3828 6064
3
