1455
1455
1455
1457
1458
1460
1460
1460
1458
1458
1458
1458
1456
1456
1456
1458
1458
1473
1474
1474
1474
1474
1474
1472
1469
1469
1469
1466
1464
1464
1463
1463
1463
1465
1463
1465
1465
1465
1466
1468
1466
1468
1469
1473
1473
1474
1474
1473
1473
1473
1474
1474
1474
1468
1473
1475
1475
1474
1474
1474
1476
1476
1476
1476
1476
1474
1472
1473
1473
1473
1472
1473
1473
1476
1479
1474
1474
1473
1473
1473
1473
1466
1468
1466
1462
1466
1466
1462
1460
1457
1462
1463
1462
1462
1459
1463
1461
1461
1461
1461
1459
1459
1461
1463
1463
1463
1466
1466
1470
1468
1469
1469
1468
1467
1465
1462
1458
1455
1455
1454
1454
1454
1457
1458
1457
1459
1462
1467
1469
1468
1468
1468
1468
1469
1469
1469
1466
1463
1457
1457
1457
1457
1457
1457
1457
1458
1458
1459
1458
1458
1457
1457
1457
1458
1458
1458
1456
1456
1454
1453
1453
1454
1455
1455
1452
1454
1451
1451
1449
1448
1446
1446
1447
1447
1448
1452
1452
1451
1454
1454
1453
1447
1448
1446
1445
1446
1446
1446
1444
1444
1449
1445
1446
1441
1442
1442
1443
1442
1442
1440
1441
1440
1440
1440
1440
1439
1439
1442
1434
1434
1432
1432
1432
1431
1431
1431
1432
1431
1429
1429
1428
1430
1430
1431
1431
1431
1432
1432
1431
1431
1430
1429
1429
1429
1429
1427
1424
1424
1424
1424
1419
1417
1422
1425
1425
1427
1427
1427
1430
1430
1430
1431
1431
1431
1431
1430
1436
1433
1430
1429
1427
1429
1429
1430
1430
1430
1430
1429
1429
1430
1431
1431
1430
1430
1428
1430
1427
1427
1422
1422
1422
1422
1422
1422
1421
1424
1422
1420
1420
1420
1423
1422
1420
1418
1416
1418
1420
1419
1416
1416
1413
1413
1413
1413
1411
1411
1411
1414
1417
1417
1417
1418
1418
1407
1408
1408
1409
1410
1410
1411
1411
1410
1412
1412
1411
1410
1409
1407
1404
1404
1404
1406
1410
1411
1411
1411
1412
1412
1411
1409
1409
1408
1408
1410
1409
1408
