1000 10000
2235 5575
3758 4150
3176 6991
6518 6699
797 9668
2037 8886
4368 6001
6787 7636
309 3546
186 1430
3579 7888
5185 7913
1069 9041
5601 9345
5460 9028
4041 9842
7350 9066
373 3310
1486 8923
1547 4898
114 9335
3199 6887
2703 4881
2429 8950
272 8744
5100 5906
3533 8195
1641 9491
7445 9195
7193 8450
1996 5917
1326 7759
2546 9666
1148 6467
1025 6910
2057 4366
1634 4034
390 6568
6497 7442
7165 9565
2640 6629
3664 8280
6485 7619
5058 6329
149 4417
4590 5202
918 9752
351 9436
1624 6514
2749 9851
4951 9954
5725 6079
1590 6350
362 5992
4900 4935
2768 4398
1649 5509
8642 8957
2890 8107
1698 6101
2049 3167
2993 6417
5606 7074
6950 8495
5547 5563
9543 9654
4503 7730
3048 9781
1477 2517
3563 9990
8095 8489
1893 7835
2824 8740
8608 9426
3728 7046
1877 7914
6269 7618
3903 6786
3544 9807
89 2147
3230 7688
1091 5468
542 4815
1355 1952
5158 7437
7978 8053
4493 6860
3048 3876
3479 3503
2645 9997
8276 8905
6875 8344
341 1998
524 3711
9790 9805
107 4629
3147 5648
5487 8494
118 7423
8341 8865
1203 3310
1734 5842
2234 5124
252 4650
2960 9493
4309 6409
2789 6417
4861 5415
3602 3720
2265 2666
4470 5276
1466 8678
1104 8036
3677 9835
2946 7296
982 6711
5435 8968
4207 5039
2666 3677
198 5527
4466 5558
9355 9917
1882 3595
1146 3704
853 3954
3616 5879
9275 9875
1734 8263
1679 8723
5242 8149
3913 8825
1391 8802
2282 9616
6917 7483
3489 8116
763 9637
1518 2162
687 4142
677 6836
7262 7758
425 6464
885 3042
1233 5133
398 856
7196 7288
8084 8350
66 2998
114 9408
4310 4414
7941 8618
7709 9147
1864 4967
5059 8826
8798 9345
4290 5775
2760 3882
227 1211
2968 9821
996 3056
7022 7342
1560 4866
636 4215
3999 8083
4455 5255
3640 3645
186 5200
2969 6663
5865 8738
588 5522
222 6848
541 992
1192 9213
4835 7957
1303 3335
1433 7092
147 9482
1875 6947
6766 7410
16 2657
450 9909
1229 6652
2601 4649
6085 8390
5903 9876
5000 7275
205 2699
1711 5567
1038 8455
190 2825
724 7760
3442 3961
6945 9419
2333 2776
5699 9926
7920 9797
3561 3683
254 7428
1234 4020
579 9977
3604 9732
5283 8441
5875 6973
405 5711
2632 5912
2804 8421
5272 9071
6446 9087
896 9159
2196 6549
3730 6044
5937 6587
486 4105
7444 7834
5884 8779
2146 5119
7581 8557
440 5203
2746 5082
5120 5678
41 6000
2810 6679
2096 8134
1494 9503
7458 8237
106 5320
7969 8255
1395 3190
4803 6603
31 1777
2225 4099
466 2856
6205 9547
7288 9638
5148 6856
7737 9875
1086 5440
1394 8155
362 3992
5935 9969
550 8878
1834 8373
4358 9257
1170 1175
614 9475
4611 6420
3544 4070
7428 8612
1773 1829
243 3394
716 7285
4328 4423
1096 1895
3034 4595
8045 9180
3865 5159
1234 2001
3267 9854
2506 9216
1162 5412
3272 6217
288 9089
3006 9350
1282 4264
1253 2051
4730 7704
1407 3675
6683 7387
1620 4745
3277 6037
915 1867
6773 9136
5054 9075
2901 5554
6676 8990
7792 9464
370 5363
2070 6938
1555 4420
1995 7990
2867 3065
4645 7436
5722 7030
1536 6803
5277 6842
3679 6845
5688 9672
2188 9730
7566 8572
3760 5249
128 8422
7454 9800
4034 8356
397 4231
5400 5791
4219 7169
8310 8790
461 489
3813 6062
169 2554
5766 8585
2534 7988
5756 6001
2891 5136
1780 5181
1845 2460
2017 9317
3704 9264
5911 8668
541 3008
747 951
3908 9128
638 6154
3824 5808
206 1059
389 9059
2986 3576
8379 8578
7807 8248
718 9615
4532 9567
131 6050
803 1041
1750 4394
9323 9666
4199 8706
5611 8495
6190 9378
812 4309
3577 8613
2437 8664
4868 7213
364 4694
5435 9897
1723 2786
1999 4949
563 7056
1834 3027
4841 8980
743 7397
5856 7922
1165 4813
7088 8943
4049 4105
2823 5552
3730 5614
5989 8000
3176 9864
9304 9783
920 8407
5315 6685
1742 2114
7396 8490
2254 4443
2352 3444
6187 8945
4575 7174
3681 9327
1422 8131
7138 7605
8097 9880
892 5147
1586 7079
685 6565
2565 7058
5761 5870
5812 9755
5162 7716
4847 6695
900 9062
1185 1525
3677 4932
3061 5776
303 5068
4435 6620
2685 5771
7474 8165
9136 9986
3756 9470
242 2231
2994 8795
7475 8656
1030 7670
7672 7979
2206 9916
1848 2231
2517 7537
2429 3804
2097 9007
3206 4563
2917 7171
138 1765
3274 4167
3026 7952
4178 9925
2753 9011
4596 7307
12 9296
847 8485
1085 1582
388 3624
131 6791
2077 2612
7899 8092
2227 6150
6117 9096
2530 2766
2656 5417
5738 7823
7006 7081
663 7402
1 8930
1226 2724
116 9334
851 5574
7364 9349
8762 9279
6256 7369
5006 7883
8284 9037
652 7297
467 2321
3409 5121
1808 9225
1744 9804
4548 4731
5836 8716
1700 5380
679 9873
1602 8713
2857 7682
3164 7662
5502 7958
468 5031
1429 7992
129 5695
50 4572
5555 9533
2558 6213
3412 9769
6206 8382
2517 5192
3199 5164
342 4267
545 5087
3898 4072
986 4959
5781 7035
6806 9028
1124 6367
4609 5966
5097 6291
560 7869
2287 8658
5955 6364
2298 3915
4741 8677
1114 9749
4914 7208
724 9243
5395 8273
8731 9187
2155 5673
6079 7691
4351 9070
6639 6960
3425 9020
3127 6677
2985 9934
865 2166
1479 7937
1236 6606
1906 9265
1405 7352
68 1746
5728 7184
3828 5393
3655 7878
567 1940
2411 7039
1628 3216
1925 2267
3729 3862
2002 7550
168 1926
4972 7476
1113 9795
5169 5970
5604 6645
7374 8530
4917 8105
4438 5121
2915 9070
3480 5561
3250 9612
37 3769
4599 5298
2317 3144
4655 6926
5123 8277
436 9053
3938 5580
3520 9742
2327 5138
2491 7616
687 6225
2013 5399
3811 4815
140 543
5028 5334
348 7970
1758 7399
875 8215
8938 9861
1733 6699
3176 4589
7365 8811
1188 3165
967 8726
85 735
1320 8307
3256 8811
7989 9088
1079 5674
4847 4865
5979 8091
4486 8469
92 2727
4986 8701
1168 5677
493 7187
4160 5415
4872 9316
375 8482
4422 6161
2358 9068
4827 8474
1355 5905
1837 7829
2993 4740
1818 9466
685 4570
6814 9333
668 2823
142 506
1663 9585
3256 8740
3867 5154
3453 9736
2426 3354
2453 4297
8069 8528
4384 7597
513 9048
554 9379
2381 2577
2778 6440
4498 5788
1442 9543
8800 9769
5048 7054
3005 7753
1851 9562
1689 3230
336 5386
135 4797
8433 9697
3875 6667
4509 5061
3724 6254
7763 8513
4090 7953
5794 8699
787 6869
1372 3519
5483 7063
6505 9880
8474 9000
1310 5596
4571 6684
174 2702
13 9948
1831 9532
1749 5460
4771 7247
244 4875
5290 9342
2515 6121
8497 9316
872 5103
740 6213
1216 5282
3131 4653
1013 1517
152 8484
202 993
2242 6057
1029 5790
2545 4046
5927 6771
3226 7030
2530 7432
270 1514
1863 2411
5064 9266
2296 8483
5482 6187
4366 7254
6278 8597
5913 8430
8819 8839
184 1675
3754 8155
1270 3883
2067 6086
2097 5615
5009 6873
1237 2580
324 8080
4580 7465
4069 8774
3311 6228
7743 8125
3532 4768
3219 3529
552 2824
1657 7531
1883 3237
2787 5529
3159 7275
2886 7528
48 7305
5261 9811
254 3534
317 8159
865 8587
3245 3899
4150 6618
4899 6461
7410 9014
4096 9816
798 2416
1931 1936
2898 6606
5691 9269
4054 9796
8187 9494
6582 9474
8121 8874
961 1939
1832 1850
2173 5330
4699 5128
5990 8171
2055 4954
6558 6651
4320 5601
2913 5919
1938 9918
4036 8322
75 8421
2429 8760
942 2305
3763 7511
1933 7013
3698 6479
1426 3138
705 3302
3146 3423
5295 6039
2947 9371
8041 9141
3719 9935
1399 5087
7089 8910
3242 8519
6458 6611
7183 7574
5433 7282
6839 7787
1621 5849
1843 7454
1257 7033
1735 3884
550 6038
609 6703
3851 4173
7941 9011
806 7411
2010 9928
5261 8751
7346 9149
5617 6358
6524 7645
1119 2708
7739 7875
2268 9115
867 8100
4027 5298
1534 8934
5892 9687
5020 9074
3005 9648
5154 5843
3692 8972
426 487
2456 4877
2862 4597
462 8862
7621 9949
3091 7109
993 9309
9203 9912
565 5724
2428 9977
3334 3892
5456 7720
3329 8832
6110 8482
743 5825
329 7914
123 9499
399 2892
2509 3342
6259 6779
3705 7382
5667 8597
3688 5547
6180 8601
1501 5634
798 5403
8095 9652
8480 8768
783 1626
608 9550
1806 5777
5309 7757
9081 9781
9832 9973
5087 7064
1807 3374
5592 7033
1907 3970
1744 7084
3022 3581
5321 5817
6051 9446
1178 3336
28 5129
327 6510
5085 6622
809 5442
72 2182
6033 6474
4262 9606
7570 9733
594 1478
5188 6243
3212 6227
5834 5888
7241 7772
60 6877
535 6191
3030 4287
2079 6776
1671 6798
619 7544
7891 7927
6827 8660
82 1003
3509 6130
4333 7887
2349 6787
680 3530
7840 9654
2871 8246
8138 8354
4362 6588
99 4396
5705 7028
1095 3950
2361 2786
104 5759
3336 3560
1061 6055
1052 2439
2605 7570
1177 9405
1893 5583
6823 8665
506 4382
5105 5778
7999 8512
5232 6437
182 703
1841 9911
5396 9371
3359 7301
1234 8454
284 9708
366 6727
6639 6766
2263 9724
648 6876
2599 8813
1343 9686
3597 7434
6942 7552
1818 7380
5257 8849
560 7223
599 6786
4902 5408
512 1138
1891 3810
788 2370
3132 9600
4048 7789
1777 3538
2859 6636
265 7785
7212 8545
5869 6550
3441 9230
2495 6572
5865 6330
770 8949
4242 7468
1899 5439
9286 9727
1021 7779
110 5609
606 2928
5326 6979
9717 9771
3821 3969
5371 5648
7166 8811
378 7601
1676 9606
4496 7924
1429 3181
1155 5567
1972 8963
4090 4367
5318 5973
2567 7455
1505 5806
3573 5992
3793 9320
3395 8440
4089 4833
670 7764
8092 9998
3226 5846
9085 9326
5291 9758
1036 8953
3779 4327
5757 6696
3965 6633
6348 7978
1793 2840
26 2095
1316 3364
1947 4922
5589 7179
2372 6918
820 1617
3749 4363
564 1406
3824 5993
7695 8764
4781 5118
6331 9939
43 7133
8932 8955
1976 5759
7822 8923
8995 9222
3817 4312
3115 3292
4353 5362
1993 5142
6177 9906
6058 7857
4620 7027
1363 5367
7488 8873
1147 7660
528 9279
1116 9555
2355 9697
648 9475
1282 8931
682 6899
1094 9120
565 7638
7559 7755
5583 7576
505 9383
2239 4922
372 7541
4136 7929
3385 4428
3794 6788
942 8943
3504 8730
2370 2884
3004 6200
202 772
8063 8199
1690 6413
5945 6828
3536 3870
2327 3822
930 5382
1207 3541
4180 5692
92 6527
1323 8321
151 1236
5547 7115
4209 6153
3657 5339
3032 9658
4113 9762
9092 9503
1838 3542
1847 4766
3796 4114
1191 2369
3511 9126
2074 7450
3313 8611
228 7095
2015 3281
4989 9463
2807 3014
8562 9052
1673 3847
1204 4240
5308 6200
2814 4519
518 5864
73 6286
5493 5574
6755 7451
5550 7344
1252 6685
1531 3576
958 3409
2597 2907
7504 8321
2908 8996
3728 7927
5839 6904
3023 4620
2437 6189
159 2476
2625 6516
365 3218
2419 2857
4774 5396
7290 8721
1496 8457
2146 6109
3790 4041
1234 5226
3389 3958
7969 8798
1042 9331
780 975
3848 7038
3137 8748
2659 6546
213 4211
326 773
1886 6508
3923 3943
1259 2682
1158 6769
4295 9762
5843 8849
1831 6623
4306 9607
2343 2724
2742 3824
2688 4635
3498 6619
6302 7429
5582 8742
3948 7179
3497 9411
1436 7560
6337 6893
754 7050
8396 8772
9881 9909
1653 7040
3 4009
1000
2 4090 7953
3
3
3
1 2764 7564
3
1 1071 1496
1 749 2314
3
1 2140 6317
3
3
3
2 1257 7033
3
3
3
3
2 7840 9654
1 1162 9623
2 3824 5993
2 1793 2840
2 567 1940
1 5194 7592
3
2 3023 4620
3
3
1 4465 9802
3
1 2336 8851
2 351 9436
3
2 7166 8811
1 12 6970
1 2656 8108
2 2891 5136
2 6205 9547
1 4185 6223
1 2967 9223
1 1511 5685
1 2279 7647
1 476 5217
1 2290 6055
1 3408 9369
1 8778 9869
3
1 8230 8883
3
3
3
2 2898 6606
1 2254 5931
3
1 5436 9713
2 8084 8350
3
1 780 3150
2 1698 6101
2 3729 3862
3
2 5435 9897
2 3705 7382
3
3
3
1 1826 6555
2 6676 8990
2 114 9335
2 3602 3720
2 3030 4287
3
2 436 9053
3
3
2 5295 6039
3
3
3
2 7410 9014
2 1061 6055
1 2761 8956
1 2144 8080
3
2 5009 6873
3
1 1828 2139
1 67 1650
1 536 7640
2 2993 6417
1 2103 7989
2 7969 8798
1 607 2023
2 213 4211
2 1162 5412
1 874 8362
2 116 9334
2 609 6703
1 435 9926
2 326 773
1 4602 7715
3
3
3
1 8642 9370
3
1 2492 4866
1 178 4439
3
2 4310 4414
2 783 1626
3
1 4760 5092
1 4157 4754
2 3664 8280
2 178 4439
1 1464 7353
3
1 1880 1958
3
1 1189 1618
1 282 585
2 6823 8665
2 2601 4649
1 4385 5407
1 4895 9205
3
3
1 5750 6103
3
1 3280 4371
2 749 2314
1 6976 8095
1 263 5167
2 1536 6803
3
2 8938 9861
1 1014 1352
2 3256 8740
1 7001 9519
3
3
3
1 5672 7045
3
3
3
1 484 4664
2 1818 7380
1 817 2648
2 1124 6367
2 4895 9205
2 3441 9230
3
1 2013 7074
1 2792 5564
2 8433 9697
1 1802 8768
3
1 2644 5285
3
1 2703 8118
2 554 9379
3
2 5257 8849
1 2194 5953
2 2495 6572
3
3
3
1 925 8183
3
2 3311 6228
1 872 6921
3
2 4730 7704
1 2008 5964
3
3
3
2 2355 9697
3
2 5058 6329
1 2983 3796
1 1410 3616
1 5963 6184
2 1104 8036
3
2 484 4664
1 422 7978
2 6117 9096
1 314 2967
1 3134 7026
3
3
3
2 2908 8996
2 6051 9446
1 215 3602
1 2281 4315
3
1 6669 6812
3
3
1 653 2493
1 3623 4173
1 4318 9113
2 6639 6766
2 5869 6550
3
1 5674 7581
1 2532 7282
2 5911 8668
1 4411 4644
1 1912 8230
3
2 1590 6350
2 6110 8482
2 104 5759
2 5502 7958
1 3344 3597
1 3294 7735
1 5118 9876
2 13 9948
1 8042 9807
3
3
2 8778 9869
3
1 8943 9811
1 2458 8138
2 2352 3444
3
3
3
2 7193 8450
2 48 7305
1 1306 3209
2 3688 5547
2 4466 5558
2 2429 8760
3
1 1483 8173
3
2 5272 9071
2 1742 2114
3
2 3479 3503
2 3250 9612
2 9275 9875
3
1 6725 9265
1 1250 2528
1 5738 7532
1 6002 6816
3
3
1 4067 7786
2 2234 5124
2 8138 8354
1 6568 7532
1 2341 3268
2 244 4875
1 5461 9792
2 1700 5380
2 2530 7432
3
2 263 5167
3
2 528 9279
2 541 3008
3
1 6481 6653
1 9181 9850
1 1923 5879
1 138 7208
2 4368 6001
1 1009 2445
3
1 2465 9333
2 6458 6611
1 7056 9245
3
2 4328 4423
3
3
2 685 4570
2 3489 8116
3
1 128 6489
1 8024 8596
2 5738 7823
1 3563 9305
2 3828 5393
1 88 339
1 5447 7775
3
2 2778 6440
3
3
2 182 703
2 3704 9264
1 1273 7059
3
3
2 3657 5339
3
3
1 3568 6860
3
1 4599 8019
3
3
3
1 2524 5100
1 802 5408
3
3
1 2889 6877
1 3143 8245
2 5945 6828
1 631 7876
2 2327 3822
2 663 7402
2 4041 9842
1 3047 3086
1 4673 7717
3
2 1323 8321
3
1 4518 6792
1 6867 8326
2 2239 4922
1 923 4069
2 5756 6001
2 1931 1936
2 3412 9769
1 4336 9498
1 5579 6019
3
3
2 2524 5100
1 1946 2103
3
1 709 1178
2 7621 9949
3
2 303 5068
3
1 2422 5482
2 2437 8664
2 422 7978
3
2 3134 7026
2 73 6286
3
2 4900 4935
2 6806 9028
2 2688 4635
2 1038 8455
1 1539 8165
3
3
2 5456 7720
2 138 7208
1 167 9428
3
1 2365 7714
2 900 9062
3
2 1863 2411
3
1 2760 2780
1 3279 8872
3
1 7347 9726
3
2 1085 1582
3
1 1246 5328
3
1 2077 8453
1 1298 6755
1 5297 7636
2 5856 7922
2 2263 9724
2 1891 3810
1 1713 8655
1 9559 9797
3
1 537 5386
1 7337 9763
1 4534 6720
3
1 3300 8851
3
1 5197 8932
1 6576 9166
2 3048 9781
3
3
3
3
1 383 4676
3
3
3
1 4644 6546
2 8024 8596
2 4986 8701
2 2281 4315
3
2 1486 8923
1 5566 5698
2 4333 7887
3
2 1744 7084
2 5667 8597
2 1021 7779
2 1925 2267
3
1 4008 6897
2 228 7095
3
3
1 9028 9082
3
3
3
3
1 1711 7682
2 1188 3165
2 336 5386
2 7454 9800
1 3727 7525
1 4198 8651
2 2656 8108
3
3
2 3851 4173
1 2881 8849
3
1 260 4026
2 2235 5575
3
2 9323 9666
1 193 7925
1 3119 4141
2 4493 6860
3
2 5283 8441
1 7214 7333
2 2077 2612
1 5648 6630
3
1 3051 3811
1 1348 3389
1 3052 4668
2 288 9089
1 1966 6680
2 5188 6243
2 3147 5648
1 1915 9370
3
3
1 2712 4559
2 1689 3230
3
3
3
1 5330 5520
2 1320 8307
3
3
2 1907 3970
2 3563 9305
2 2947 9371
2 4435 6620
1 2837 9577
1 403 9431
1 1613 3014
2 4320 5601
1 734 1419
3
2 5836 8716
3
2 26 2095
1 3452 3658
3
1 477 8080
2 996 3056
3
1 5265 7680
3
3
2 5601 9345
2 1641 9491
3
2 2010 9928
1 2212 5509
1 3965 9631
3
2 747 951
2 1494 9503
1 3555 6124
2 425 6464
3
3
2 193 7925
1 5469 6995
2 9304 9783
1 8923 9197
3
2 1116 9555
1 368 782
3
2 1628 3216
2 5892 9687
3
3
2 2173 5330
1 2045 5583
3
1 6848 8383
3
1 39 4475
3
1 2123 8377
1 2261 5398
3
1 292 3867
3
2 2993 4740
2 1663 9585
2 3336 3560
1 7276 9391
1 1703 7022
3
1 2708 9235
1 705 7308
2 6259 6779
1 8070 9791
3
3
2 89 2147
3
2 2889 6877
2 4599 5298
2 1155 5567
3
2 243 3394
1 1744 9133
3
2 1837 7829
3
2 2045 5583
1 2042 4123
3
1 2301 9327
2 5989 8000
3
3
3
2 1806 5777
3
3
2 5460 9028
1 7705 9119
1 435 5262
1 7293 9243
3
2 1394 8155
2 648 6876
3
2 364 4694
1 4470 5305
1 8281 8422
2 4219 7169
1 459 2682
3
2 3005 9648
2 2968 9821
2 6755 7451
1 5782 7496
2 4868 7213
3
1 2442 2772
3
3
1 1127 4335
3
1 3989 6175
1 8991 9092
2 8230 8883
2 2915 9070
2 1355 1952
2 8991 9092
3
3
2 1036 8953
3
2 190 2825
1 2719 5529
3
2 565 5724
1 3633 4941
3
3
3
3
2 1845 2460
3
3
1 1760 5940
1 94 2800
3
2 5592 7033
2 1531 3576
2 705 7308
2 5555 9533
2 131 6791
2 39 4475
3
1 4379 6984
2 607 2023
2 3219 3529
3
2 3813 6062
3
3
2 2298 3915
1 278 3483
3
1 1282 6552
2 3724 6254
2 7474 8165
3
3
3
1 1439 3233
3
2 817 2648
1 2553 5124
2 1326 7759
3
2 4580 7465
3
3
1 7339 8881
2 925 8183
3
1 9674 9687
1 8042 9133
3
3
1 7199 8121
1 5494 8089
1 3817 6075
2 378 7601
3
3
3
2 94 2800
1 1471 6030
3
3
2 7444 7834
3
3
1 5437 9838
2 6337 6893
2 1236 6606
3
2 2946 7296
1 5670 7746
3
2 7705 9119
1 3685 4154
3
3
3
2 780 975
2 5487 8494
3
2 135 4797
2 3256 8811
3
1 5563 6684
3
3
3
2 7445 9195
2 2645 9997
2 4655 6926
3
2 7458 8237
2 5162 7716
3
1 77 3817
1 3363 8723
1 1445 5466
1 705 8044
2 4438 5121
1 6166 8636
3
1 2984 6568
2 1162 9623
1 872 8674
1 2916 3278
1 2362 4106
1 1310 8123
2 4069 8774
2 3032 9658
3
3
2 1096 1895
1 641 8675
1 2534 4456
3
3
3
1 1441 8237
2 5617 6358
1 1756 5933
3
3
3
2 2456 4877
1 269 776
1 1552 4705
2 3159 7275
1 2607 3063
1 4228 4418
2 477 8080
1 3369 6437
3
3
3
3
2 7899 8092
2 2712 4559
1 1255 1949
2 2341 3268
3
1 1185 6323
1 5780 6324
1 2293 9440
1 2188 2482
3
2 152 8484
1 4318 6357
2 1273 7059
2 2146 5119
3
2 3176 4589
2 1602 8713
3
2 383 4676
1 2678 9309
2 535 6191
3
2 3408 9369
3
1 2515 7130
2 1252 6685
1 2440 9110
3
3
1 1535 6901
2 114 9408
1 1786 4650
3
3
3
2 390 6568
1 66 5000
1 1135 8099
3
2 1883 3237
1 7004 8729
2 92 2727
3
3
1 1255 3461
3
2 388 3624
1 2006 5634
3
3
2 505 9383
1 4339 7396
3
3
1 6063 6607
2 743 5825
1 7797 8644
2 1899 5439
3
1 4452 5883
3
2 7364 9349
2 5750 6103
2 397 4231
3
3
2 797 9668
2 2967 9223
1 304 4318
2 1216 5282
3
3
3
3
3
3
2 3756 9470
1 6053 6815
3
1 4060 7840
1 3261 8172
2 1253 2051
3
2 1657 7531
3
2 3272 6217
1 6349 9051
2 2960 9493
1 572 3671
3
3
3
1 5408 9220
1 4871 6875
1 853 1093
1 3193 3765
3
1 1091 1793
2 198 5527
3
2 2333 2776
1 5080 8762
2 3903 6786
3
2 1094 9120
1 2103 8579
2 6206 8382
1 2281 2565
1 284 944
2 648 9475
3
2 2358 9068
3
1 1408 2806
1 3596 6094
1 408 1092
1 2921 8497
2 149 4417
2 8310 8790
2 8943 9811
2 3633 4941
3
2 6256 7369
1 1597 8662
1 8654 9131
3
2 2103 8579
1 8440 8574
1 495 6844
2 3965 6633
2 66 2998
1 4093 7727
3
1 7545 8344
2 1147 7660
2 565 7638
3
3
2 5699 9926
2 1802 8768
3
3
3
1 4874 9509
2 1841 9911
3
2 5080 8762
2 1750 4394
3
3
3
1 1310 5482
1 7271 8738
3
1 7189 9327
2 5232 6437
1 6190 7417
1 2805 2893
1 6217 7298
3
3
3
1 7792 8946
3
3
1 4550 8834
1 2120 2242
2 2792 5564
2 1119 2708
2 3061 5776
2 28 5129
2 2985 9934
1 4117 4760
1 7822 8669
2 4847 6695
2 1834 8373
2 1586 7079
1 198 5605
2 372 7541
3
2 1818 9466
2 1348 3389
1 4806 7631
1 2579 9190
2 7337 9763
2 982 6711
1 2908 5788
3
2 1972 8963
2 3561 3683
2 85 735
1 3470 8804
2 5482 6187
1 7009 9667
3
1 147 4605
3
1 3250 9629
2 16 2657
3
3
1 223 3602
3
3
2 5611 8495
3
1 8005 8722
2 5118 9876
1 3363 8553
3
3
1 3375 3523
2 3453 9736
3
2 8440 8574
2 1191 2369
3
2 3817 4312
3
2 3875 6667
3
2 3848 7038
2 341 1998
3
3
3
1 243 9001
3
1 3378 7280
1 4614 6718
2 1071 1496
3
1 8755 9352
3
3
3
1 3883 9487
3
3
2 2422 5482
1 5799 6235
3
2 5395 8273
2 872 5103
1 4882 7736
2 4874 9509
3
3
2 986 4959
3
3
1 2629 9924
3
2 7737 9875
2 4113 9762
1 2880 5988
3
1 6582 6805
2 718 9615
3
2 362 3992
