1507
1508
1508
1506
1503
1501
1497
1497
1498
1498
1500
1501
1501
1503
1505
1505
1507
1504
1503
1503
1502
1501
1500
1503
1504
1509
1511
1511
1511
1509
1509
1508
1512
1516
1517
1517
1516
1518
1518
1517
1519
1518
1516
1516
1516
1516
1517
1517
1517
1514
1516
1520
1523
1523
1523
1522
1522
1522
1519
1519
1520
1520
1517
1515
1515
1515
1514
1516
1516
1516
1516
1516
1520
1520
1522
1522
1522
1522
1522
1522
1522
1526
1526
1529
1530
1532
1533
1531
1532
1534
1534
1534
1533
1532
1534
1534
1534
1531
1533
1533
1533
1539
1538
1538
1537
1536
1536
1534
1534
1534
1538
1538
1535
1535
1536
1535
1535
1535
1535
1537
1537
1536
1538
1536
1536
1530
1534
1536
1532
1532
1532
1530
1530
1530
1531
1531
1532
1535
1537
1537
1539
1537
1537
1537
1535
1537
1537
1536
1536
1534
1532
1526
1525
1522
1520
1522
1520
1525
1524
1528
1528
1528
1527
1526
1528
1528
1530
1528
1528
1526
1524
1524
1523
1523
1523
1523
1524
1524
1520
1520
1519
1519
1519
1520
1520
1519
1519
1521
1512
1512
1513
1512
1512
1512
1508
1508
1507
1507
1512
1512
1515
1514
1516
1517
1517
1516
1517
1519
1519
1518
1518
1519
1521
1523
1523
1523
1524
1523
1518
1514
1514
1512
1511
1513
1511
1511
1511
1511
1511
1509
1508
1506
1507
1508
1511
1509
1506
1506
1505
1507
1507
1509
1507
1505
1505
1505
1503
1503
1505
1504
1505
1501
1502
1500
1500
1500
1500
1500
1500
1500
1500
1500
1502
1503
1501
1502
1503
1501
1497
1497
1497
1497
1498
1497
1501
1502
1500
1502
1495
1484
1486
1486
1484
1484
1485
1485
1485
1485
1484
1483
1483
1487
1487
1487
1488
1490
1492
1491
1490
1490
1490
1487
1487
1488
1490
1488
1489
1489
1484
1484
1484
1490
1490
1490
1488
1491
1489
1489
1489
1490
1490
1490
1488
1488
1491
1491
1488
1487
1488
1486
1488
1488
1486
1489
1489
1490
1490
1490
1490
1492
1491
1491
1493
1488
1490
1489
1491
1491
1491
1489
1491
1488
1488
1487
1487
