1000 200000
103925 155645
53826 117251
20867 186080
36182 64412
98970 139564
73790 153994
28326 92668
135742 151397
15866 122992
69651 86583
70401 112950
73475 127143
58762 107584
34117 106513
89917 159312
17259 141603
134333 152530
627 143109
52915 159705
65942 141767
58484 97201
26090 125003
7676 168933
29782 199496
147470 174052
105961 166771
94865 161378
7451 46464
12789 163119
4820 162528
8129 75565
82336 153921
27573 98223
131977 167551
55093 56007
112732 160218
47811 117015
11510 49068
71024 109462
82077 92938
62969 169593
41554 154682
37483 186700
84891 101793
165276 174778
16440 194008
79416 114240
84326 111131
88586 196964
24483 25748
13079 124443
181359 198095
32920 136910
65452 160033
12870 42828
24740 26074
493 180859
41347 70295
32172 84436
15697 55226
69417 183988
8270 152540
16948 94834
66000 108960
84263 112264
130209 159267
77832 121256
32910 147046
69140 110645
48233 153549
34100 130257
145630 189895
51921 67907
47102 136009
51574 196251
82522 108720
32896 127995
84537 90633
126873 159331
96874 144579
5317 29218
38643 62909
6717 109109
52794 103008
71957 129132
64390 66199
59691 107955
21454 44235
152823 192959
22023 116491
14014 67624
44925 74297
64573 130866
50905 137536
11824 33353
22065 133256
46882 168946
156874 191345
125819 133185
48379 53746
701 184148
145016 176012
192368 195373
130152 170036
27138 132558
73019 145089
1538 169410
28769 116015
106976 177050
55532 141634
83828 89127
43740 130487
17208 136961
93374 114150
134858 157571
37113 194358
123372 164940
24234 54271
89284 140735
19001 116021
64963 83613
26192 170228
48866 158533
71241 87057
99881 121586
106740 191886
38716 194152
17400 165700
168181 171999
49348 71400
152850 169745
46469 133146
17171 175457
126899 198489
54569 132326
126652 145234
88217 159693
161697 178826
42735 93347
3250 58655
21785 101946
154339 188594
56520 198412
89036 148775
127164 163113
73898 103272
3417 126184
24092 140259
102363 103148
8390 121063
191381 191980
71114 77362
19855 30547
33673 192424
1153 70144
90526 182874
4721 101360
48353 66884
59346 81048
142066 179335
17554 129051
48975 141896
15046 181982
158656 195211
97364 123165
22083 193802
118662 141525
43480 85345
37158 86960
74920 192812
3003 192958
91391 179405
1178 183980
2694 12719
20052 128914
81249 194220
116537 151282
10430 140476
29869 54049
12031 48904
72099 108557
75083 188897
68512 86075
9202 70483
89698 141918
19271 166543
67093 97441
106236 148755
130483 176910
117475 160608
22665 60289
151353 166903
151000 190216
65103 121260
89629 193955
32064 36658
71957 109682
48203 184318
78853 139004
30816 127231
29940 32492
17310 124250
50284 161359
26478 113811
50902 83581
48290 126701
22746 156857
33235 54863
22740 112248
42655 197372
134612 147874
137468 168591
3567 49158
110490 127884
21668 113322
23435 42173
105226 147948
41775 188040
95327 164645
135523 155838
112325 189878
101102 176813
16800 136995
163714 184543
76887 128983
142552 174018
2900 26400
49642 87144
65631 112345
86366 159009
1445 179229
78993 113645
24451 108225
51066 56027
57305 104445
72730 176342
5215 157403
14820 134144
77785 199041
61739 167940
51382 96144
14357 40354
2779 85342
11981 143675
195583 196563
47889 92743
11834 57890
9871 111669
104012 172283
12351 87698
93696 176301
25113 168660
43641 105495
6621 171343
119513 119614
80884 196312
92502 179455
103766 114205
58517 97390
2303 154733
1628 179559
17474 32429
47541 111079
24484 108084
61934 189140
64063 71341
123820 132703
147081 176207
24887 30852
100588 147591
48656 88106
72765 163707
50531 91512
70235 120946
101446 125199
71486 99586
179730 194999
96433 138260
90583 178732
27499 85968
95270 152460
65771 70202
39553 78062
29260 75751
1151 186558
60408 118399
124817 152115
7349 121084
157271 169920
45792 115430
51047 115974
12552 62009
157729 183750
52727 140322
100039 145737
106951 185573
75509 120996
16173 144976
160190 163612
76590 129165
127853 197481
1925 113526
51201 178613
37753 58753
15888 120377
55529 85428
7034 131793
18129 152480
51356 70208
131120 186620
29885 35207
52624 63131
2588 104923
9115 35032
3300 51304
88931 108175
172995 181059
23420 159041
90911 113902
43164 150708
62105 198681
96268 108166
81069 140611
112460 166787
135102 184616
63807 178238
155659 180372
125323 136111
39733 86870
132355 184837
97905 107923
50373 60051
155790 183101
66224 100174
30815 171756
142283 151786
29434 81816
5723 59851
53627 88799
41961 108787
63938 117125
118495 128366
23409 33775
42174 146328
61414 195248
8788 152040
2215 68763
29138 83034
71325 126219
14632 182100
38117 172170
47245 171997
49499 90572
35042 135863
18446 137278
4078 51050
31725 52561
710 115094
83415 199408
35776 46145
69326 95753
102020 102730
113857 163206
83148 192931
3556 120438
71502 175788
179213 191212
126816 152652
76669 131895
18452 58454
16124 180553
7627 22198
62697 123747
44190 83530
23119 43590
39749 107126
162818 173196
68514 170780
11980 147655
138802 177134
62033 117843
22526 77560
26596 100038
121542 138679
52119 74784
7352 177314
14682 162409
143050 144913
176565 184188
40637 115767
18740 73814
21990 120924
90012 186209
72045 78816
62202 166251
51514 88901
56669 169767
44216 94264
69144 178154
12957 195391
91329 175471
119711 166793
36691 55350
22006 119979
1361 129627
117615 189390
88169 196411
10019 28278
42122 186008
88128 138106
29329 135660
97027 134539
102042 156577
13692 150445
21859 170397
91976 164802
58875 188389
12297 172556
49788 146457
62655 182360
10559 119679
17231 100151
19545 51148
192573 192769
35467 158194
102150 193024
10448 139660
4636 61358
78278 107521
23371 148054
75902 93159
50465 193317
62143 85128
65252 78203
38627 119044
9834 52496
96379 194155
26042 134674
39825 141309
8509 181940
63073 186669
47408 130432
105418 176953
22064 59781
101446 158756
2610 116453
23073 26510
58003 193854
9081 102058
89711 147354
119176 169592
7637 9976
33032 51165
47504 49089
87930 165089
114797 158982
54735 155592
24250 77055
82823 122343
48776 123400
49904 108276
2631 95428
35989 149452
53396 84374
13545 146574
48169 132328
191083 192371
163687 167463
158739 183654
53521 169028
81864 197257
74356 199504
41298 44291
100335 134898
129953 135488
180191 195768
26542 131655
106056 107702
27511 192770
10986 29032
62384 102097
44772 166484
31885 195255
116164 195321
191635 198611
2587 114044
68707 107209
68260 101183
3294 182956
21982 125576
55391 155578
101715 149499
12571 128768
23532 171459
48466 153894
144397 172667
36500 168110
80407 81061
1731 27246
75821 91885
130704 179287
151760 165960
18380 184673
41706 154150
55194 55388
35010 145032
39729 113129
88795 111256
68793 110751
54766 167857
169090 169116
103623 143749
102464 123065
38518 70634
106903 156044
6723 195301
72990 142433
52559 86216
78225 86277
39977 196068
111990 165282
121963 127139
47238 69081
18895 38584
132871 163365
52091 100244
26258 47575
49489 132367
12041 65373
111919 130100
25960 82421
166587 191399
36669 53234
33528 38364
62154 67355
53192 196175
130174 158451
99429 173386
45617 172155
16728 151345
79248 106823
93609 133074
75511 173284
83435 188823
20737 175625
24384 58435
90393 126340
8662 139574
96840 151276
156164 165645
115935 171324
47876 115565
35727 89329
85601 105230
66124 71539
100604 131070
33122 35126
79282 90101
106698 172201
63705 84249
16229 77055
80815 125843
390 116253
32719 119700
28389 107563
56970 76290
62401 189749
37852 189820
137145 196429
43801 131508
90108 172317
166262 176355
65811 94107
46237 49780
13004 43751
118554 186711
53066 115115
119222 162089
51964 69876
56695 125683
49913 156682
103794 184595
43398 94131
29968 184190
75736 92330
27648 113546
102410 184046
33163 96604
21091 84218
2770 193639
32924 85885
105745 189998
110668 135792
138691 184537
70073 113418
1194 159029
65907 146137
36484 194552
3503 90546
28000 28338
10830 180199
47517 56136
68903 180216
87084 166903
36862 53475
1614 48466
168602 189962
43986 145416
917 56358
94804 102626
78364 80256
86954 187481
118563 192649
143729 169986
109234 177024
5784 41422
59417 76485
120456 174295
18882 85130
89442 175339
21609 134995
4842 97692
51632 112296
116282 141067
78260 166460
125098 152581
19789 65135
44406 177055
48648 52506
8936 174976
6540 23067
6704 14359
30210 173564
126771 197956
8468 80044
122386 151765
41778 96380
30063 129147
50401 55823
55721 171156
111713 172666
72027 117228
78271 151845
81230 133319
9238 78809
85561 133922
37182 188485
106491 160380
114867 134625
21236 34106
22086 191923
26691 80683
690 159427
4429 79807
80330 188710
71188 137520
140103 155125
97830 129368
4749 16196
41553 139571
5209 127801
14552 63605
2633 87613
94909 99961
21534 146051
1626 35882
33377 72601
34605 55672
34256 192643
116021 194423
70900 198882
97309 152893
42413 70118
99147 169671
20842 153435
93923 155390
11618 23977
42650 128419
109314 164141
137626 179048
88870 130174
29476 35540
3108 8285
4013 74653
144084 190388
61032 111140
172647 190332
77598 176865
36308 114894
50250 198203
68453 161050
28940 95201
119345 170602
30377 149570
42088 57496
6409 33621
59835 175906
5010 153656
65534 178385
48549 199864
22100 52864
109925 162245
21754 33244
92416 175346
113019 183404
31459 145523
97646 105361
69481 173759
152326 198779
61539 139253
132603 170235
134890 177758
4634 177587
40932 64471
36350 153636
37471 76479
127909 173969
84634 161133
49916 157107
156 15511
33727 193571
126359 143728
51600 180727
29649 137407
47522 51996
8520 190525
18603 112680
8931 109150
67290 78235
95343 193051
13343 18334
116444 196786
52070 104391
105763 140927
153229 170467
76405 159054
46666 91851
111525 193840
101179 115097
16800 135112
181837 196357
86359 105111
32746 36844
55980 136540
73047 94074
89397 172547
39130 177988
97883 124946
51556 144473
149465 175010
91659 196491
101398 126538
118218 162418
84084 145934
145983 147881
66719 134415
42733 154192
56207 186120
57272 179784
42198 58055
40697 128364
2447 186613
79925 152913
58205 96605
129959 169403
39123 47360
103992 135020
119282 160156
125657 125826
34109 77393
22657 155139
46105 103881
14241 96412
11148 31091
124692 142397
71454 100388
31573 82074
108439 130456
4612 110767
9685 22816
135505 194701
147888 172730
30915 133844
24488 140769
13359 150658
50058 55278
23394 109827
46606 162807
71376 135300
61028 172800
87486 162186
164082 169922
9430 44187
91865 161376
186950 196834
3706 67814
20046 76258
76842 117781
22364 34709
47968 132210
78954 180371
5924 90781
8513 190604
10485 89506
84555 165751
44855 123858
15214 188791
106113 198580
87724 176507
18634 23446
121852 156775
7213 162444
3991 57538
158947 173744
95197 107028
28407 41460
22995 61101
114229 152691
99070 188605
30806 35137
55180 164729
40402 198938
47101 85996
91229 128936
5785 73660
85594 196236
119380 185681
75063 160905
27059 77861
4390 49471
36857 188256
17529 108888
29692 144061
136844 186273
93045 143610
137689 181420
92244 127628
118631 155878
16961 90386
13965 70678
103708 189853
188 182352
25666 165098
136753 150532
73527 87415
41757 93464
141272 151118
95288 192143
112613 151747
7402 191527
88115 121208
41826 155583
115631 126627
3931 105361
180596 196399
49321 53030
62774 119902
5799 58408
95847 145428
52498 194695
65658 138400
154682 180489
36239 100811
81202 94809
190862 193728
76614 152398
75393 189612
26790 68231
84130 181303
65660 148303
20532 105703
8218 65072
46373 66176
52620 97061
184205 199555
37576 143588
5614 14959
2792 4521
4405 144449
86451 158698
95985 107961
44724 158273
16289 144788
130544 181943
126374 195601
44103 92769
43429 82644
43308 133736
70465 85804
31211 97862
96732 124112
60534 159351
7907 118739
10876 189729
167646 183832
12833 23645
19738 94435
131743 169494
70421 100143
27282 159998
146928 172091
98246 150269
5193 145268
21904 199195
16483 132936
68234 175366
23738 166483
117456 175821
97343 121255
190946 199174
102059 118323
145121 152908
2362 161101
75790 152645
20167 59474
32747 125755
23895 109855
19904 46940
61976 149072
24060 53015
29561 139942
148020 190234
128945 138565
46679 99748
58369 166763
174 12738
68519 99526
150451 173368
23351 92752
30989 104131
111608 144445
129519 137277
121092 196052
91983 137318
38394 144128
80759 139920
30978 121609
50497 164328
124204 166265
56586 189438
31135 64490
187762 198150
126416 142609
61599 127832
81505 95964
68080 175483
26671 183464
132912 164208
63512 92665
8434 180377
102590 180147
87989 99413
72651 136162
18611 173936
23784 86451
82585 163818
12344 50245
7974 198680
138963 153513
12035 55375
114380 117150
9325 39351
180650 184469
55300 145278
137581 178930
5289 140663
46585 77975
136464 153165
107374 155863
77618 129034
27007 62295
564 104249
10220 140314
977 92657
91215 103279
62243 132504
19925 187128
47301 78583
53824 189871
96022 182397
52946 58930
143668 160064
18502 69519
83446 102663
74081 102386
4079 156037
103321 192320
64748 164825
44191 137736
142919 190847
68419 88995
75890 130753
11587 172708
39163 46456
13050 49451
43452 59286
58119 150648
2801 115861
25329 33039
80729 109844
1000
3
1 109158 188708
3
3
2 18129 152480
3
2 46373 66176
2 30915 133844
3
2 95847 145428
3
2 14632 182100
2 71188 137520
3
3
2 10430 140476
1 188366 194761
1 82094 126370
3
1 103321 195928
2 627 143109
3
1 132272 162144
1 72592 90039
3
1 18400 94447
3
3
1 21176 138962
2 140103 155125
1 3555 10903
3
1 47907 153064
3
3
1 93507 134206
3
2 66224 100174
2 42655 197372
3
2 130152 170036
3
1 33457 93120
2 28940 95201
3
1 108957 196049
2 42174 146328
2 32719 119700
1 40241 184366
3
2 27007 62295
3
1 87640 99946
2 5193 145268
3
1 84439 132338
1 38593 87935
2 81069 140611
1 83731 114397
1 116920 185088
2 3567 49158
3
1 84224 90019
3
2 188 182352
1 25406 65577
1 3657 110665
1 1882 142494
1 64141 125581
3
1 100701 128019
3
3
3
2 65103 121260
3
3
2 46237 49780
3
1 43911 193577
1 1272 37539
1 65438 172986
2 112732 160218
3
1 63884 182733
1 37580 118581
3
1 18456 51687
1 3790 24349
2 36350 153636
1 128576 131056
3
3
1 31576 173023
2 16173 144976
2 23119 43590
3
1 106680 159697
1 109691 185062
1 129907 177032
2 106680 159697
3
3
1 86239 174065
2 33727 193571
2 126416 142609
2 84224 90019
2 129959 169403
1 65669 177971
3
1 103597 185305
3
2 52727 140322
2 14357 40354
1 74671 134696
1 58112 78996
1 145861 168644
1 36125 152670
2 58119 150648
2 2447 186613
2 61739 167940
1 9032 155811
3
2 26671 183464
3
1 15207 48776
3
3
3
2 78364 80256
1 114534 128868
1 8565 83339
3
3
3
2 29692 144061
2 48353 66884
3
1 26777 119508
3
1 38663 135237
1 96512 194546
3
1 103131 160249
1 28883 97431
3
1 10203 96153
1 57138 104018
2 7907 118739
3
3
2 118662 141525
2 8218 65072
1 72504 79212
3
2 26478 113811
1 11263 194028
3
3
2 12552 62009
2 27511 192770
3
3
1 114974 197397
3
3
1 150603 166200
2 111525 193840
2 100335 134898
2 5317 29218
3
2 95343 193051
3
3
3
2 32924 85885
3
2 37580 118581
1 31663 175168
1 61037 67466
1 34369 80433
3
3
1 141907 143912
2 163714 184543
3
3
1 176896 187002
2 79416 114240
1 144506 176847
3
1 85437 167473
1 68050 139634
3
3
1 29819 112596
3
3
3
3
3
3
3
1 44097 115898
1 84753 154847
1 139606 192112
1 90729 91654
2 46882 168946
3
3
1 80675 173518
2 46585 77975
1 103265 122395
3
2 73047 94074
1 129422 144412
1 130996 151336
3
1 4908 16941
1 91278 97951
3
1 71684 99452
3
2 20867 186080
3
1 95864 179423
2 31725 52561
3
1 91278 140290
3
3
3
1 68553 165739
2 29434 81816
2 174 12738
2 132355 184837
3
2 73475 127143
1 7102 179403
2 25960 82421
3
1 100680 144183
3
3
1 54794 60400
2 21236 34106
3
2 85601 105230
2 7676 168933
3
1 18904 187921
3
3
3
1 95036 146942
2 91391 179405
1 53212 135653
1 21738 186435
1 46073 174226
3
2 42735 93347
3
3
2 83415 199408
1 30556 38028
3
2 119380 185681
3
3
2 26042 134674
3
3
3
1 195411 198010
2 80675 173518
1 32794 72399
1 31565 155402
1 60693 64062
1 93240 149324
1 9149 82456
2 34256 192643
1 157753 159484
2 113019 183404
1 13581 98365
2 132912 164208
3
3
2 25329 33039
2 55300 145278
3
3
1 116146 139798
3
2 162818 173196
3
3
3
3
1 11120 25309
1 41002 75734
3
3
2 2694 12719
3
1 47884 172283
3
2 37483 186700
3
1 5901 115807
2 50401 55823
2 109314 164141
3
2 31565 155402
2 22023 116491
2 77785 199041
2 8129 75565
1 47618 66400
2 157271 169920
2 180596 196399
1 62630 179305
3
2 190946 199174
1 52530 160495
2 7974 198680
1 56141 188267
2 43164 150708
1 77732 172988
1 39357 76615
2 135102 184616
1 56768 82728
2 41554 154682
1 4710 142408
2 136464 153165
1 121969 149890
1 21352 71964
2 35727 89329
2 5799 58408
1 23257 119156
3
2 51600 180727
1 1723 123295
1 70979 196961
3
1 129472 131846
2 155659 180372
2 99070 188605
2 80729 109844
3
3
3
2 4079 156037
3
3
3
1 108560 178188
3
3
1 26719 32101
3
1 87898 182388
2 127853 197481
1 25903 127457
3
1 144018 151601
1 19182 185479
2 114534 128868
3
3
1 62867 190867
3
2 103992 135020
3
2 4078 51050
1 64389 136701
2 11148 31091
3
3
2 97883 124946
1 77472 150764
2 37576 143588
3
1 2953 180004
3
3
1 136740 175048
2 65660 148303
3
3
2 39733 86870
2 16229 77055
3
2 82585 163818
3
1 24639 170261
2 158947 173744
2 10559 119679
2 17259 141603
2 65452 160033
2 62033 117843
1 132743 167214
3
1 29125 89428
2 99147 169671
3
2 53192 196175
2 143668 160064
3
2 8565 83339
2 37113 194358
2 56141 188267
2 67290 78235
1 30650 163776
1 154306 194964
1 20905 58330
3
1 94501 153247
3
2 103265 122395
1 149418 174683
1 28159 62595
2 14241 96412
2 116146 139798
3
1 56106 149342
1 81322 111436
1 12441 72094
3
2 1723 123295
1 82756 97548
3
1 11648 99224
1 2428 109677
3
2 82756 97548
1 14546 184554
3
3
2 49348 71400
1 91961 102581
2 47968 132210
3
2 125323 136111
3
1 47382 191586
3
2 23784 86451
2 127164 163113
1 112529 178938
2 4636 61358
1 175687 191179
3
1 76072 198441
3
1 49402 110323
2 43480 85345
1 8396 44705
2 19545 51148
2 137145 196429
2 24488 140769
3
1 35274 146334
2 3417 126184
3
2 86366 159009
3
2 75790 152645
3
3
2 29869 54049
3
3
3
3
1 12447 85227
3
3
2 129953 135488
2 143050 144913
2 93045 143610
3
3
1 109641 189066
2 84891 101793
2 9871 111669
1 35614 132626
3
3
3
1 58808 93715
3
3
1 41630 65366
2 93609 133074
1 50345 96504
2 44855 123858
3
3
2 138963 153513
1 70234 79091
2 114229 152691
2 101102 176813
1 68807 193618
1 62719 123630
3
1 94212 190494
2 12447 85227
2 12833 23645
2 1882 142494
2 65438 172986
2 52498 194695
2 38643 62909
2 103597 185305
3
3
1 6998 55452
3
2 134612 147874
3
3
3
2 30816 127231
2 136740 175048
2 43398 94131
3
3
1 153534 186223
2 21738 186435
3
3
1 59296 75406
2 24483 25748
2 11120 25309
1 86307 166512
1 21530 168120
1 41226 119410
2 42413 70118
1 153240 185853
3
3
1 3465 143656
1 50345 86664
3
1 10162 26812
2 91215 103279
3
1 70228 134216
3
1 118776 162534
3
2 80407 81061
1 148955 185257
1 42429 175682
2 77618 129034
3
2 22665 60289
3
1 39912 51034
3
1 43535 151214
3
3
2 61032 111140
1 64370 81320
3
3
1 80007 175846
2 5215 157403
1 17943 146431
1 117468 165422
2 33673 192424
3
1 44657 141195
3
1 81895 137142
3
3
3
2 156 15511
1 32751 125323
1 109264 168737
2 47517 56136
2 164082 169922
1 105020 149959
3
2 1628 179559
1 160003 177102
3
2 2303 154733
1 8166 71975
2 95864 179423
2 23532 171459
3
2 16440 194008
2 3657 110665
3
3
2 36857 188256
3
2 25666 165098
1 35680 53802
3
1 31379 79456
1 26619 86518
3
1 114325 164386
2 48169 132328
2 141907 143912
3
3
2 96840 151276
1 7011 43341
3
3
3
2 2953 180004
3
2 101446 158756
3
2 61028 172800
1 112176 159457
2 131743 169494
3
1 43814 150197
2 76614 152398
1 54573 112628
2 27059 77861
1 126449 165235
2 9149 82456
2 93696 176301
1 13182 38939
3
1 4229 53102
3
1 37288 88389
1 106645 196905
1 149828 181750
3
2 43801 131508
3
1 119500 199483
2 10876 189729
2 87084 166903
3
3
2 96732 124112
3
1 58429 134007
3
3
1 106765 120153
1 183397 192922
3
2 88795 111256
2 73527 87415
1 46403 68977
1 92784 106540
2 8520 190525
2 18895 38584
1 86070 176693
3
2 64063 71341
1 76007 144031
2 90393 126340
1 38074 69732
2 79925 152913
2 3991 57538
1 71539 97460
2 21609 134995
1 18816 94711
3
3
3
2 70235 120946
3
3
1 92869 171490
1 85633 199147
1 7682 63761
2 93374 114150
2 109264 168737
1 64933 167108
2 86359 105111
3
2 54573 112628
1 87243 147698
1 48181 131935
2 4749 16196
2 7352 177314
3
2 36691 55350
1 184838 187462
1 123617 169725
3
2 106645 196905
2 31135 64490
2 8434 180377
3
1 66273 66935
3
2 54735 155592
3
3
3
3
3
3
1 139245 148692
2 99881 121586
3
3
3
1 80463 148182
3
2 43641 105495
1 33460 170224
2 72099 108557
1 62092 161247
1 72772 99549
1 89673 116643
2 62202 166251
1 36246 198433
2 130544 181943
2 35467 158194
1 17847 131652
2 81895 137142
3
2 26619 86518
2 126816 152652
1 22178 134080
2 68514 170780
3
1 106956 189160
3
1 22219 31426
3
2 29561 139942
3
2 130209 159267
2 51201 178613
2 18456 51687
3
3
2 71325 126219
1 94803 121760
1 145091 173655
3
3
1 1026 74471
3
1 49848 80151
2 58205 96605
3
1 45307 174752
1 30180 188854
3
2 155790 183101
1 61369 88194
1 29825 44144
3
2 35614 132626
3
1 39266 188809
3
2 80463 148182
2 44103 92769
2 63705 84249
2 87486 162186
2 149418 174683
1 179215 197073
3
2 47238 69081
2 71684 99452
2 16728 151345
2 119282 160156
2 58762 107584
2 60693 64062
2 21454 44235
2 33377 72601
3
1 48636 86087
1 177959 191142
3
3
2 147470 174052
2 112325 189878
3
3
1 36709 98212
2 7451 46464
3
3
3
2 87930 165089
1 48870 126767
3
2 44216 94264
3
1 10408 197583
2 158739 183654
2 4229 53102
2 7637 9976
3
3
1 71658 180295
1 48350 141266
3
3
3
1 31911 51272
3
1 16052 118530
1 104452 169822
2 132871 163365
3
1 6084 140263
3
2 187762 198150
3
2 36500 168110
1 29853 68940
3
2 102150 193024
1 120192 153831
3
3
2 94501 153247
1 57825 103384
2 71376 135300
1 17102 56447
2 121969 149890
2 37182 188485
2 23435 42173
1 52427 171131
3
3
1 30806 152352
1 76931 83604
2 130704 179287
1 133416 138780
2 25903 127457
3
1 90607 128324
3
2 30978 121609
3
1 653 24113
3
3
2 12571 128768
2 28326 92668
2 65631 112345
3
3
3
1 112363 124218
1 29811 194914
1 13846 171985
1 40368 144387
2 45617 172155
2 20842 153435
2 2770 193639
1 16530 57564
1 43131 124276
1 10069 15346
1 13390 187565
2 103708 189853
3
3
3
2 83435 188823
1 57637 139210
2 6717 109109
3
1 99148 183701
1 78202 138138
3
2 3003 192958
2 26691 80683
2 76590 129165
1 67443 90435
2 49489 132367
1 61499 161750
1 139268 191439
1 116228 164016
3
3
2 41775 188040
1 30958 187663
2 16948 94834
2 41826 155583
1 11990 192450
1 132288 175849
3
1 43663 48206
2 7102 179403
1 46874 110340
1 36773 185986
2 148955 185257
2 167646 183832
3
3
3
2 85633 199147
3
3
1 121067 169019
1 77535 138988
3
1 50286 99027
2 3555 10903
2 141272 151118
3
2 78271 151845
1 57023 73609
2 36709 98212
3
2 18634 23446
3
2 69144 178154
1 56813 142142
2 41961 108787
1 30852 76573
1 50352 166425
1 111641 139366
3
2 24639 170261
3
1 40617 119599
2 63073 186669
1 133169 181344
1 295 152169
1 127266 199677
2 36773 185986
1 127387 186003
1 11043 64184
2 2801 115861
3
3
2 27648 113546
3
2 147888 172730
2 16052 118530
1 77715 182189
1 39177 119241
1 73500 116663
3
3
1 138870 156228
2 114797 158982
1 130577 165827
3
3
3
3
1 949 192440
3
2 157753 159484
3
3
1 88401 160186
3
2 39977 196068
1 63703 115337
2 26719 32101
2 96022 182397
2 102464 123065
2 51514 88901
3
1 12867 154683
2 49913 156682
1 31034 121988
3
1 34993 43100
2 4612 110767
3
1 73284 104056
1 40740 50195
1 40580 118959
2 96874 144579
2 39266 188809
1 5110 172605
2 90108 172317
3
3
3
2 9081 102058
3
1 19162 117390
3
2 70401 112950
2 32064 36658
3
3
2 6704 14359
3
3
2 35010 145032
2 47245 171997
1 24219 59372
2 34109 77393
