1504
1504
1508
1507
1501
1501
1501
1499
1499
1499
1500
1494
1495
1493
1493
1493
1492
1492
1493
1493
1493
1493
1499
1502
1502
1502
1502
1503
1503
1505
1505
1510
1510
1510
1513
1513
1513
1513
1513
1511
1510
1511
1509
1506
1505
1511
1506
1506
1505
1506
1502
1500
1490
1490
1488
1488
1488
1489
1489
1487
1487
1479
1481
1481
1480
1483
1481
1481
1481
1481
1481
1481
1482
1480
1490
1490
1490
1490
1496
1499
1499
1501
1501
1503
1503
1508
1504
1504
1506
1506
1508
1508
1504
1504
1501
1501
1501
1506
1506
1506
1506
1506
1500
1500
1501
1501
1504
1502
1500
1500
1497
1500
1499
1499
1499
1499
1499
1500
1500
1501
1499
1497
1494
1498
1496
1496
1496
1495
1494
1495
1497
1499
1496
1495
1496
1496
1494
1492
1488
1488
1486
1487
1490
1491
1491
1487
1487
1484
1484
1484
1488
1490
1490
1486
1482
1477
1476
1476
1476
1476
1474
1471
1472
1473
1473
1473
1473
1473
1469
1469
1469
1469
1469
1468
1469
1469
1467
1466
1466
1467
1459
1463
1468
1466
1466
1466
1466
1466
1466
1466
1467
1467
1470
1470
1470
1469
1467
1467
1467
1466
1463
1463
1463
1464
1465
1465
1469
1468
1468
1467
1469
1469
1469
1469
1473
1473
1472
1471
1470
1470
1470
1468
1468
1469
1471
1469
1469
1469
1469
1469
1473
1474
1475
1475
1475
1475
1475
1474
1476
1477
1478
1476
1476
1476
1484
1484
1484
1487
1487
1487
1484
1485
1496
1495
1495
1494
1496
1496
1497
1497
1491
1491
1493
1493
1490
1490
1490
1490
1490
1483
1480
1479
1476
1476
1477
1478
1479
1479
1479
1477
1477
1477
1478
1474
1474
1474
1474
1472
1473
1473
1470
1470
1469
1465
1464
1452
1452
1452
1459
1460
1462
1464
1464
1464
1462
1462
1462
1461
1461
1461
1461
1461
1461
1457
1461
1462
1465
1464
1466
1465
1465
1465
1463
1461
1461
1461
1460
1460
1462
1462
1464
1477
1479
1488
1489
1491
1491
1490
1490
1488
1488
1488
1484
1483
