1000 200000
20065 39069
116008 130509
91132 111142
81103 175462
3152 106423
829 14434
28416 119101
121719 183660
3253 87781
67669 150824
18178 176699
67355 180563
38027 193600
734 91683
73623 189788
27681 103783
76624 95963
2735 105005
120349 157076
23348 129005
74584 91123
92160 159168
1464 127122
146307 154027
38088 102519
27587 185823
108662 136791
15167 167391
59410 72006
142574 162625
37780 66044
69614 195960
39604 136884
56823 168102
3309 58228
167870 182520
19526 33531
87497 163090
12748 137481
15445 114923
125048 142524
86377 169012
47018 148372
71055 134440
79094 82527
101123 103379
49300 184024
63235 112329
111879 114735
48467 107618
84052 170717
94299 151447
171034 194572
35543 171992
14842 170152
70828 105135
59452 183231
153354 174376
78328 198486
37357 51595
24172 35223
145899 164937
131046 183011
19019 48625
22857 111179
73519 149816
123155 145872
145092 153812
15361 19835
13007 135595
6062 170498
184137 190197
74176 123281
163487 185090
24439 59401
8240 99441
36718 76788
100306 108666
110771 117042
37262 87845
16314 53640
133663 165841
174313 180556
31351 185454
60585 77210
44347 106627
18331 193826
108354 142057
48497 83975
33177 111373
74832 179713
2882 186482
26443 95078
79596 151537
122061 199223
34892 162663
77275 178022
37748 74527
11286 163537
129911 169957
89272 160323
41946 141600
83994 115953
72200 94359
29153 180494
5357 130840
34082 35042
2415 131775
66299 186997
43204 122209
111732 123374
74886 141366
168618 172198
9825 198828
81562 122655
104057 186114
58060 195222
6764 168323
29165 96045
134341 195735
16085 55649
64280 76644
117165 119594
48170 59175
106159 196337
31169 76453
10860 195542
140242 192827
105542 125739
81862 151707
119989 178679
37099 195159
102642 174856
56689 112683
105113 190288
155151 197074
23919 63008
37916 97455
46305 165033
107235 181306
158596 159164
169892 170492
120900 130205
64362 146749
86040 183305
26307 115337
14295 81705
40503 135291
18446 158196
42218 158296
7258 113439
30842 178934
7146 114702
104847 137957
8255 194655
10648 83321
152280 166969
179942 184621
70150 115259
13718 145204
92597 92845
56485 135916
85554 102914
21219 192039
35281 185323
37834 161495
30155 76733
57231 67766
27958 131579
43374 138565
136965 137933
130763 156450
92043 167623
116707 119898
33783 148074
4343 16765
136962 156977
49641 117124
28435 107445
163290 163761
24644 64097
38529 178742
176308 187429
113938 191763
164086 199044
108348 176976
56053 146929
63739 174199
8198 133950
3499 67701
98437 183037
66910 154313
47614 177303
74769 117778
48497 135565
189213 194327
139998 144609
76424 90751
1253 155014
147785 152451
37586 145155
74638 148913
33228 61775
72937 122423
78223 180376
22755 181401
55643 165705
20795 52392
11882 178718
64404 173980
15003 126328
83819 85147
2871 13971
28045 86273
44079 150669
35743 81948
170781 196898
14626 118310
26592 55186
67874 106644
9920 141690
72847 118272
89883 129450
10579 138964
964 163463
10314 103629
125826 128839
57916 95557
16821 124497
56070 57865
20379 128435
20617 89131
94279 115379
110320 179323
5565 71531
67001 192060
114604 134033
4930 162843
163061 197362
75302 188429
16910 122064
117275 129018
53598 195841
34536 38011
48487 108682
26546 170454
38479 186258
77154 104275
40901 191426
169936 171734
147116 186835
85242 123233
18161 19392
62697 91129
26455 124020
15733 197460
122439 123003
32528 133533
94016 169815
57430 136473
57934 155455
56742 183699
162734 190342
22343 107512
52489 135641
64773 124660
9573 66193
106152 179716
87879 196302
93737 151478
125293 127169
21247 23784
17351 70832
17780 40744
17667 23851
33618 175312
165380 183701
87102 174501
93652 111476
70745 168311
160109 189474
63189 100689
70806 106808
1571 78337
71611 179119
134381 173480
15585 109105
157576 192197
194868 199176
27235 156738
104519 110495
129176 176998
12394 162349
106986 141979
43295 52157
28753 175898
175235 175497
52153 165681
23485 55049
148927 183301
42888 178791
71301 142591
9639 35343
10309 22007
175875 186319
78595 165314
99362 183325
139481 175339
38142 70598
156732 199333
14066 124927
13703 164423
32539 77248
49249 122342
36124 196739
2163 81243
97840 147061
104507 197104
56678 197493
20593 182658
94020 150644
24955 66628
31778 142741
8838 195563
77714 102800
155747 168657
84396 102298
153184 178202
1267 91461
89293 143728
107570 108390
83725 129074
133707 149697
86381 187677
107564 174229
111160 118779
44868 99690
85928 192233
17842 59679
12846 28121
104395 165478
168271 180977
3725 75278
57157 62248
23117 150810
88635 173967
78386 103360
71250 147335
10026 185976
67555 102208
162681 177006
159338 181905
73718 156927
74480 129995
47295 189324
155171 189474
7672 17657
50883 125569
106006 142620
63501 151965
18302 145513
35843 40302
96900 188008
39704 109380
173364 193013
97999 140452
44351 103502
116055 193588
172929 199115
50145 180188
35374 159288
59596 160672
18198 25866
4809 46968
5441 61575
36798 64817
159620 190258
33058 67534
64838 196289
44895 120872
48222 191620
128795 157089
54889 55435
88832 194725
193716 197248
91758 125419
41049 99144
123601 187946
187237 196571
59635 169283
75742 84226
51021 129008
71156 131427
87148 149467
21107 151184
107763 130727
130726 181092
60006 163864
71052 144976
154276 189090
99157 120216
7728 115101
12494 14702
10932 80895
46117 154347
148212 183600
32476 43227
66633 75721
123585 129031
117665 190551
59136 155806
68477 146265
25614 44437
38469 64884
14006 67021
79043 195117
88588 127209
48113 97768
69547 149005
99038 157366
112983 122042
104079 171836
94018 153102
36669 125492
28321 86696
40043 117973
41151 71772
6006 133445
33813 83863
39540 43255
66471 167620
60190 138182
102761 127910
36436 84010
159764 162625
65682 170122
71418 100041
64098 67591
147471 176857
2698 27150
111106 185176
33238 57931
42264 193568
159560 192640
24426 88956
103099 144539
14068 129889
40426 167412
21529 26976
31029 112646
37732 126190
59328 166222
33046 167311
18839 79914
77949 172036
70584 162447
32471 96742
67902 75741
2188 125417
11977 121716
29889 34320
141971 154663
76000 117790
109597 148869
76152 88187
47300 186573
113342 132658
25089 95462
120276 132516
83886 155619
65823 165500
64447 123776
161736 165799
4324 163016
45999 79523
82770 169353
15333 37702
38551 198975
96167 148929
8925 149330
92807 184184
140326 190105
107212 114658
8078 71067
21003 143920
107721 197008
81107 133410
87966 183138
129389 156933
20134 157041
7586 162287
85405 185861
6540 164010
90621 106158
146805 184285
78890 179417
70676 198598
149274 166892
33790 105486
155821 198440
38259 54908
20906 117552
37323 72900
51230 130859
25748 197618
141786 163840
22372 166796
151699 157054
39501 107558
42280 90384
625 4300
49989 110428
73522 91796
29264 177429
35847 148292
90589 185547
67532 139399
58960 73540
18781 160142
15971 170231
93486 129212
77073 118436
76381 158546
154356 188853
93199 127888
41716 142218
4840 178497
90713 109165
15118 110261
136700 147809
69032 136707
26410 100410
93526 166225
33098 60220
124885 197745
40969 85675
36836 140091
55207 92163
112693 168154
101415 134082
56074 144690
60780 122511
24396 58185
137249 155539
36826 94838
39439 54366
42848 77835
63219 106325
21138 159770
82883 193260
78389 147566
9885 38394
66958 160790
116022 135552
21137 196030
76664 105689
72022 135027
10616 76539
20745 89721
69091 176647
188116 191257
23265 29365
29403 124592
113784 122525
92095 173539
52001 67314
55484 177988
141278 193316
47481 168129
153435 186048
1571 176076
181019 195527
160466 177461
163671 178571
38762 170372
32563 163127
63644 160895
60759 132352
25558 72311
100361 120001
122077 183979
37660 70994
82033 138859
10664 144717
146406 178554
36061 70972
33261 40708
52713 100083
62115 82643
67785 92544
173924 174839
128080 189154
17112 109570
142576 162945
103955 148635
35266 195046
67949 121970
131868 152742
118016 147707
152103 188874
112596 162371
12765 56530
15535 25700
24739 83483
144496 162916
135770 180815
78501 121316
26695 104571
73031 96353
40300 50487
12743 33065
40738 126413
158894 198712
77420 119523
97371 175358
81008 195590
105987 121499
6915 133338
100909 171688
39936 122504
11118 71925
614 165339
115246 118346
141417 181618
1048 41456
48267 82787
8317 108565
39326 41087
77565 127072
34214 188461
16289 194519
5221 130525
12866 154356
64044 119288
102679 103457
140567 170149
60183 191885
44178 46785
65384 113022
1717 148551
44415 150649
132482 177935
135613 152153
63352 188476
33666 109764
149459 155069
105260 186603
60558 63562
82661 93945
118616 184300
42174 108797
41362 123781
68939 150793
54986 117970
87553 127061
8478 44936
27810 130071
78580 89497
66227 160007
117999 192261
6743 195271
140148 159314
84695 196191
9308 117274
14462 24345
73864 192500
45697 191966
1593 62563
10724 96529
33466 145765
155923 190963
89190 175922
78445 119196
72739 199294
103397 118809
7171 116697
1161 107870
162284 177353
10589 55737
86469 122264
65164 128213
49787 155346
7664 34611
166333 168716
2918 77088
87433 140752
71192 155295
45650 174080
148762 182417
51684 67434
17454 90420
51893 68281
73236 158541
120335 173069
43129 153278
119681 190154
19201 158201
88772 123826
56639 195017
132565 169032
140174 192122
64834 65546
14562 31045
8905 63693
81076 124009
29497 162330
38488 147535
4740 147555
64270 189757
6897 88971
83489 173815
152282 183209
31788 182072
18956 165547
116675 151370
116272 157739
68423 189043
4302 169386
17784 33761
127443 155471
179991 199176
88684 163845
59014 75078
35056 89625
98134 145424
38583 198300
134856 170034
41955 90464
52783 92656
7654 54123
76724 127743
32765 70276
42193 104652
71470 94766
46486 195316
148110 193768
98634 160937
119460 187843
58709 117438
154649 195642
136672 152080
124888 125131
36520 58548
113169 172857
153025 168681
135772 152231
2952 175346
59277 142019
131907 173741
13152 182745
116662 131911
40648 173899
30908 141082
98491 100475
16253 20412
103589 191649
73999 159261
99903 168749
23302 180729
165617 168747
21794 42340
1001 148005
93467 194501
63020 166875
141209 155867
132391 137575
55231 55921
58614 196353
115308 153246
93700 181785
36934 85434
84387 94846
65806 110475
57401 160501
101451 180375
86646 155391
3614 4116
1922 142192
25707 128125
2468 43010
45649 181912
62655 152285
72082 146001
145138 164275
53613 119841
16900 67993
22413 106458
47072 188677
43724 199977
5112 138992
7245 136057
8761 12191
60251 142292
3961 13109
158996 165499
98668 148866
7719 68647
90166 156844
90862 91562
85179 161313
3638 85165
37563 106298
31605 112506
4931 197135
25417 117817
140797 188254
35997 40140
97120 150049
18649 26787
26054 190845
62500 150452
13421 124274
19526 158621
12917 115244
95432 147396
43784 131730
162395 189294
81252 128898
65596 121948
14302 103112
1670 120250
146878 161223
128966 135112
120190 135926
25496 34753
157910 189978
38997 161708
60147 156101
118448 178169
118489 129151
81263 84818
148597 199789
19205 168826
120427 199556
23703 120202
67991 117452
176875 185603
101013 113683
109033 172555
110008 137144
69529 144751
87371 91306
40169 168481
54130 187463
87843 133436
76131 84901
28508 161050
149515 174246
61191 62655
126968 181913
46337 106826
131675 157870
11453 97040
109161 141467
7078 177843
9767 20621
45483 173916
152211 196928
118558 165398
3827 63728
17679 103159
3089 196446
19738 168467
44259 45094
64195 147161
53352 102691
118018 188435
163552 186871
27383 146788
1557 11588
71203 75292
59075 136253
127351 182815
51417 164145
30194 186764
70121 126349
98088 123573
10346 135335
145364 188111
156591 158139
76436 80624
157986 191804
108557 152371
51741 145650
112233 116082
55970 180164
20074 103356
38151 172878
56674 76372
21090 96951
61369 190064
24736 100433
64043 129210
85321 158240
14866 88712
1035 189768
75057 78283
46999 114419
15529 198497
75487 186127
46689 153835
115845 164901
152570 153363
14788 26223
14589 179113
161641 188375
97802 113322
47637 99200
36586 70516
118908 198590
35101 171764
96279 144430
118164 157168
134924 167041
84861 144569
73834 195724
76425 164323
10927 108922
30995 126882
2281 5424
38511 90296
6778 69958
54876 63876
123929 135239
64268 68283
43715 46274
53679 64730
50398 178081
39310 88911
96905 140385
48739 124063
70163 91219
46553 143396
158557 169922
57326 111407
77178 119629
129143 177537
111479 193698
40486 47623
105525 141088
68073 171383
4828 102315
144840 168313
113056 151906
25295 186104
51508 97258
89746 133020
1176 175079
91054 132753
47868 194514
93729 143204
35961 75141
111488 120474
102347 112767
19186 34279
23120 134754
70967 154547
6665 70074
36265 74578
3502 28512
78415 182066
65837 106175
135664 182732
36602 153222
73670 194475
81771 119243
106990 187137
22296 58022
129024 144651
61594 161081
112606 116360
27339 176493
42212 53760
161929 169709
30161 181859
22856 72024
137110 198005
33428 39677
92059 167566
121850 158767
107160 156284
6796 29001
3156 179588
190022 192384
139383 158487
3340 136425
53701 156367
98417 163893
6385 139422
116613 162334
36781 70785
104432 120781
123213 176858
49521 72543
112094 169433
120932 190873
153654 155376
97057 130572
16916 176559
114640 150342
1000
3
3
1 85203 174197
1 34790 191254
1 34444 169092
2 71052 144976
3
1 110322 198950
2 60147 156101
3
2 45483 173916
2 42848 77835
2 31778 142741
1 23488 178773
1 96057 189238
2 21003 143920
2 50883 125569
2 7664 34611
3
3
3
2 34892 162663
3
2 112233 116082
2 36586 70516
1 44444 120070
2 140148 159314
1 18282 48112
3
3
1 105058 125882
3
2 48113 97768
2 135613 152153
2 11118 71925
2 156591 158139
2 88684 163845
3
2 155747 168657
1 62629 196474
3
2 28416 119101
3
3
3
2 4809 46968
3
3
1 163348 191803
2 64447 123776
1 4433 84778
1 146891 176659
3
3
3
3
1 8220 148547
1 54277 140510
1 84373 151982
3
2 9885 38394
1 9761 108884
1 63673 69106
1 25102 95671
3
3
2 36826 94838
1 1036 72229
3
3
1 151498 194850
1 81334 125279
2 62500 150452
3
3
1 88162 104707
3
1 129418 150939
1 46753 77099
2 14295 81705
2 5565 71531
3
1 5569 108558
1 89680 178932
1 159070 191789
3
3
3
1 57779 86249
1 3873 77047
2 155171 189474
1 83288 120713
3
3
3
3
3
2 83886 155619
3
2 27681 103783
1 112099 116621
3
2 42888 178791
2 107212 114658
1 150133 152980
1 14790 185878
1 29940 94652
3
2 29153 180494
3
2 29264 177429
2 163552 186871
1 1201 176656
2 57779 86249
2 2918 77088
3
2 20074 103356
3
1 8909 162823
1 20612 146877
2 70676 198598
1 43472 195263
1 24269 56359
1 123663 129573
3
2 111160 118779
2 145899 164937
2 1571 78337
2 100909 171688
1 727 73909
1 71993 190448
2 65806 110475
2 118616 184300
3
3
2 116022 135552
3
1 114444 148639
3
2 18956 165547
2 58709 117438
3
2 75487 186127
3
2 2415 131775
1 3605 10072
1 83827 169718
2 20906 117552
2 188116 191257
2 66633 75721
2 82770 169353
2 32765 70276
2 6385 139422
2 38551 198975
3
3
2 57326 111407
3
3
3
1 140997 183202
3
3
1 125832 187984
2 43204 122209
2 136965 137933
3
3
2 79596 151537
2 47868 194514
2 85405 185861
1 161445 170098
2 21137 196030
2 6897 88971
3
1 91901 106730
1 132497 143462
1 8379 138431
1 128675 143761
2 91901 106730
1 154348 179334
2 64044 119288
2 71203 75292
3
3
1 41480 179171
2 102347 112767
2 90166 156844
2 1922 142192
1 87255 104368
3
1 297 72170
1 52430 105510
3
2 1267 91461
2 162395 189294
3
3
3
3
3
3
1 42310 50864
3
1 10067 100227
2 14066 124927
2 72847 118272
3
1 81970 152662
1 6740 40393
1 20110 84951
1 91968 145970
1 61413 163520
1 34382 163484
3
3
3
3
1 59624 167566
1 16692 121360
1 58081 105595
2 36934 85434
1 112561 170216
3
1 40291 48077
1 36615 169128
3
2 93737 151478
1 34217 151355
3
1 42860 160087
3
1 42031 61930
2 93652 111476
1 18641 69606
3
1 27604 134194
3
3
1 42914 65051
1 20705 34647
2 120900 130205
1 166973 170923
1 19485 56920
1 76311 153511
1 6860 11229
1 145481 165124
2 157576 192197
2 81107 133410
1 29799 41908
3
2 67874 106644
2 76000 117790
3
3
1 18856 196666
3
3
1 127049 177017
1 113694 132044
3
1 68142 123815
2 66299 186997
3
1 134505 196708
2 98088 123573
1 22748 157219
2 77073 118436
2 7672 17657
1 129281 196898
1 60036 168322
1 11769 161227
2 78595 165314
2 102761 127910
2 96900 188008
2 32539 77248
1 41626 135052
2 12394 162349
2 17780 40744
3
3
2 19205 168826
2 148927 183301
3
3
3
1 42869 126583
1 18027 74917
1 30227 185927
3
3
3
2 35961 75141
1 139745 185592
2 189213 194327
1 55674 132489
2 160109 189474
3
3
2 32471 96742
2 68477 146265
2 40291 48077
2 10026 185976
3
3
1 25881 90260
3
3
1 125714 137183
1 13252 181602
3
2 49989 110428
3
1 136019 165363
2 24172 35223
2 78415 182066
3
3
2 8478 44936
2 10860 195542
3
1 88367 167933
1 31560 72012
3
1 163567 194147
2 50398 178081
3
3
3
3
3
2 36061 70972
1 23972 33627
1 128526 197294
3
3
1 184246 191249
3
2 28508 161050
3
2 87433 140752
3
2 16821 124497
2 53679 64730
3
2 64098 67591
1 34616 160216
1 135059 157975
1 96752 169178
3
2 77275 178022
3
3
3
2 56053 146929
1 120856 159248
3
2 10589 55737
3
2 153184 178202
1 87915 103752
3
1 85278 122446
3
1 39396 131129
3
2 88772 123826
2 176308 187429
3
2 18198 25866
3
1 141399 176128
3
3
2 97120 150049
3
1 98045 98680
2 18641 69606
2 13718 145204
3
2 30842 178934
2 57934 155455
3
3
2 132497 143462
2 41626 135052
1 164599 175199
3
1 179248 181894
3
1 1457 34156
1 21573 146397
2 129143 177537
1 38876 106747
2 179248 181894
3
1 27049 47839
3
2 168618 172198
1 76780 144291
2 105260 186603
1 61757 189310
1 41363 147441
2 56074 144690
2 66227 160007
3
2 15361 19835
2 36124 196739
2 40503 135291
1 99002 111070
1 16042 134679
2 75302 188429
2 132482 177935
3
3
1 134892 187706
2 42869 126583
2 148110 193768
2 74832 179713
1 155143 186799
3
3
3
1 170870 188505
1 43475 132228
1 115736 189230
3
2 1464 127122
1 67601 175357
1 35564 112281
3
3
2 111732 123374
1 132684 182694
2 37916 97455
2 16289 194519
2 141971 154663
3
2 18649 26787
2 194868 199176
2 66958 160790
3
2 123929 135239
1 63120 100469
2 139383 158487
2 140567 170149
2 118558 165398
2 8379 138431
2 120932 190873
3
2 8078 71067
3
3
3
3
1 17356 41842
2 73031 96353
2 20745 89721
2 33098 60220
1 78395 197861
2 6062 170498
1 54164 78455
1 5661 22596
2 89746 133020
3
2 153025 168681
1 65467 181802
2 77178 119629
2 60780 122511
3
2 151699 157054
1 97879 143803
3
1 106314 117806
3
3
3
1 137842 164167
2 129281 196898
3
3
2 98668 148866
2 44347 106627
3
3
3
3
1 42388 121400
2 2188 125417
1 8652 18313
2 64834 65546
1 6721 168040
1 22836 187893
2 152103 188874
2 41716 142218
2 162284 177353
1 116764 132435
2 42310 50864
2 13152 182745
1 82750 158218
1 125869 159441
1 13224 21142
2 48497 135565
3
2 36520 58548
3
2 14589 179113
2 119681 190154
2 66910 154313
2 88832 194725
1 28463 175587
1 150139 171215
1 57727 190382
1 19865 93961
1 65339 99449
3
3
1 69961 140557
2 65339 99449
2 87497 163090
3
2 73236 158541
1 22643 38939
3
3
2 39310 88911
1 27300 182912
3
2 64773 124660
2 59328 166222
2 87553 127061
2 88635 173967
3
1 56117 140229
1 19493 164125
3
1 47901 195404
1 8932 175906
1 27989 63954
3
2 76425 164323
1 40373 54423
2 20110 84951
2 162681 177006
1 171070 194269
1 4726 16743
2 35847 148292
2 36602 153222
1 91391 152075
1 16905 66792
3
3
1 115680 125332
2 37660 70994
3
3
3
3
3
1 21661 81481
3
3
1 92319 101555
1 24250 134281
2 128526 197294
2 148597 199789
2 148762 182417
1 94975 172218
3
3
3
1 10383 32154
1 120048 178089
2 8838 195563
1 135624 169261
2 51684 67434
2 158596 159164
3
2 16910 122064
3
3
3
2 14562 31045
3
2 89190 175922
2 131675 157870
2 78389 147566
1 65190 107700
2 28753 175898
1 46518 125414
3
2 38151 172878
1 23428 36918
1 15601 83394
3
3
1 120051 142661
3
1 129292 149566
3
3
1 70864 196584
1 52868 111700
3
2 87915 103752
1 106852 162562
3
3
2 58060 195222
1 35931 38743
3
1 37785 199798
3
3
1 69504 129606
2 73623 189788
3
3
1 6185 111778
1 1133 182080
3
3
2 120048 178089
3
1 136614 158232
2 39604 136884
3
2 52783 92656
3
3
3
2 33261 40708
2 8925 149330
1 59104 86463
3
2 127443 155471
1 99317 167374
2 113056 151906
3
2 3725 75278
2 56070 57865
2 146406 178554
2 41363 147441
1 11523 52406
2 70163 91219
1 48372 172660
1 63919 108084
1 48755 114537
3
1 47626 172195
3
2 56689 112683
1 137415 156763
1 46311 152651
2 964 163463
1 174383 189589
2 146307 154027
2 173924 174839
3
3
3
3
3
1 86876 139043
1 184363 186909
1 9107 14366
3
1 56865 68500
3
2 42860 160087
1 41803 142029
2 95432 147396
2 59410 72006
1 10693 129331
1 60175 160236
1 13174 148248
1 155908 187743
2 83819 85147
2 15003 126328
3
3
3
3
3
2 57401 160501
1 48936 187850
2 161445 170098
3
2 27810 130071
1 108743 111131
1 20155 82101
1 61984 132824
3
2 21661 81481
1 18790 122802
3
1 123461 194187
3
2 18161 19392
1 17260 66098
2 78890 179417
3
3
3
1 79699 108843
1 58630 140190
1 87782 193415
1 18492 99546
2 110008 137144
1 112105 142639
3
3
3
1 24987 156097
1 11076 71521
3
3
3
1 56187 85502
2 149459 155069
2 34082 35042
2 72082 146001
3
1 80262 120415
1 102495 139613
2 116055 193588
2 35843 40302
3
1 31077 124397
1 93229 166261
1 24795 122518
1 71560 147751
1 4035 156771
2 13007 135595
1 63330 83758
1 43130 130472
2 21573 146397
1 62516 107434
3
2 165380 183701
3
3
2 65596 121948
1 53822 75743
3
2 163348 191803
1 85534 175090
1 69963 85808
2 152282 183209
1 14981 82769
3
3
1 44133 50828
3
3
2 68939 150793
1 48469 165299
2 44079 150669
2 80262 120415
2 35281 185323
3
3
1 50357 161560
2 81771 119243
1 23349 144255
3
3
1 113578 187761
2 78328 198486
2 61413 163520
2 82750 158218
1 51515 186876
3
3
3
3
3
2 90589 185547
2 88588 127209
2 59452 183231
2 141209 155867
1 146957 174969
2 6665 70074
3
2 40043 117973
2 3873 77047
3
2 106152 179716
3
1 87336 179222
2 48222 191620
2 59014 75078
2 93486 129212
3
3
1 71796 80686
3
1 3560 182524
2 107235 181306
3
1 158455 167532
3
3
3
2 46753 77099
2 25748 197618
1 117285 156644
3
1 15791 150396
2 4930 162843
3
1 46847 67565
2 135772 152231
3
1 512 95620
2 38583 198300
1 4882 182697
3
2 26455 124020
2 47481 168129
3
3
3
3
2 45697 191966
3
1 142209 161986
3
3
2 90862 91562
2 16916 176559
2 54986 117970
1 86719 139786
2 9825 198828
1 28450 126968
1 46414 53422
2 91968 145970
2 104079 171836
2 126968 181913
1 35489 176342
2 152570 153363
2 64268 68283
1 8580 160725
1 12296 87299
3
3
2 163487 185090
3
2 93467 194501
2 166973 170923
1 13864 190950
2 47614 177303
2 155821 198440
3
1 41697 153700
2 117665 190551
2 33046 167311
3
2 9573 66193
1 53700 120535
2 30194 186764
1 91803 196012
2 17260 66098
2 18302 145513
2 6721 168040
2 8255 194655
2 64270 189757
2 29497 162330
2 33177 111373
3
3
3
1 5070 105191
2 16314 53640
1 67099 162971
1 32269 108355
1 88302 178970
3
1 146570 154204
3
1 6035 69977
1 83297 109425
2 116008 130509
3
1 65864 140285
3
3
3
2 38088 102519
3
2 79043 195117
1 6686 99597
3
3
2 174313 180556
3
3
3
3
3
1 102459 153956
2 11076 71521
3
2 28450 126968
2 33666 109764
3
1 61726 86487
2 117165 119594
1 26719 181683
2 16900 67993
1 86940 175591
1 27041 46466
3
1 102978 124630
3
1 1560 83887
1 37657 165002
3
2 12846 28121
3
1 44851 101842
3
1 112738 137592
2 2735 105005
2 52001 67314
1 14090 83178
3
1 113789 139333
2 123601 187946
3
1 49243 197646
2 89272 160323
3
2 48487 108682
3
2 69547 149005
3
3
3
2 158557 169922
3
3
2 71055 134440
1 7932 195712
1 49376 184436
3
3
1 97234 122170
3
1 182141 184658
2 122061 199223
1 98594 106505
1 5098 120458
1 45817 174051
1 46299 102836
1 39320 171857
1 98647 193002
1 34978 86440
3
1 79715 160555
3
1 56032 173841
1 14367 86295
1 105702 107214
1 44851 87705
1 12979 121533
2 1593 62563
1 75374 172245
1 94885 179446
2 54164 78455
2 19186 34279
2 142574 162625
1 12313 56374
1 46677 71526
3
1 160879 196538
3
1 69844 110293
3
3
2 48497 83975
3
3
2 139998 144609
1 148982 176250
2 1035 189768
3
3
3
2 13174 148248
2 10579 138964
2 58630 140190
1 57770 191200
3
2 93700 181785
1 36786 80220
3
2 20155 82101
1 38856 74117
2 76724 127743
