1502
1502
1499
1499
1506
1506
1506
1506
1503
1503
1504
1503
1500
1500
1504
1505
1507
1511
1514
1507
1509
1508
1508
1508
1508
1510
1509
1509
1508
1503
1503
1503
1503
1504
1504
1504
1502
1502
1503
1499
1499
1499
1499
1498
1504
1506
1505
1507
1510
1510
1507
1506
1506
1503
1502
1502
1504
1506
1505
1505
1505
1508
1507
1506
1506
1499
1498
1496
1503
1505
1508
1506
1506
1508
1511
1506
1506
1510
1510
1511
1509
1511
1513
1518
1520
1519
1519
1519
1519
1519
1518
1520
1520
1519
1521
1509
1507
1505
1505
1503
1503
1503
1503
1503
1504
1503
1502
1502
1502
1504
1504
1503
1501
1496
1498
1498
1498
1506
1506
1505
1508
1508
1508
1506
1508
1508
1508
1513
1513
1513
1513
1513
1517
1522
1523
1524
1524
1516
1516
1516
1515
1511
1511
1511
1511
1511
1512
1513
1513
1513
1512
1512
1511
1513
1510
1510
1508
1505
1503
1509
1509
1506
1507
1505
1501
1499
1499
1498
1499
1499
1500
1495
1495
1495
1493
1494
1498
1500
1500
1498
1498
1498
1498
1498
1500
1501
1501
1499
1505
1507
1505
1505
1505
1504
1501
1497
1496
1495
1496
1496
1495
1495
1498
1500
1502
1504
1505
1503
1505
1505
1504
1507
1499
1499
1501
1500
1502
1504
1504
1502
1502
1502
1501
1502
1499
1499
1499
1501
1498
1496
1496
1501
1501
1502
1503
1503
1504
1505
1506
1505
1507
1511
1511
1511
1511
1509
1509
1509
1509
1509
1507
1505
1508
1506
1506
1504
1502
1502
1503
1505
1506
1506
1508
1506
1507
1505
1506
1506
1507
1508
1508
1506
1506
1504
1504
1504
1503
1505
1504
1507
1506
1506
1506
1506
1510
1510
1508
1508
1508
1509
1511
1511
1510
1510
1516
1507
1509
1507
1507
1505
1505
1506
1508
1509
1509
1506
1503
1502
1500
1502
1500
1500
1502
1502
1502
1505
1506
1504
1503
1503
1504
1506
1508
