1000 200000
139286 182320
20631 162405
127407 185423
3277 194776
5372 85848
6512 71802
90492 114790
24851 189609
27703 40048
62482 189338
137126 191847
11793 72615
55657 112318
133804 144028
126896 186556
29027 73604
126434 180636
49775 81883
44044 147482
47897 83510
28095 104791
161646 190223
128835 186340
120097 133340
82915 170167
9648 55864
49935 83529
32576 76667
4235 127144
62458 121823
59525 114719
89739 166342
142423 149429
30386 58533
49634 169041
36686 198843
29776 143742
33957 72968
32872 41674
143911 180424
5311 139044
82023 184381
133155 182950
120095 137580
125896 135918
36317 54891
17418 199129
77001 94176
50595 137357
39682 136352
57873 94167
134683 193398
11370 189202
39863 80325
3915 5369
45786 167925
7863 24204
30434 138302
146730 193078
31895 93780
90831 140256
98180 119058
127028 139187
81712 190656
71167 112684
9398 25781
57706 105305
44878 184474
82404 125308
117762 184615
97741 160848
44120 82373
89009 198280
52326 114738
75806 149889
121185 158583
37357 132274
109616 175827
108181 182046
28076 192377
58768 134252
88379 140409
17911 151310
51699 186330
31036 132736
80137 84908
53549 162511
31811 95767
80849 95221
6581 67611
10431 187716
72342 100415
4756 6770
117357 199329
177028 186114
32483 115238
47976 57213
12516 128471
92605 198575
138729 156248
111609 173396
93461 189642
96171 129526
125018 139179
6289 144665
34702 38392
64783 184320
36781 104755
39403 79736
44244 155492
82665 129845
193898 197298
35821 54262
157754 194950
100540 187903
41223 129276
82304 97558
132804 143013
112199 140486
21405 77377
4356 158175
96840 102450
128371 170254
77706 166063
111963 195611
60300 134324
25421 32881
97659 133345
135251 188070
118586 131530
70118 82442
119081 130410
63248 175812
73144 187287
29762 142078
28557 140442
57371 109528
29006 68511
14265 96160
132575 173826
124350 136642
6857 109534
39284 89712
28889 144627
26659 188481
11813 105121
64230 90917
168436 195646
108971 140318
69293 126441
36253 64860
82804 138345
66064 177354
34760 87447
103939 111060
135408 181351
82081 85343
57546 105250
11663 188801
120195 131367
17150 143720
89868 171899
87294 193423
93444 144284
14183 43982
26088 177682
5394 127590
159600 163730
10599 146737
48438 141785
110172 139168
15933 172319
182405 188082
168703 183248
119893 125422
60921 128445
3378 175501
52748 66170
5230 107335
188541 194015
72659 81860
27271 161142
163111 166487
165616 190118
15029 142902
117476 122265
101428 159188
3240 102535
46122 119867
44376 168633
85873 147915
41915 132726
23082 61060
107810 121442
68492 184824
71037 90153
171200 176240
12939 62675
38767 123100
143173 161555
60449 96756
35514 189616
39809 127417
145100 159301
41722 114191
57702 159628
51172 128151
50186 157649
136666 155866
178121 197623
131608 189601
86405 132282
3932 90723
158891 181427
65136 155950
84918 165011
171188 182691
27577 63004
13580 151751
4979 185231
5616 63220
28984 117881
125821 155397
18085 41166
42455 123960
136326 139764
102211 112083
181461 190162
59883 160602
102590 117246
156765 170458
114972 166156
123073 133293
73784 132807
27789 60612
57484 94260
55768 75549
27278 128705
46293 136186
51532 107821
11099 40167
17243 170201
193571 198965
11269 172184
104374 189195
61039 184459
9964 20716
63812 113137
3851 138065
133883 192685
106877 199866
9158 115271
155646 165374
1960 54115
73578 184312
46976 162030
93316 103175
1518 62910
46195 74318
67211 168663
27135 178741
150019 159505
68965 87001
101250 144624
34640 187664
60691 126140
92124 124776
16492 115646
95254 103139
19143 33119
28797 99711
126993 136704
33268 85814
7607 111275
41935 119617
36674 160882
163153 185548
37820 162259
41159 198948
184576 188957
106107 131456
14575 55813
29773 67753
13091 37552
56072 116006
60724 76331
106768 149260
106135 112908
45419 131766
95633 199814
44828 169386
74506 161420
74447 108974
54221 64026
36300 141906
23819 68139
89420 177248
47320 185152
75619 164397
29677 114399
52526 193195
26916 54034
124257 131873
148323 186561
74663 120518
68258 176680
38364 79814
26609 95637
12645 160366
19226 86852
20692 54789
12285 81089
60207 62405
104131 136376
58690 91213
103690 196170
144549 183829
28860 164144
102447 179009
107978 116041
2154 115814
12445 190878
88382 97768
105234 168563
141363 147948
129855 183987
167865 178080
35376 75971
59824 138019
101820 116512
150563 160594
40887 199666
6843 197336
74324 122925
46139 123112
165624 172856
60822 86964
89768 147908
22980 45387
34000 151042
55114 105113
64457 170078
102434 162558
7462 64946
34912 110631
29586 55082
72600 138217
39863 136918
32417 199359
121184 198548
118214 175255
89333 195015
120983 179395
4167 12308
109701 161177
125386 159011
65993 102868
155137 173048
151967 157326
27806 153165
98881 117521
106383 161483
52444 134617
35146 149878
152456 166685
187821 190361
80016 115983
109118 172664
68952 197225
34490 41486
67993 96124
53238 135009
125988 189865
14112 91018
21921 81633
71699 121178
61842 198626
111775 173975
4751 32063
14738 80240
18353 141297
30548 171746
98071 142351
77899 124949
97097 141621
48769 176498
8492 187781
102460 140115
31847 154124
60408 190721
48702 168350
101383 110678
177428 193497
94759 141802
62542 67392
53610 60391
27287 191868
109871 184214
28182 34782
51008 159030
35478 85115
24064 112990
99180 175817
37473 125174
29063 65546
156123 179405
17339 126018
119892 148904
193477 194358
114563 191271
116200 154766
4351 177265
9596 46272
40282 141784
81633 176359
61528 95140
162366 170429
63373 109370
23397 79290
2892 195936
125575 179230
99993 103515
20621 176791
10261 158836
12583 198138
7977 18713
26617 171721
97291 153169
21363 39720
21859 187866
154558 181732
39005 189780
40462 54510
128465 183133
12569 29782
72339 88957
86855 138344
156001 195006
9424 64067
143723 195994
42297 187427
89087 182170
18913 144789
54777 165982
83616 156112
41072 69047
176799 184293
135279 136357
33697 103282
8681 15530
162854 167744
22199 57676
62663 90088
45124 125667
59687 64096
173327 177183
78258 123837
50835 128538
6706 153183
75175 80315
88708 194552
36397 60227
130184 146276
11054 51191
56348 187492
154454 163682
74359 86860
70326 98830
1758 29769
125663 167345
4893 33189
41958 79649
58734 157481
65192 159833
65211 184918
44236 173998
52637 198497
27454 141848
569 138593
67285 199568
58014 114407
128279 161859
177726 190986
40640 83411
161033 177164
92096 171862
19473 130482
60829 121265
106257 131014
108971 162792
112571 147901
46577 72816
143113 153326
22762 149235
30235 101684
23698 117761
63525 83834
160684 196431
36638 52372
77002 149351
68750 173739
9926 71221
37220 52200
110854 120574
29383 89573
25570 136577
43062 144976
123176 156718
29874 77621
22128 128337
43732 189366
21112 164601
29532 102516
108054 126214
42508 75127
41278 119968
73259 159144
142896 194958
24165 69493
94988 164189
96880 99305
131684 132815
58065 140265
32232 184882
45296 111261
12048 17139
71295 175693
20731 138177
9424 44616
22501 25300
42535 155155
34192 199690
66903 116814
137110 160778
42955 168676
85596 183775
109312 121693
79121 103087
3346 121474
48717 182560
132899 168966
142745 170955
82385 193155
118826 156108
131681 172308
122416 124198
27568 136808
145157 171934
82574 82781
65397 178155
128624 150490
84812 92785
23551 186870
58441 65987
102816 117493
101754 123283
163119 191053
126558 135173
39862 65516
52007 135991
36647 77379
31563 161510
139175 199094
72372 138695
110641 174842
66800 67536
149276 176849
24166 65606
85076 149394
147660 157963
28111 35182
108737 193979
107691 185819
177805 199221
43214 93226
59216 137830
166988 181354
29702 190149
33745 128759
48405 129036
16683 21556
67426 111066
8687 120039
74781 149357
56595 152729
26904 182344
38498 66345
101132 107822
65028 155713
77270 146152
45530 151034
2869 68869
9046 44929
32084 58383
22109 138172
156397 176617
117236 185174
92273 195304
140854 167630
55583 148728
114125 158268
36343 72304
74477 194963
11441 29589
68428 147760
154847 174394
79881 199149
81448 187334
182537 187782
152642 168312
145780 178269
34923 54575
11288 167955
12921 94682
152404 180262
87443 163711
112626 152394
122832 187101
146345 153074
157368 199337
138510 178907
47067 128376
25270 157033
58878 128339
164611 168411
64047 137825
99579 105205
75717 88167
98632 132604
83516 86256
77176 185534
105353 193906
64766 95112
42806 190204
20588 126704
15473 61210
35717 182023
35676 64016
40108 63394
37100 92790
16383 131715
74216 117947
40976 190052
112635 137297
111827 124352
3128 76522
79613 106876
8193 21907
537 98125
10691 81585
72355 165409
14604 87862
95669 172913
40800 118338
175992 191756
36751 113746
12597 194826
90459 125723
83499 117108
25102 85869
101538 136310
98992 149833
87845 159324
140069 189558
3354 191555
90949 178353
51276 174983
38905 181263
732 195227
33933 57450
61235 85389
139395 156876
130235 163030
156046 183225
156324 190093
108029 148092
113580 173863
151713 189644
37813 163740
18421 98139
12673 87785
103419 184827
126385 191192
109475 116282
68533 107273
65910 142004
54938 55977
55913 136002
18919 184466
103487 122519
50852 169861
123080 152317
14906 106315
3021 125683
102264 124527
17153 99698
120911 143295
51173 68559
790 162255
48267 160118
148038 188789
51444 163913
175949 190143
41002 41293
89664 181432
46258 115633
27605 95475
9839 34865
33439 100496
71602 127679
10575 143797
19883 87131
9091 144645
6468 92525
108835 199812
83842 174064
155873 195086
13981 152208
94970 142626
62029 63395
10989 152352
152547 169293
42430 49552
50836 190644
18099 84698
63406 72276
97624 141007
6830 62680
76893 186748
21845 116952
38046 39153
37132 43623
38542 156300
26743 105029
64770 87664
147205 180243
11589 159285
105425 153897
66873 143296
33363 101741
81194 137337
30637 161539
11910 49738
13829 45744
3358 114339
77640 114399
5224 94710
164242 171503
81599 174523
43349 54165
36397 123746
76916 99130
36555 185073
4289 122562
16946 130138
63312 137335
75933 130002
82626 183547
26403 147933
47669 147294
43908 86522
13273 108294
52659 155937
134228 160010
80105 137513
87096 148799
40191 121716
39170 193137
19490 120052
76572 154927
112313 191500
124200 153331
42447 63011
121622 165841
151889 166630
136566 178089
96657 184129
7241 63246
31273 82887
172983 184596
141322 197014
36318 98563
77633 94875
61687 108911
48106 190747
192544 194737
58447 115158
127709 187169
17160 148387
27799 140763
85007 148261
27772 141214
51524 119737
25246 78061
91223 116764
66766 149559
121539 199778
145673 183521
77300 192152
45259 135741
62194 64537
109071 179015
84786 104504
17153 90863
119052 141647
13436 91230
77205 150050
165038 177941
129182 136033
31674 187845
76317 178558
17221 80713
139313 175983
116664 187865
3125 171342
55405 121068
65930 74206
68528 141673
30628 163955
9435 99412
83892 155725
169371 194886
26660 96413
1420 91791
37112 128606
156817 169826
144910 155229
33900 91705
44383 105074
21291 199020
35356 121636
31064 132864
94632 193139
75246 113516
31876 145829
70116 192090
55738 58596
115474 134132
47634 167615
166807 192586
3008 114884
16017 188690
79853 88244
26280 169955
33613 124331
21987 167897
50360 101260
5904 161717
42731 103930
10649 110978
80816 173939
3728 199243
33825 151056
7557 196421
92446 148747
101831 147790
21839 160378
98508 118791
152130 191868
28499 188587
27674 146365
71775 81440
120715 155843
44949 128652
66163 180113
31528 170098
28979 45264
120588 142523
38482 127209
59569 119739
31048 42366
92528 116168
98946 102627
44783 110994
87991 97611
81157 83389
35755 146241
68353 98912
10306 140125
71910 148485
17325 53069
85027 188276
39054 183163
156586 187478
59151 80428
51032 134550
64089 77841
2826 185985
45787 83772
48416 189453
101793 182666
20466 137121
146650 196189
32099 124286
55177 118381
53664 96005
67958 157970
88991 183028
22210 72052
75171 185254
142934 179356
24760 187796
15479 24797
4366 85500
36356 151322
96670 196602
5945 137346
41856 63154
82122 132720
15187 151405
38297 92667
81325 143582
23087 64956
44790 148759
8846 103099
149435 190693
101920 178303
135892 167287
178313 180157
32995 98518
103295 119295
26788 173662
155441 198848
48797 107268
169975 180155
66105 156484
57798 134131
9534 33060
9017 75117
64887 110607
75379 178641
8534 127855
79292 131527
78057 179838
65693 96288
74078 154552
85416 88651
53195 165535
22490 129973
148918 152040
26486 88555
108941 177035
84626 182673
140838 186945
12194 45652
37594 156707
153839 181045
43195 71614
66734 128943
19641 96937
2714 179681
74551 160811
91900 153603
12163 93645
172218 175064
56860 149325
11884 107931
24114 146400
85016 173756
137460 165669
77215 148798
19003 56440
70084 144103
100137 125139
150071 166007
148088 177859
93822 190273
122039 182501
187668 198158
140358 171888
86099 93865
34789 154718
143895 194251
44465 172730
94508 196704
78635 84880
42082 47097
60407 98032
98865 105191
107804 146674
168607 194390
73863 196268
14412 155775
157447 187901
108551 139923
101317 192531
81253 105641
20351 113580
56505 60540
91735 101451
108708 118630
15444 109750
93547 116356
121080 138913
29301 172087
93781 185816
4490 116776
174851 177030
88769 171227
79514 105666
1000
1 99689 137523
2 3932 90723
1 171244 189942
3
3
2 142745 170955
1 189343 194920
2 102590 117246
2 125896 135918
3
3
1 129557 172998
2 95669 172913
2 101831 147790
1 98030 159584
1 70145 167118
1 20593 119889
1 131883 183164
1 125644 196446
2 116200 154766
1 115944 173454
1 161993 170228
1 147196 156683
3
3
3
3
2 146650 196189
2 5311 139044
1 58546 101905
2 48797 107268
2 26660 96413
2 171188 182691
1 6500 43984
2 106768 149260
1 105410 154014
2 153839 181045
1 9371 153230
3
1 49642 113145
2 97097 141621
3
1 26212 64276
3
2 41958 79649
3
2 40887 199666
2 9424 44616
1 59709 84767
1 97910 180666
2 140358 171888
2 93444 144284
3
1 147366 155119
2 10431 187716
1 53948 83648
3
1 47374 76666
1 63161 160273
1 132715 138881
3
1 48518 60502
1 87154 117968
2 24851 189609
2 8534 127855
1 1840 24505
1 40661 83884
2 42731 103930
1 37296 79521
3
1 79660 157596
3
1 16242 21675
2 90492 114790
2 44120 82373
1 17181 39792
2 112626 152394
1 94109 105060
1 61216 123163
2 55114 105113
1 71223 186900
1 98459 166398
2 22210 72052
1 78158 124799
2 54221 64026
3
1 41436 148107
1 45124 81976
3
2 82804 138345
2 53664 96005
2 91735 101451
2 13981 152208
2 148088 177859
3
1 93250 139883
3
1 32619 32621
2 79292 131527
3
3
3
3
1 84905 163046
3
2 148323 186561
3
3
2 49775 81883
3
2 14265 96160
2 24064 112990
1 154071 158627
1 154009 192363
2 23082 61060
2 87154 117968
2 40661 83884
3
3
3
1 71395 180604
2 82404 125308
3
1 145507 160035
1 31677 98099
2 123176 156718
3
3
3
2 36647 77379
1 11334 19097
2 51008 159030
3
3
2 99579 105205
1 12340 82729
1 52854 151288
2 37473 125174
1 25042 125031
2 137460 165669
1 3184 165548
2 44244 155492
2 54777 165982
1 107936 193261
2 22199 57676
1 7799 33954
3
2 48769 176498
2 75379 178641
3
3
3
3
2 12048 17139
3
1 68494 181795
1 31976 169805
1 76581 188601
3
1 70154 159405
3
2 47897 83510
2 27674 146365
1 12200 56220
1 33464 79898
1 24364 98333
1 140195 168930
2 3358 114339
3
1 40204 57239
1 115287 154262
3
1 104024 143897
1 184836 194627
3
3
2 34789 154718
2 104024 143897
1 36133 194125
2 83499 117108
1 36259 71558
1 106643 183849
2 97624 141007
3
1 45524 179850
2 133155 182950
2 10989 152352
3
3
1 38346 83806
2 26088 177682
2 17153 90863
2 97291 153169
1 18850 55698
2 26617 171721
1 169797 172307
1 194311 199850
3
2 98865 105191
3
3
2 15187 151405
1 31735 48689
1 39529 110560
1 41476 75647
1 107225 149380
2 44783 110994
3
1 60818 196382
3
2 65693 96288
3
3
3
1 156767 177690
1 72090 122693
3
1 145332 196756
2 35146 149878
3
2 140838 186945
3
3
2 2892 195936
2 13580 151751
1 34798 54162
2 92528 116168
2 52444 134617
3
2 14738 80240
3
2 76916 99130
2 60407 98032
3
1 100007 198859
1 20534 60241
1 10779 131992
1 48530 57426
1 29616 104330
3
1 104938 145687
3
1 140462 150662
1 73646 159253
1 54346 77763
2 90831 140256
1 20265 26841
3
2 2154 115814
3
2 139395 156876
1 33437 123079
1 75498 76712
2 63161 160273
3
1 86404 182746
3
1 17549 115675
2 41002 41293
1 107023 179811
3
2 52637 198497
2 107810 121442
2 66734 128943
1 1671 84244
2 48530 57426
1 148298 161249
3
2 193571 198965
2 65910 142004
2 94109 105060
1 1252 105418
1 50067 57195
1 70303 131711
3
1 36329 131139
1 49224 167143
3
3
1 41776 48268
3
2 100007 198859
3
1 39311 157916
3
1 67903 148323
3
1 59990 167135
1 43406 179186
1 135629 167083
3
1 80492 129757
3
2 120097 133340
3
3
3
3
3
2 156046 183225
3
1 85816 151814
3
3
1 77485 182304
2 82081 85343
2 39403 79736
2 163153 185548
3
2 33437 123079
1 7787 177778
1 53644 168608
3
2 98180 119058
1 42322 101008
2 72090 122693
2 51444 163913
2 51173 68559
1 28339 96188
1 113971 191286
2 7863 24204
2 75246 113516
2 82385 193155
1 63350 133008
2 165616 190118
2 31847 154124
2 165038 177941
2 51032 134550
1 29503 62331
3
2 103939 111060
3
2 77300 192152
3
3
2 77176 185534
3
2 120588 142523
2 33363 101741
1 30648 181352
1 116109 127007
2 168607 194390
3
3
3
3
1 98110 101802
2 40282 141784
1 72213 98402
1 128196 191048
3
2 17339 126018
2 108181 182046
1 69738 70458
2 53549 162511
1 90540 147406
2 85076 149394
1 24043 127000
1 68014 198672
3
2 111963 195611
3
3
3
1 17937 178722
3
3
2 174851 177030
3
2 65192 159833
3
2 34192 199690
1 58900 146004
2 181461 190162
2 122416 124198
2 10599 146737
2 27605 95475
3
1 109967 113540
3
3
3
1 61316 191477
1 34419 163063
1 49376 141058
1 73836 110460
3
3
1 7107 104123
2 42955 168676
3
1 45081 79238
1 144773 159489
2 140854 167630
1 42083 129998
3
3
3
2 84786 104504
2 136666 155866
3
1 45383 52189
1 55323 124022
2 1840 24505
3
1 30871 188285
2 63812 113137
3
3
1 115357 188988
1 95841 151461
2 43349 54165
1 95956 177364
1 19380 100601
3
2 178121 197623
1 22678 75168
3
3
1 134002 189154
1 114326 161789
2 11370 189202
3
3
1 78398 119588
1 32921 134775
3
2 92446 148747
1 77837 133778
1 74820 147066
1 103079 180782
1 60700 71484
1 17197 54244
2 125663 167345
3
1 97153 103218
3
1 127981 145903
1 83624 96025
2 14412 155775
1 37160 63483
3
2 104131 136376
1 30833 176370
3
2 26280 169955
2 67426 111066
1 116544 122069
2 124200 153331
2 76581 188601
2 26904 182344
3
3
1 73285 179725
1 40738 146906
2 75171 185254
2 36751 113746
3
2 34923 54575
3
2 112571 147901
2 143113 153326
2 101428 159188
3
2 86855 138344
1 74933 145950
3
3
3
3
1 65576 68302
1 69321 173526
2 72372 138695
3
1 133159 192240
3
3
1 141785 142972
3
1 17059 187963
2 143911 180424
2 108054 126214
3
3
2 112313 191500
3
1 53983 182399
3
2 35356 121636
2 53983 182399
2 169797 172307
2 182537 187782
1 121923 152423
1 2795 110612
3
3
1 61563 142056
2 37220 52200
2 27577 63004
2 65028 155713
3
2 86099 93865
2 66105 156484
3
2 17160 148387
3
1 45751 173559
1 101398 101766
2 35478 85115
1 112916 136247
1 90474 198933
1 6282 96844
3
2 16946 130138
1 74156 84131
1 7598 51639
3
2 101250 144624
2 59687 64096
3
2 156586 187478
1 34238 125861
3
2 41935 119617
2 109616 175827
1 171975 189996
2 41072 69047
1 37144 150754
3
2 43908 86522
1 121234 154298
2 92124 124776
2 77640 114399
3
1 22266 60487
1 155776 192741
2 42455 123960
2 6830 62680
2 138510 178907
3
3
2 67958 157970
1 73496 126179
2 9534 33060
2 16492 115646
2 28095 104791
1 136360 192661
1 11635 163746
3
1 55765 65394
3
1 119490 188821
2 80137 84908
2 35755 146241
1 65880 151729
3
1 158389 161992
3
1 17744 22228
2 60921 128445
2 154009 192363
2 4490 116776
1 5704 92095
2 26788 173662
2 74359 86860
2 27135 178741
1 128032 166694
1 52338 179396
1 112962 135519
2 11441 29589
3
3
3
2 58447 115158
3
1 122728 172258
3
1 154928 165540
1 119824 179427
1 48302 95896
2 36397 60227
1 7612 60219
1 148477 186407
3
1 20904 190827
3
3
2 17911 151310
2 76317 178558
1 148074 193851
2 9017 75117
1 90310 178082
3
3
1 50141 90767
1 14872 99834
2 47067 128376
3
3
3
1 92689 93080
1 120292 152787
3
1 111410 141573
3
3
2 43214 93226
2 30386 58533
3
2 42535 155155
1 104607 161178
1 31525 183494
1 54707 141101
1 1182 90728
1 13957 89951
3
1 46623 198763
3
2 59525 114719
3
3
3
2 7977 18713
3
2 79613 106876
2 48416 189453
3
2 80016 115983
2 103079 180782
3
1 12337 43993
2 41223 129276
2 100137 125139
1 23835 110815
3
2 147196 156683
3
1 191486 192397
2 29383 89573
1 161311 197215
3
3
2 4751 32063
3
3
1 24388 66283
2 108737 193979
1 13433 173743
1 76898 147235
1 39830 94794
2 29616 104330
3
1 46978 54101
2 81633 176359
2 158389 161992
1 91978 119108
1 32128 175057
2 77215 148798
1 33591 69790
1 32164 137268
2 50595 137357
3
1 68619 118994
3
1 37032 149885
3
1 151044 181745
3
2 46139 123112
3
1 108521 148867
3
3
2 131684 132815
3
2 109071 179015
1 76969 156671
1 50516 86541
2 47374 76666
1 114972 148239
1 12496 144244
3
2 45787 83772
2 35821 54262
2 12200 56220
2 119893 125422
2 11054 51191
2 70116 192090
1 32386 108944
1 87104 122396
2 52748 66170
1 37789 90315
2 141322 197014
2 13091 37552
2 27454 141848
2 85873 147915
1 9983 193874
3
3
1 81708 93619
1 61582 67750
3
2 122832 187101
3
1 41126 128857
3
1 1414 167413
1 68250 179917
2 39311 157916
3
3
2 74324 122925
3
3
3
2 79121 103087
3
1 124388 178384
3
1 8871 69233
2 74933 145950
2 55323 124022
3
3
3
2 42322 101008
1 44598 196940
2 154928 165540
1 25198 168481
3
1 156646 157596
2 64783 184320
2 50186 157649
1 145047 176009
2 29027 73604
3
1 176588 185380
1 27421 186650
2 58690 91213
2 130235 163030
2 41722 114191
1 76507 103366
2 77002 149351
3
2 193898 197298
1 35232 124396
2 11635 163746
1 133330 143128
3
1 30346 190746
1 60454 87910
1 68224 83506
1 39894 151543
2 39170 193137
1 38877 76561
3
3
2 28797 99711
1 133376 186638
1 50432 128977
2 96171 129526
1 50964 71392
3
2 12285 81089
1 84493 130477
3
3
1 73741 83979
3
1 55080 103529
3
1 10338 100557
3
2 98071 142351
3
1 37482 139767
3
1 70367 136287
1 50263 133802
3
3
3
3
2 30628 163955
3
3
3
3
3
2 3125 171342
3
2 88379 140409
2 103295 119295
3
1 45487 115827
1 49611 188350
2 88769 171227
3
2 2714 179681
3
1 5182 163472
1 62654 180386
2 91900 153603
1 144294 156040
2 51532 107821
2 55177 118381
3
2 26403 147933
3
2 44383 105074
3
3
1 8348 70988
3
1 174245 189489
1 104309 189323
3
2 155873 195086
1 57845 143113
3
3
1 71465 135381
3
2 82574 82781
3
2 148074 193851
1 65959 89034
1 110738 141913
2 19143 33119
3
2 14112 91018
3
1 106487 152953
3
3
2 25102 85869
1 76593 192980
2 74663 120518
1 23365 67509
1 129838 172092
3
1 48270 88982
3
1 83929 131146
2 9435 99412
1 65601 115393
2 14183 43982
2 77706 166063
3
2 57371 109528
2 1671 84244
3
3
2 42297 187427
1 92971 147005
2 20904 190827
3
2 109871 184214
1 19993 81502
1 166137 197286
1 24314 161174
2 104607 161178
3
3
2 67211 168663
1 111733 159343
3
1 65881 169080
3
2 169371 194886
3
1 6207 38932
1 12508 141705
2 48267 160118
1 49624 118573
3
2 149276 176849
3
3
3
3
1 56368 192564
1 89922 117782
3
3
1 51084 196688
2 47320 185152
2 16383 131715
3
3
3
1 78904 95995
3
1 68324 184705
3
3
2 155137 173048
2 17937 178722
1 2134 134830
3
3
2 168436 195646
1 40344 127391
2 12337 43993
1 11017 193944
1 54786 128561
1 104107 124901
3
2 110641 174842
2 19883 87131
2 62663 90088
2 51172 128151
2 17549 115675
2 73496 126179
2 46976 162030
1 19255 193808
3
1 10148 187528
3
2 57702 159628
2 24165 69493
1 2035 159612
2 139286 182320
3
3
2 6706 153183
3
3
2 9964 20716
1 10909 133950
3
1 86383 159479
3
1 69082 125051
2 9398 25781
3
3
2 151044 181745
2 106135 112908
1 9915 112702
2 39284 89712
2 171200 176240
3
1 11092 31768
2 17059 187963
2 84812 92785
2 6207 38932
3
2 53195 165535
1 24398 112981
2 151889 166630
3
2 27278 128705
3
1 96534 180174
1 133918 163779
2 164611 168411
1 35543 189039
2 70145 167118
2 172983 184596
1 111600 195839
3
2 36329 131139
3
3
1 164449 187438
1 132611 197411
3
3
1 128068 135309
2 52854 151288
1 55323 72010
1 114041 144678
1 54528 101070
1 145192 158822
2 26659 188481
2 116664 187865
3
2 11288 167955
1 154978 166396
1 4953 148294
1 100581 183398
3
1 112416 184493
3
2 34238 125861
3
2 33745 128759
1 7298 35683
3
3
1 105280 123848
2 119052 141647
3
1 99239 182210
3
1 61183 105412
2 74447 108974
1 90222 192151
3
