10168
10168
10168
10168
10166
10169
10172
10170
10166
10167
10167
10167
10167
10167
10167
10167
10169
10169
10169
10176
10176
10176
10176
10176
10176
10175
10175
10175
10175
10171
10170
10164
10162
10164
10162
10160
10160
10155
10159
10159
10161
10168
10168
10168
10168
10167
10167
10167
10167
10167
10167
10165
10166
10166
10166
10166
10168
10166
10166
10166
10167
10167
10168
10168
10164
10166
10164
10164
10164
10162
10162
10162
10160
10159
10159
10159
10157
10157
10158
10158
10159
10159
10159
10157
10159
10159
10157
10157
10157
10161
10155
10155
10155
10155
10157
10157
10157
10157
10157
10155
10155
10155
10155
10153
10157
10157
10157
10156
10156
10156
10155
10155
10156
10156
10154
10153
10151
10151
10151
10152
10154
10154
10150
10152
10152
10154
10150
10149
10148
10148
10146
10144
10139
10139
10139
10140
10142
10146
10146
10146
10146
10142
10142
10140
10140
10140
10136
10135
10138
10138
10138
10136
10136
10136
10136
10138
10138
10138
10138
10138
10138
10138
10139
10141
10142
10142
10139
10140
10140
10143
10137
10137
10137
10137
10135
10137
10139
10138
10138
10138
10138
10138
10136
10134
10132
10134
10134
10134
10134
10132
10130
10130
10130
10130
10132
10132
10131
10128
10128
10131
10132
10128
10128
10128
10130
10129
10127
10127
10125
10130
10128
10128
10128
10125
10123
10120
10118
10118
10118
10118
10118
10118
10118
10108
10110
10110
10109
10108
10108
10108
10108
10107
10105
10105
10105
10104
10104
10107
10107
10106
10109
10109
10109
10106
10105
10105
10103
10100
10099
10098
10098
10097
10097
10095
10093
10093
10095
10099
10099
10099
10097
10099
10103
10105
10107
10105
10105
10105
10107
10110
10111
10113
10113
10111
10111
10119
10119
10119
10119
10126
10126
10126
10128
10128
10128
10128
10128
10126
10122
10122
10122
10122
10124
10125
10125
10125
10125
10125
10126
10126
10126
10127
10127
10125
10123
10125
10127
10127
10125
10123
10119
10119
10121
10123
10124
10122
10122
10122
10122
10122
10112
10112
10112
10110
10111
10111
10112
10112
10112
10112
10112
10112
10112
10114
10114
10114
10113
10113
10121
10121
10121
10117
10117
10114
10114
10115
10113
10115
10115
10115
10113
10111
10110
10110
10109
10109
10109
10109
10109
10113
10109
10109
10111
10109
10109
10109
10109
10109
10109
10107
10108
10108
10107
10107
10106
10106
10106
10106
10106
10106
10104
10104
10102
10106
10103
10101
10100
10100
10098
10100
10101
10103
10103
10103
10103
10103
10103
10103
10102
10102
10102
10103
10103
10101
10101
10101
10103
10100
10100
10098
10099
10099
10099
10099
10099
10095
10097
10097
10098
10095
10097
10097
10095
10095
10095
10095
10096
10096
10096
10096
10095
10095
10093
10091
10091
10091
10091
10087
10085
10090
10089
10095
10093
10095
10095
10095
10107
10105
10105
10101
10101
10101
10101
10101
10100
10100
10100
10100
10102
10102
10102
10103
10103
10101
10099
10099
10099
10099
10099
10099
10099
10098
10102
10102
10102
10102
10102
10106
10106
10106
10106
10106
10108
10110
10108
10106
10104
10104
10104
10104
10108
10108
10108
10106
10106
10106
10107
10107
10107
10109
10109
10109
10107
10106
10102
10102
10104
10100
10100
10100
10099
10102
10100
10100
10103
10103
10106
10106
10108
10104
10104
10104
10106
10106
10106
10110
10110
10112
10112
10110
10110
10110
10110
10108
10110
10110
10105
10105
10106
10106
10106
10106
10100
10100
10098
10098
10098
10098
10096
10096
10096
10096
10099
10102
10104
10105
10107
10107
10109
10110
10107
10107
10107
10102
10105
10105
10105
10105
10105
10101
10103
10104
10103
10101
10098
10099
10095
10095
10095
10092
10087
10087
10089
10087
10087
10087
10087
10085
10085
10084
10082
10082
10083
10085
10086
10083
10083
10079
10079
10079
10079
10077
10075
10077
10075
10075
10073
10070
10070
10070
10070
10070
10069
10069
10074
10076
10076
10072
10071
10071
10071
10071
10075
10075
10073
10073
10074
10077
10078
10076
10076
10075
10077
10074
10074
10074
10076
10076
10076
10073
10073
10071
10071
10071
10071
10072
10070
10070
10068
10069
10069
10069
10074
10075
10075
10075
10077
10077
10077
10074
10076
10076
10074
10076
10074
10072
10072
10071
10071
10071
10071
10068
10067
10067
10069
10071
10071
10071
10071
10072
10072
10068
10069
10069
10069
10072
10073
10073
10073
10073
10072
10072
10072
10075
10075
10079
10077
10076
10081
10079
10083
10080
10080
10076
10076
10072
10072
10072
10072
10072
10072
10072
10065
10065
10064
10064
10064
10064
10064
10064
10066
10069
10069
10065
10065
10064
10064
10063
10063
10063
10063
10065
10065
10065
10065
10061
10063
10062
10062
10062
10064
10064
10062
10062
10062
10059
10059
10059
10061
10061
10061
10062
10060
10058
10058
10058
10058
10058
10056
10058
10057
10060
10062
10062
10062
10062
10062
10063
10065
10065
10065
10068
10068
10070
10070
10069
10069
10075
10075
10077
10077
10075
10075
10075
10073
10075
10075
10075
10075
10075
10075
10069
10067
10067
10068
10066
10066
10066
10066
10066
10064
10067
10067
10067
10063
10063
10067
10063
10063
10064
10060
10060
10056
10054
10050
10049
10046
10050
10048
10048
10048
10046
10045
10045
10046
10046
10046
10044
10044
10044
10046
10044
10044
10044
10046
10046
10046
10046
10046
10046
10045
10045
10045
10045
10043
10043
10043
10044
10047
10047
10047
10046
10045
10044
10042
10042
10044
10040
10039
10038
10038
10040
10040
10040
10036
10036
10036
10035
10035
10037
10035
10035
10034
10034
10034
10034
10036
10040
10040
10040
10035
10035
10035
10033
10033
10033
10033
10031
10029
10031
10034
10035
10027
10026
10026
10028
10028
10028
10025
10026
10026
10024
10022
10020
10020
10020
10020
10020
10020
10022
10020
10022
10026
10030
10028
10028
10024
10026
10025
10025
10023
10023
10027
10027
10025
10025
10025
10025
10026
10026
10026
10026
10026
10026
10029
10031
10034
10031
10031
10031
10031
10031
10031
10031
10028
10028
10028
10030
10028
10028
10028
10031
10031
10031
10028
10028
10029
10029
10029
10029
10029
10028
10034
10033
10035
10042
10042
10047
10047
10043
10043
10045
10044
10044
10040
10040
10040
10040
10040
10040
10036
10038
10038
10036
10038
10038
10036
10039
10044
10046
10052
10050
10049
10047
10045
10045
10045
10044
10043
10043
10043
10038
10038
10031
10031
10029
10028
10028
10028
10030
10032
10031
10029
10029
10029
10030
10030
10028
10026
10025
10027
10026
10026
10025
10023
10023
10023
10023
10025
10026
10025
10023
10019
10022
10024
10024
10021
10023
10017
10017
10017
10017
10012
10010
10010
10010
10010
10010
10005
10005
10007
10007
10005
10005
10003
10003
10003
10003
10003
10003
10000
10010
10006
10004
10004
10004
10002
10000
9998
9994
9994
9996
9996
9996
9996
9997
9993
9992
9992
9991
9991
9991
9991
9991
9991
9991
9990
9990
9990
9990
9990
9988
9988
9988
9990
9992
9992
9990
9988
9988
9986
9984
9982
9982
9980
9978
9976
9983
9987
9987
9986
9981
9979
9979
9979
9979
9979
9979
9980
9979
9979
9981
9979
9981
9983
9981
9979
9981
9982
9982
9984
9981
9981
9982
9982
9982
9982
9981
9983
9986
9991
9991
9991
9991
9991
9995
9997
10000
10000
10001
10004
10008
10011
10011
10013
10013
10013
10013
10015
10019
10024
10024
10024
10028
10028
10028
10028
10030
10030
10029
10029
10025
10029
10031
10032
10030
10032
10030
10033
10031
10033
10035
10033
10033
10033
10033
10033
10031
10031
10031
10031
10027
10028
10023
10025
10025
10027
10028
10031
10033
10033
10033
10033
10033
10035
10035
10035
10035
10036
10040
10040
10038
10038
10038
10038
10038
10040
10040
10040
10043
10045
10045
10047
10051
10050
10050
10050
10050
10050
10050
10051
10051
10051
10049
10050
10055
10056
10056
10056
10057
10056
10056
10058
10058
10058
10058
10058
10058
10058
10060
10064
10061
10069
10068
10070
10076
10076
10072
10070
10070
10068
10070
10070
10070
10066
10065
10065
10065
10065
10063
10061
10060
10060
10063
10063
10063
10061
10062
10062
10063
10063
10063
10063
10061
10059
10059
10058
10058
10060
10060
10060
10055
10055
10055
10055
10055
10055
10058
10058
10058
10058
10058
10059
10060
10056
10056
10056
10054
10051
10049
10049
10048
10048
10047
10044
10044
10046
10046
10046
10047
10046
10046
10047
10044
10044
10044
10044
10042
10040
10038
10038
10040
10040
10040
10040
10042
10042
10040
10040
10040
10037
10037
10037
10035
10035
10037
10037
10037
10037
10039
10041
10045
10045
10045
10045
10044
10044
10043
10043
10043
10042
10042
10042
10042
10038
10040
10040
10041
10039
10041
10043
10046
10044
10040
10041
10041
10040
10038
10037
10035
10035
10035
10033
10033
10033
10030
10030
10029
10029
10030
10030
10029
10031
10033
10031
10030
10028
10028
10031
10031
10030
10030
10030
10030
10030
10031
10029
10028
10028
10028
10028
10030
10028
10026
10027
10025
10025
10027
10025
10027
10027
10027
10027
10027
10029
10033
10033
10033
10031
10031
10029
10029
10029
10029
10029
10029
10027
10027
10027
10027
10029
10029
10029
10028
10029
10027
10027
10027
10027
10027
10031
10025
10025
10025
10023
10022
10022
10022
10022
10022
10022
10022
10022
10020
10020
10027
10029
10030
10031
10031
10031
10030
10030
10030
10030
10025
10025
10025
10031
10031
10031
10031
10031
10031
10035
10037
10037
10035
10035
10037
10037
10031
10026
10026
10032
10032
10032
10032
10032
10032
10035
10035
10035
10031
10031
10031
10031
10031
10031
10031
10031
10029
10031
10031
10034
10034
10035
10035
10035
10036
10033
10033
10037
10037
10036
10036
10036
10034
10036
10036
10038
10038
10038
10040
10040
10040
10040
10042
10035
10035
10035
10037
10035
10035
10035
10037
10037
10037
10035
10035
10033
10034
10036
10035
10035
10036
10036
10036
10036
10036
10036
10040
10040
10038
10042
10044
10044
10042
10042
10042
10040
10040
10035
10035
10037
10036
10036
10032
10033
10031
10031
10031
10031
10031
10030
10034
10038
10040
10040
10039
10037
10035
10035
10037
10034
10036
10036
10036
10036
10038
10040
10040
10040
10042
10042
10042
10041
10041
10041
10041
10041
10039
10037
10036
10036
10036
10043
10045
10045
10045
10046
10046
10046
10044
10042
10042
10042
10042
10039
10041
10040
10040
10038
10038
10040
10040
10040
10040
10040
10040
10040
10037
10035
10036
10034
10034
10036
10036
10034
10032
10033
10031
10029
10025
10027
10029
10027
10030
10032
10032
10034
10028
10028
10028
10024
10024
10025
10029
10029
10031
10032
10032
10032
10032
10034
10036
10035
10035
10035
10035
10034
10032
10031
10028
10028
10031
10031
10033
10033
10033
10033
10031
10032
10032
10032
10034
10034
10034
10035
10035
10037
10035
10037
10038
10037
10038
10038
10038
10040
10041
10045
10047
10047
10047
10047
10042
10044
10044
10040
10038
10040
10040
10041
10041
10044
10042
10042
10041
10041
10039
10039
10037
10037
10035
10034
10034
10034
10035
10037
10037
10040
10045
10045
10045
10047
10047
10047
10047
10050
10050
10050
10050
10048
10050
10053
10053
10054
10055
10058
10060
10060
10060
10060
10060
10060
10060
10060
10058
10058
10058
10058
10063
10063
10063
10064
10064
10062
10062
10062
10064
10064
10062
10060
10060
10060
10060
10060
10062
10062
10064
10062
10062
10065
10065
10065
10065
10065
10065
10065
10067
10065
10065
10065
10065
10065
10065
10064
10064
10063
10063
10057
10059
10057
10055
10055
10057
10057
10057
10057
10062
10062
10062
10060
10060
10060
10060
10062
10062
10062
10062
10060
10059
10059
10061
10060
10060
10061
10060
10060
10060
10060
10055
10057
10057
10054
10055
10055
10051
10051
10051
10051
10055
10057
10059
10059
10059
10059
10057
10056
10054
10054
10053
10053
10053
10053
10057
10057
10059
10059
10059
10058
10058
10058
10062
10061
10063
10063
10063
10063
10063
10063
10065
10065
10065
10062
10061
10061
10061
10059
10059
10059
10059
10059
10052
10055
10055
10055
10055
10055
10056
10054
10056
10056
10056
10056
10057
10054
10054
10054
10054
10056
10056
10056
10060
10060
10060
10060
10060
10064
10066
10066
10066
10066
10066
10064
10064
10061
10061
10061
10059
10059
10059
10057
10055
10053
10053
10051
10050
10051
10051
10049
10051
10051
10051
10051
10051
10051
10051
10051
10051
10051
10051
10051
10051
10051
10052
10054
10054
10054
10054
10054
10054
10058
10060
10060
10060
10060
10059
10059
10061
10062
10062
10062
10060
10058
10055
10055
10057
10053
10050
10050
10051
10051
10048
10048
10048
10048
10048
10048
10048
10048
10046
10046
10046
10042
10043
10043
10043
10041
10041
10041
10039
10036
10037
10043
10042
10042
10042
10042
10042
10042
10042
10043
10045
10043
10043
10044
10044
10042
10041
10041
10043
10043
10043
10043
10045
10045
10045
10045
10045
10045
10045
10045
10045
10046
10046
10047
10051
10053
10053
10053
10053
10053
10052
10049
10047
10045
10043
10045
10045
10047
10048
10046
10042
10040
10039
10036
10034
10034
10034
10034
10036
10036
10036
10037
10038
10038
10038
10038
10040
10038
10037
10038
10041
10041
10042
10042
10042
10042
10042
10042
10042
10042
10042
10040
10040
10040
10037
10037
10041
10041
10041
10041
10040
10040
10037
10036
10036
10036
10037
10037
10037
10039
10039
10040
10040
10037
10035
10037
10038
10036
10034
10034
10034
10034
10037
10035
10035
10038
10038
10040
10038
10038
10038
10038
10038
10036
10033
10030
10028
10028
10028
10024
10024
10024
10024
10024
10021
10021
10021
10023
10023
10021
10019
10021
10021
10019
10019
10019
10013
10011
10012
10012
10014
10014
10014
10014
10014
10014
10014
10014
10012
10012
10004
10012
10012
10012
10010
10008
10008
10006
10005
10005
10002
10001
9999
9999
9999
9997
10002
10002
10003
10003
10003
10003
10003
10002
10000
10000
10004
10006
10006
10008
10009
10016
10018
10014
10014
10014
10018
10018
10020
10019
10019
10018
10022
10022
10022
10022
10022
10023
10023
10024
10024
10024
10025
10025
10027
10025
10025
10023
10025
10023
10025
10026
10024
10024
10024
10028
10032
10031
10031
10031
10031
10031
10031
10031
10029
10029
10027
10025
10027
10029
10029
10029
10029
10029
10031
10032
10031
10031
10031
10031
10031
10033
10035
10035
10035
10040
10038
10038
10041
10043
10043
10047
10043
10043
10041
10038
10040
10042
10042
10042
10043
10043
10044
10045
10045
10045
10045
10045
10041
10041
10041
10039
10040
10040
10044
10044
10042
10042
10039
10043
10041
10039
10039
10037
10031
10031
10031
10031
10031
10031
10031
10031
10034
10034
10034
10034
10035
10035
10035
10032
10032
10029
10027
10029
10029
10025
10025
10025
10023
10023
10023
10024
10024
10024
10024
10026
10024
10023
10023
10023
10023
10023
10024
10019
10019
10019
10019
10019
10019
10019
10017
10017
10015
10019
10019
10021
10020
10020
10020
10020
10020
10020
10018
10018
10018
10018
10016
10014
10014
10014
10014
10012
10016
10016
10016
10016
10020
10020
10020
10022
10022
10022
10022
10022
10022
10022
10020
10019
10015
10010
10010
10010
10010
10010
10008
10008
10009
10011
10011
10011
10011
10011
10010
10004
10006
10006
10006
10006
10004
10010
10009
10013
10013
10013
10013
10018
10013
10012
10010
10008
10008
10010
10004
10004
10005
10007
10007
10009
10009
10009
10011
10011
10011
10011
10011
10012
10012
10010
10008
10009
10010
10010
10010
10012
10012
10014
10012
10012
10011
10010
10010
10012
10012
10011
10011
10012
10012
10014
10016
10019
10019
10019
10019
10017
10022
10026
10024
10027
10025
10025
10025
10027
10029
10029
10029
10029
10029
10029
10029
10030
10030
10030
10028
10030
10030
10030
10028
10028
10028
10028
10027
10025
10028
10026
10022
10022
10023
10023
10023
10021
10021
10021
10019
10019
10019
10017
10017
10016
10016
10016
10016
10017
10017
10019
10019
10020
10016
10016
10016
10019
10019
10019
10021
10021
10018
10020
10020
10022
10022
10022
10022
10020
10022
10021
10021
10021
10019
10023
10023
10023
10014
10014
10013
10013
10015
10015
10015
10015
10015
10017
10020
10019
10019
10021
10021
10021
10021
10025
10023
10023
10023
10023
10023
10024
10024
10024
10023
10026
10026
10026
10026
10026
10028
10028
10024
10026
10026
10026
10026
10026
10029
10029
10029
10029
10029
10030
10033
10033
10040
10042
10037
10037
10036
10034
10036
10036
10036
10036
10038
10039
10039
10040
10040
10044
10048
10048
10048
10048
10048
10048
10051
10051
10051
10051
10050
10050
10052
10048
10050
10053
10055
10055
10055
10053
10053
10053
10053
10051
10049
10049
10049
10050
10050
10050
10046
10042
10042
10046
10047
10047
10049
10052
10050
10046
10044
10040
10040
10040
10041
10042
10040
10038
10037
10037
10037
10041
10041
10041
10039
10037
10037
10037
10037
10037
10035
10035
10035
10038
10041
10037
10037
10040
10040
10042
10048
10046
10046
10046
10047
10045
10045
10043
10043
10043
10045
10045
10045
10045
10045
10045
10045
10045
10043
10048
10048
10048
10050
10050
10052
10052
10052
10052
10049
10047
10045
10045
10044
10043
10042
10042
10041
10040
10040
10044
10044
10047
10047
10047
10045
10045
10045
10045
10045
10045
10045
10045
10043
10045
10042
10043
10043
10043
10043
10043
10043
10043
10043
10043
10043
10043
10042
10046
10046
10046
10042
10042
10040
10043
10043
10048
10048
10050
10050
10050
10050
10050
10052
10054
10054
10054
10054
10054
10054
10052
10050
10050
10050
10051
10052
10052
10052
10052
10052
10054
10054
10053
10053
10051
10051
10048
10048
10048
10046
10045
10052
10052
10050
10052
10054
10055
10055
10055
10055
10055
10052
10052
10052
10052
10052
10052
10053
10053
10053
10051
10051
10052
10052
10052
10050
10051
10051
10058
10056
10056
10056
10056
10059
10059
10059
10059
10059
10062
10063
10063
10063
10061
10063
10063
10062
10068
10066
10067
10066
10061
10061
10059
10059
10059
10059
10059
10059
10059
10059
10061
10062
10062
10062
10062
10060
10060
10060
10062
10060
10060
10060
10062
10062
10061
10059
10059
10059
10059
10059
10061
10059
10059
10059
10058
10060
10060
10058
10055
10055
10055
10056
10055
10055
10053
10051
10051
10051
10051
10051
10052
10052
10057
10057
10057
10057
10057
10057
10056
10052
10048
10048
10043
10043
10045
10045
10043
10043
10044
10044
10043
10043
10043
10043
10043
10045
10047
10047
10047
10047
10042
10042
10042
10042
10040
10040
10042
10042
10044
10042
10042
10042
10043
10043
10043
10042
10042
10039
10039
10034
10030
10030
10028
10029
10027
10030
10030
10028
10028
10030
10030
10030
10030
10030
10030
10032
10032
10034
10034
10034
10032
10034
10031
10034
10034
10032
10031
10031
10033
10033
10029
10028
10028
10028
10027
10027
10027
10027
10025
10023
10023
10027
10031
10030
10030
10030
10032
10035
10035
10031
10031
10031
10028
10021
10018
10016
10016
10016
10016
10015
10019
10019
10017
10015
10013
10009
10009
10009
10004
10004
10004
10006
10009
10008
10008
10010
10010
10010
10010
10010
10012
10010
10012
10012
10014
10014
10014
10016
10016
10016
10016
10018
10018
10018
10018
10022
10022
10024
10024
10024
10024
10026
10028
10028
10028
10028
10026
10026
10028
10022
10017
10017
10021
10021
10021
10023
10023
10021
10023
10022
10020
10018
10018
10019
10019
10017
10017
10017
10017
10017
10017
10017
10019
10019
10019
10017
10015
10017
10017
10020
10019
10019
10015
10015
10015
10015
10015
10015
10015
10016
10016
10016
10014
10014
10014
10014
10015
10013
10013
10012
10005
10003
10001
10001
10001
10001
10000
10000
10000
9998
9997
9999
9999
9999
9999
9997
9993
9993
9991
9989
9987
9985
9987
9985
9985
9985
9985
9985
9982
9981
9981
9981
9975
9975
9973
9973
9973
9973
9972
9970
9972
9972
9968
9969
9971
9971
9971
9971
9974
9976
9974
9974
9974
9974
9974
9972
9972
9972
9976
9976
9978
9978
9975
9977
9977
9975
9975
9977
9977
9977
9977
9981
9983
9983
9983
9983
9983
9983
9983
9983
9983
9983
9983
9981
9981
9979
9979
9979
9978
9976
9976
9976
9976
9976
9976
9975
9975
9975
9975
9976
9976
9978
9978
9978
9978
9978
9980
9981
9981
9979
9979
9979
9987
9987
9985
9985
9987
9988
9988
9988
9989
9989
9989
9989
9989
9991
9991
9993
9993
9991
9991
9991
9989
9989
9994
9992
9990
9990
9991
9991
9995
9995
9994
9992
9992
9994
9991
9991
9993
9993
9997
9998
9998
9998
9996
10000
9998
9998
9998
9998
10001
10003
10003
10003
10003
10010
10010
10013
10010
10010
10003
10003
10003
10003
10003
9999
9999
9999
9999
9999
9999
9995
9995
9992
9994
9994
9994
9994
9995
9993
9996
9998
10004
10001
10002
10003
10004
10004
10006
10002
9998
9996
9996
9994
9996
9996
9994
9990
9986
9986
9984
9983
9983
9982
9984
9983
9983
9983
9985
9981
9981
9981
9981
9980
9984
9988
9988
9988
9988
9986
9986
9984
9980
9980
9976
9976
9974
9974
9970
9970
9971
9971
9975
9973
9973
9973
9976
9977
9977
9977
9979
9979
9979
9979
9979
9979
9981
