10243
10243
10239
10239
10239
10235
10235
10234
10235
10235
10233
10235
10234
10236
10241
10241
10241
10243
10243
10242
10246
10246
10242
10242
10245
10245
10245
10245
10245
10245
10245
10246
10240
10240
10240
10237
10237
10237
10237
10237
10235
10233
10229
10227
10229
10229
10233
10233
10233
10230
10238
10236
10236
10234
10234
10234
10236
10237
10237
10237
10237
10237
10234
10234
10234
10234
10234
10234
10236
10236
10238
10238
10238
10233
10233
10231
10231
10231
10228
10228
10231
10235
10235
10235
10235
10235
10232
10232
10232
10232
10234
10234
10234
10234
10234
10236
10238
10238
10238
10238
10240
10240
10240
10240
10238
10240
10240
10240
10236
10236
10236
10236
10237
10237
10237
10239
10239
10239
10238
10236
10236
10234
10238
10236
10236
10236
10237
10235
10234
10232
10232
10232
10233
10225
10225
10225
10225
10228
10226
10226
10226
10226
10220
10220
10222
10224
10224
10222
10220
10221
10221
10221
10221
10221
10218
10223
10224
10223
10221
10221
10223
10221
10221
10221
10221
10222
10224
10222
10222
10223
10222
10220
10220
10220
10220
10223
10219
10217
10217
10215
10216
10216
10216
10214
10214
10214
10212
10212
10212
10211
10211
10211
10211
10210
10210
10211
10209
10209
10208
10208
10208
10209
10209
10209
10211
10211
10215
10220
10220
10220
10220
10220
10215
10215
10215
10215
10215
10215
10215
10215
10217
10217
10215
10210
10210
10210
10210
10210
10207
10207
10209
10210
10210
10206
10206
10206
10206
10203
10203
10204
10206
10207
10207
10207
10207
10208
10208
10208
10208
10207
10207
10207
10207
10207
10207
10207
10206
10211
10210
10212
10215
10215
10214
10214
10212
10214
10214
10214
10214
10212
10209
10209
10209
10209
10209
10209
10211
10209
10207
10204
10202
10202
10202
10202
10203
10197
10197
10199
10199
10195
10195
10195
10195
10195
10195
10195
10195
10194
10194
10201
10201
10203
10205
10207
10211
10209
10210
10210
10208
10204
10204
10204
10204
10204
10202
10202
10202
10202
10207
10211
10211
10211
10211
10213
10213
10213
10213
10214
10212
10210
10208
10201
10201
10201
10201
10201
10201
10203
10203
10203
10201
10201
10201
10201
10201
10203
10203
10202
10204
10204
10203
10200
10203
10205
10205
10207
10205
10205
10208
10205
10205
10207
10209
10209
10208
10208
10208
10210
10208
10210
10210
10210
10211
10211
10213
10215
10215
10215
10214
10214
10214
10214
10214
10214
10214
10214
10211
10209
10211
10211
10211
10213
10213
10213
10209
10209
10209
10209
10209
10207
10207
10208
10208
10208
10210
10208
10207
10207
10205
10205
10205
10205
10205
10208
10210
10209
10206
10206
10206
10206
10206
10206
10205
10205
10205
10203
10203
10203
10202
10200
10198
10198
10198
10203
10205
10207
10207
10208
10212
10210
10215
10219
10219
10221
10221
10221
10221
10221
10221
10225
10225
10225
10226
10226
10226
10226
10226
10226
10226
10226
10226
10226
10228
10228
10228
10229
10229
10229
10229
10229
10229
10232
10232
10233
10235
10235
10239
10239
10239
10239
10238
10236
10236
10229
10228
10224
10221
10221
10221
10219
10219
10220
10220
10221
10219
10217
10215
10215
10215
10218
10216
10216
10216
10216
10216
10222
10222
10224
10223
10222
10220
10220
10220
10219
10219
10219
10220
10220
10220
10220
10220
10224
10224
10226
10228
10228
10229
10229
10225
10225
10225
10224
10224
10224
10224
10224
10224
10222
10223
10223
10225
10223
10222
10222
10222
10222
10225
10225
10225
10228
10227
10227
10227
10221
10221
10219
10219
10219
10219
10219
10217
10217
10220
10217
10216
10213
10217
10217
10217
10215
10219
10216
10214
10214
10214
10212
10210
10206
10201
10207
10208
10210
10211
10212
10210
10210
10211
10202
10199
10199
10197
10195
10197
10197
10197
10197
10198
10198
10198
10197
10197
10197
10197
10197
10197
10197
10199
10199
10196
10196
10195
10197
10197
10197
10197
10194
10197
10197
10197
10197
10197
10195
10195
10197
10195
10194
10195
10198
10200
10202
10202
10203
10203
10203
10203
10205
10209
10209
10209
10209
10209
10208
10208
10206
10210
10211
10211
10215
10217
10217
10217
10217
10217
10217
10213
10212
10212
10212
10210
10210
10216
10216
10216
10218
10218
10220
10220
10220
10220
10221
10217
10217
10219
10218
10219
10219
10216
10216
10220
10220
10218
10220
10220
10218
10216
10215
10215
10213
10219
10219
10220
10222
10222
10227
10227
10229
10229
10229
10229
10225
10227
10227
10229
10229
10228
10228
10231
10231
10231
10233
10233
10233
10234
10234
10232
10234
10234
10232
10234
10234
10236
10238
10239
10241
10241
10237
10237
10237
10237
10237
10239
10237
10237
10237
10235
10239
10240
10242
10244
10240
10243
10241
10243
10248
10247
10243
10243
10243
10243
10248
10246
10246
10244
10240
10244
10244
10243
10243
10245
10241
10241
10239
10239
10239
10239
10239
10239
10239
10240
10242
10238
10240
10238
10238
10238
10241
10241
10244
10246
10244
10244
10244
10244
10246
10246
10244
10244
10244
10244
10245
10247
10247
10247
10247
10248
10248
10248
10249
10248
10250
10253
10253
10253
10255
10255
10257
10257
10255
10255
10257
10257
10257
10255
10255
10255
10251
10248
10248
10248
10248
10248
10248
10248
10248
10246
10246
10246
10247
10247
10245
10245
10245
10247
10247
10247
10247
10245
10245
10245
10246
10241
10241
10241
10241
10241
10241
10239
10239
10242
10243
10243
10243
10242
10243
10243
10239
10239
10238
10239
10241
10244
10242
10244
10244
10243
10244
10244
10244
10246
10246
10251
10253
10252
10252
10245
10243
10247
10247
10247
10247
10247
10247
10247
10247
10247
10247
10249
10253
10253
10254
10251
10249
10249
10250
10251
10251
10251
10251
10245
10247
10247
10247
10247
10245
10245
10245
10245
10247
10247
10247
10249
10249
10251
10251
10251
10251
10251
10253
10254
10254
10254
10250
10246
10248
10248
10246
10249
10249
10249
10248
10248
10248
10251
10250
10250
10249
10249
10250
10250
10250
10250
10250
10248
10245
10245
10244
10244
10244
10242
10242
10247
10247
10247
10241
10241
10241
10239
10241
10241
10243
10243
10243
10243
10237
10241
10243
10242
10242
10240
10240
10242
10243
10243
10244
10246
10245
10245
10249
10249
10249
10250
10252
10254
10254
10254
10254
10254
10254
10255
10257
10259
10259
10259
10259
10259
10259
10259
10259
10259
10259
10258
10258
10258
10260
10260
10263
10264
10265
10265
10263
10263
10262
10267
10265
10265
10267
10267
10267
10267
10263
10262
10262
10262
10262
10262
10263
10261
10263
10263
10263
10266
10266
10266
10266
10266
10270
10269
10267
10266
10266
10266
10274
10275
10275
10275
10283
10282
10282
10284
10288
10292
10292
10292
10288
10288
10289
10288
10288
10288
10291
10291
10289
10288
10292
10292
10291
10288
10290
10288
10290
10286
10286
10286
10284
10286
10282
10281
10275
10275
10277
10275
10275
10275
10273
10272
10272
10272
10272
10272
10272
10272
10271
10269
10266
10266
10266
10266
10262
10263
10263
10263
10263
10262
10262
10262
10258
10252
10249
10249
10249
10249
10247
10250
10250
10250
10250
10250
10250
10248
10245
10243
10241
10244
10246
10246
10246
10244
10243
10243
10243
10247
10247
10248
10245
10248
10250
10251
10251
10254
10254
10252
10250
10252
10252
10252
10252
10255
10255
10253
10254
10254
10254
10254
10253
10252
10255
10255
10252
10250
10252
10249
10249
10247
10248
10251
10253
10253
10253
10254
10254
10256
10254
10259
10256
10256
10258
10256
10254
10254
10254
10254
10254
10257
10254
10254
10253
10249
10248
10250
10250
10250
10248
10245
10245
10247
10249
10247
10246
10247
10244
10244
10244
10244
10244
10244
10244
10244
10242
10244
10242
10242
10242
10243
10243
10243
10243
10239
10237
10233
10236
10238
10238
10240
10238
10240
10236
10237
10239
10238
10240
10240
10240
10240
10240
10240
10241
10239
10238
10236
10236
10236
10236
10236
10236
10236
10238
10238
10238
10238
10238
10239
10239
10243
10241
10241
10240
10242
10239
10239
10241
10241
10241
10244
10244
10244
10248
10251
10252
10253
10251
10251
10249
10249
10249
10249
10248
10248
10251
10252
10252
10250
10250
10250
10250
10250
10249
10249
10245
10245
10245
10245
10245
10245
10247
10249
10249
10249
10249
10249
10249
10247
10247
10244
10242
10244
10242
10242
10242
10244
10246
10240
10240
10240
10239
10239
10245
10245
10243
10243
10243
10243
10243
10242
10244
10243
10243
10243
10242
10242
10242
10240
10244
10244
10245
10243
10243
10240
10240
10241
10244
10246
10244
10244
10242
10238
10238
10238
10238
10238
10238
10239
10239
10239
10241
10241
10241
10238
10238
10240
10240
10240
10240
10239
10239
10239
10243
10243
10239
10239
10235
10236
10236
10236
10238
10238
10238
10237
10235
10235
10231
10231
10231
10231
10232
10230
10230
10232
10230
10230
10230
10230
10230
10230
10228
10232
10234
10234
10235
10233
10231
10231
10231
10229
10229
10229
10229
10229
10227
10227
10228
10228
10228
10228
10228
10226
10226
10226
10226
10226
10221
10221
10221
10221
10221
10221
10219
10215
10215
10215
10215
10215
10217
10215
10215
10216
10213
10219
10219
10219
10221
10221
10221
10218
10217
10216
10214
10211
10211
10211
10211
10209
10207
10207
10209
10209
10211
10209
10209
10209
10211
10208
10210
10210
10211
10211
10207
10211
10211
10210
10210
10206
10206
10205
10205
10205
10205
10205
10205
10205
10205
10205
10205
10205
10207
10207
10204
10204
10204
10206
10206
10207
10207
10205
10205
10205
10205
10208
10211
10211
10211
10210
10210
10211
10211
10212
10212
10212
10213
10213
10211
10211
10214
10214
10211
10211
10209
10211
10211
10213
10208
10205
10205
10203
10205
10198
10198
10198
10198
10198
10196
10194
10193
10191
10191
10188
10188
10186
10185
10189
10187
10188
10191
10191
10193
10193
10193
10194
10192
10194
10190
10190
10189
10189
10187
10188
10186
10184
10184
10184
10182
10180
10184
10182
10184
10182
10184
10184
10184
10184
10183
10183
10179
10179
10179
10178
10180
10177
10177
10177
10179
10181
10179
10179
10179
10181
10181
10183
10184
10188
10188
10188
10189
10189
10190
10186
10187
10187
10186
10181
10180
10180
10180
10180
10179
10183
10183
10183
10182
10188
10188
10188
10188
10188
10184
10184
10184
10184
10184
10183
10183
10183
10183
10183
10185
10187
10186
10186
10186
10186
10186
10186
10186
10183
10183
10183
10182
10180
10183
10181
10182
10175
10175
10174
10172
10172
10172
10169
10170
10170
10173
10171
10171
10169
10169
10171
10171
10168
10168
10168
10169
10169
10169
10171
10171
10169
10167
10166
10168
10166
10166
10168
10169
10169
10167
10167
10167
10167
10165
10165
10166
10168
10167
10169
10169
10169
10171
10171
10165
10170
10172
10172
10174
10172
10174
10174
10174
10174
10174
10174
10173
10172
10172
10172
10174
10173
10179
10181
10181
10185
10188
10182
10180
10178
10170
10166
10166
10167
10170
10170
10167
10169
10169
10169
10173
10174
10177
10177
10175
10179
10179
10179
10181
10181
10187
10187
10185
10187
10185
10185
10185
10185
10185
10185
10189
10187
10183
10185
10188
10188
10190
10190
10190
10192
10192
10195
10193
10191
10193
10193
10193
10191
10193
10193
10193
10194
10192
10192
10188
10190
10189
10191
10193
10192
10192
10192
10192
10188
10189
10191
10190
10192
10192
10194
10191
10191
10191
10191
10191
10191
10191
10189
10189
10188
10188
10190
10190
10190
10190
10190
10190
10190
10188
10192
10193
10193
10189
10185
10185
10184
10182
10180
10180
10180
10180
10180
10182
10188
10189
10189
10188
10194
10194
10194
10192
10192
10194
10193
10193
10192
10189
10189
10187
10187
10187
10187
10183
10181
10177
10174
10178
10180
10179
10179
10179
10179
10177
10177
10180
10180
10180
10180
10179
10180
10183
10187
10189
10189
10189
10189
10189
10187
10190
10190
10195
10196
10196
10196
10196
10196
10196
10196
10196
10196
10196
10194
10194
10196
10198
10200
10202
10204
10204
10204
10204
10203
10203
10201
10201
10201
10199
10198
10198
10196
10192
10192
10193
10194
10194
10194
10194
10198
10198
10197
10197
10197
10197
10195
10195
10197
10196
10196
10198
10198
10194
10194
10194
10196
10196
10196
10198
10198
10196
10196
10198
10196
10195
10195
10194
10194
10192
10192
10192
10192
10189
10185
10185
10185
10183
10181
10183
10184
10184
10185
10186
10186
10186
10185
10186
10186
10186
10185
10185
10185
10185
10185
10183
10179
10179
10179
10176
10173
10173
10173
10173
10173
10172
10170
10170
10168
10172
10172
10170
10170
10170
10172
10170
10174
10169
10173
10173
10173
10173
10173
10172
10174
10174
10175
10175
10178
10178
10178
10176
10176
10176
10174
10177
10176
10178
10181
10181
10181
10183
10186
10185
10187
10187
10186
10195
10195
10195
10196
10196
10198
10198
10198
10198
10199
10200
10198
10194
10194
10192
10192
10192
10192
10190
10188
10184
10184
10184
10184
10184
10184
10179
10185
10183
10183
10183
10183
10183
10184
10184
10183
10181
10185
10183
10183
10183
10185
10185
10185
10185
10183
10181
10181
10179
10179
10179
10175
10175
10173
10173
10172
10174
10174
10171
10171
10170
10170
10170
10171
10171
10171
10173
10173
10172
10172
10178
10176
10176
10175
10175
10175
10175
10173
10173
10174
10175
10175
10175
10175
10175
10175
10175
10173
10171
10169
10171
10171
10170
10170
10170
10172
10175
10174
10174
10176
10174
10174
10173
10173
10169
10169
10169
10171
10171
10171
10171
10170
10176
10178
10178
10178
10178
10178
10180
10180
10179
10181
10177
10177
10177
10177
10179
10180
10180
10180
10184
10182
10182
10182
10181
10181
10183
10181
10181
10183
10183
10185
10185
10185
10185
10184
10185
10187
10185
10185
10186
10183
10185
10185
10185
10184
10184
10184
10186
10186
10186
10186
10186
10187
10187
10187
10185
10180
10179
10179
10179
10179
10181
10182
10182
10182
10182
10182
10182
10181
10179
10181
10181
10181
10183
10181
10181
10183
10186
10186
10186
10186
10184
10184
10182
10180
10182
10182
10180
10188
10188
10192
10192
10194
10194
10194
10194
10196
10198
10197
10193
10193
10193
10192
10192
10197
10197
10197
10193
10189
10182
10181
10177
10177
10177
10174
10170
10170
10172
10175
10173
10177
10177
10180
10182
10184
10184
10190
10188
10190
10189
10190
10190
10192
10192
10194
10194
10194
10194
10194
10194
10196
10198
10203
10203
10203
10203
10203
10205
10203
10207
10209
10209
10209
10211
10213
10212
10212
10212
10210
10208
10208
10210
10206
10206
10205
10209
10204
10206
10208
10210
10210
10209
10209
10209
10209
10209
10207
10203
10206
10208
10208
10208
10208
10208
10208
10208
10210
10211
10211
10211
10207
10202
10200
10200
10200
10200
10200
10200
10203
10203
10207
10205
10205
10208
10208
10206
10210
10210
10210
10210
10209
10209
10204
10201
10201
10201
10202
10202
10204
10204
10204
10204
10205
10205
10205
10203
10203
10203
10198
10198
10198
10198
10198
10196
10193
10193
10193
10194
10194
10194
10194
10199
10199
10202
10204
10206
10206
10206
10204
10204
10203
10203
10205
10203
10203
10205
10205
10206
10204
10202
10200
10194
10190
10190
10190
10190
10192
10192
10194
10194
10193
10193
10191
10193
10197
10193
10193
10191
10191
10189
10187
10187
10185
10185
10185
10187
10190
10191
10188
10188
10189
10192
10190
10190
10190
10189
10189
10191
10192
10193
10193
10193
10195
10195
10195
10195
10195
10194
10196
10197
10199
10201
10201
10200
10198
10198
10196
10196
10196
10196
10196
10198
10198
10198
10199
10199
10194
10196
10197
10194
10194
10192
10190
10191
10191
10187
10187
10187
10185
10182
10180
10183
10185
10181
10183
10187
10185
10187
10187
10187
10187
10191
10191
10191
10191
10191
10191
10191
10188
10186
10186
10187
10187
10187
10187
10185
10185
10185
10189
10188
10188
10188
10194
10196
10196
10194
10196
10196
10198
10196
10195
10195
10195
10197
10196
10191
10191
10191
10194
10195
10195
10195
10195
10195
10195
10196
10194
10194
10198
10199
10199
10203
10202
10202
10202
10202
10197
10197
10197
10197
10199
10199
10199
10196
10193
10193
10189
10189
10186
10186
10186
10186
10186
10185
10184
10185
10187
10185
10189
10179
10179
10179
10179
10179
10179
10181
10181
10181
10183
10181
10183
10180
10183
10184
10186
10188
10190
10189
10188
10187
10187
10187
10187
10187
10185
10181
10178
10178
10178
10183
10184
10184
10184
10186
10186
10183
10183
10183
10183
10183
10185
10185
10183
10185
10187
10187
10189
10195
10195
10196
10196
10196
10196
10196
10196
10196
10196
10196
10196
10194
10194
10198
10198
10198
10198
10196
10196
10192
10192
10196
10197
10197
10195
10197
10197
10197
10197
10198
10197
10196
10196
10194
10194
10194
10192
10188
10188
10186
10186
10186
10186
10186
10190
10190
10189
10186
10186
10185
10185
10185
10185
10185
10187
10185
10182
10184
10186
10186
10186
10189
10189
10189
10189
10189
10189
10189
10189
10187
10187
10187
10187
10185
10180
10182
10182
10181
10181
10184
10185
10185
10183
10183
10183
10183
10183
10183
10180
10180
10183
10183
10183
10182
10177
10177
10178
10180
10180
10180
10178
10178
10176
10174
10175
10176
10176
10176
10174
10174
10174
10167
10167
10167
10167
10167
10167
10171
10167
10162
10166
10166
10170
10174
10174
10176
10174
10176
10176
10176
10176
10176
10176
10183
10183
10185
10185
10185
10185
10190
10190
10190
10189
10191
10191
10192
10192
10190
10190
10188
10188
10186
10186
10186
10184
10184
10184
10184
10184
10184
10184
10184
10186
10182
10182
10180
10178
10175
10176
10174
10174
10176
10176
10176
10174
10172
10172
10172
10171
10171
10176
10176
10178
10178
10180
10180
10182
10182
10184
10185
10187
10190
10194
10194
10194
10194
10192
10193
10195
10195
10195
10196
10196
10201
10201
10201
10201
10204
10206
10205
10207
10207
10213
10211
10207
10204
10204
10204
10202
10202
10202
10202
10202
10202
10202
10202
10200
10195
10195
10191
10191
10191
10190
10190
10190
10190
10190
10190
10190
10182
10182
10182
10180
10180
10176
10178
10180
10182
10182
10182
10182
10180
10180
10180
10182
10180
10182
10180
10180
10180
10180
10180
10180
10180
10181
10176
10174
10170
10172
10171
10171
10171
10169
10169
10169
10167
10167
10171
10171
10168
10166
10166
10166
10166
10164
10164
10164
10166
10166
10168
10170
10170
10167
10167
10167
10166
10166
10166
10170
10170
10170
10168
10168
10168
10166
10161
10161
10161
10157
10157
10159
10161
10161
10161
10165
10165
10165
10165
10165
10163
10165
10165
10164
10162
10163
10163
10163
10163
10163
10163
10161
10161
10159
10159
10163
10163
10164
10165
10165
10166
10168
10172
10172
10172
10172
10172
10180
10180
10184
10182
10182
10182
10181
10181
10180
10182
10184
10180
10180
10180
10174
10174
10174
10173
10175
10173
10173
10173
10172
10172
10172
10172
10170
10164
10164
10164
10164
10161
10161
10161
10165
10163
10162
10162
10161
10161
10161
10161
10161
10161
10161
10161
10160
10158
10158
10160
10160
10158
10154
10154
10154
10154
10152
10151
10155
10161
10161
10163
10162
10162
10162
10162
10154
10154
10154
10154
10148
10150
10150
10150
10152
10152
10152
10151
10156
10156
10161
10163
10163
10165
10165
10165
10158
10154
10156
10156
10156
10156
10158
10162
10160
10161
10159
10159
10159
10160
10160
10160
10156
10156
10155
10157
10157
10157
10155
10155
10159
10159
10159
10164
10164
10162
10162
10160
10159
10159
10160
10160
10160
10161
10161
10167
10167
10167
10169
10169
10167
10167
10163
10165
10165
10171
10171
10169
10169
10169
10171
10171
10177
10178
10178
10176
10172
10172
10172
10182
10184
10182
10180
10181
10181
10181
10181
10179
10179
10179
10180
10178
10178
10178
10178
10180
10182
10172
10170
10170
10170
10169
10168
10167
10167
10167
10168
10168
10168
10166
10166
10166
10166
10166
10168
10169
10169
10167
10167
10171
10173
10173
10173
10175
10175
10174
10174
10176
10178
10178
10176
10176
10174
10174
10174
10172
10173
10173
10171
10167
10167
10167
10167
10168
10168
10168
10163
10162
10158
10158
10158
10155
10155
10155
10155
10157
10159
10159
10159
10159
10161
10161
10161
10161
10159
10159
10160
10158
10159
10158
10157
10157
10157
10165
10165
10164
10158
10156
10154
10154
10154
10150
10150
10150
10150
10148
10148
10148
10148
10148
10148
10147
10147
10145
10145
10143
10143
10143
10143
10143
10143
10143
10143
10141
10141
10145
10145
10145
10145
10146
10146
10147
10147
10147
10145
10145
10144
10148
10152
10154
10154
10153
10150
10150
10150
10148
10148
10146
10147
10149
10149
10149
10147
10147
10144
10146
10146
10144
10144
10143
10143
10143
10143
10150
10149
10148
10148
10145
10147
10147
10145
10145
10146
10147
10147
10147
10147
10147
10146
10143
10143
10138
10138
10138
10134
10134
10139
10139
10140
10140
10142
10142
10140
10140
10140
10140
10140
10140
10143
10143
10143
10140
10140
10138
10140
10141
10141
10141
10141
10139
10143
10143
10143
10144
10144
10144
10144
10144
10144
10144
10144
10144
10148
10148
10154
10151
10151
10150
10150
10152
10152
10152
10152
10152
10152
10154
10149
10149
10148
10146
10146
10146
10146
10146
10141
10139
10139
10135
10135
10131
10131
10133
10132
10128
10126
10126
10128
10127
10125
