10022
10022
10017
10017
10017
10017
10016
10016
10016
10018
10021
10020
10020
10018
10022
10022
10021
10018
10018
10018
10020
10020
10020
10018
10018
10018
10020
10020
10020
10024
10024
10024
10023
10022
10022
10024
10024
10026
10025
10032
10032
10032
10032
10032
10030
10033
10033
10031
10031
10033
10033
10030
10033
10034
10034
10031
10033
10033
10033
10031
10031
10033
10032
10032
10032
10028
10030
10028
10028
10028
10030
10031
10034
10034
10034
10032
10031
10028
10026
10023
10025
10025
10023
10023
10023
10024
10024
10024
10020
10020
10020
10018
10018
10018
10017
10017
10021
10021
10021
10021
10018
10018
10018
10020
10018
10016
10016
10019
10019
10019
10019
10019
10017
10017
10014
10014
10014
10013
10013
10011
10011
10014
10014
10014
10012
10012
10014
10014
10014
10016
10013
10011
10009
10009
10009
10010
10010
10010
10014
10016
10014
10016
10018
10020
10021
10018
10019
10017
10017
10017
10017
10017
10018
10017
10017
10017
10017
10021
10021
10019
10019
10015
10013
10014
10014
10014
10014
10013
10015
10013
10013
10013
10020
10022
10021
10021
10021
10021
10023
10023
10021
10020
10022
10022
10022
10022
10022
10022
10022
10021
10021
10019
10019
10020
10020
10015
10014
10020
10019
10019
10019
10013
10007
10007
10009
10009
10013
10013
10013
10013
10016
10015
10017
10017
10017
10017
10020
10021
10020
10020
10020
10021
10020
10022
10022
10022
10020
10022
10030
10027
10027
10029
10029
10029
10029
10031
10029
10031
10031
10033
10038
10038
10038
10038
10038
10040
10039
10041
10039
10039
10039
10039
10039
10039
10041
10044
10044
10044
10044
10044
10044
10044
10044
10040
10040
10039
10039
10039
10035
10036
10034
10034
10034
10030
10029
10030
10036
10036
10036
10036
10042
10042
10042
10044
10044
10044
10046
10041
10041
10041
10039
10035
10035
10035
10035
10033
10033
10033
10033
10037
10036
10034
10033
10037
10037
10037
10037
10034
10036
10034
10034
10031
10032
10032
10032
10032
10032
10032
10030
10030
10030
10030
10028
10032
10032
10032
10030
10027
10028
10028
10025
10025
10027
10027
10027
10025
10026
10026
10028
10024
10029
10029
10029
10028
10028
10026
10022
10028
10026
10030
10030
10030
10031
10032
10032
10032
10032
10030
10030
10031
10031
10030
10028
10029
10030
10023
10022
10026
10026
10026
10026
10026
10026
10024
10024
10022
10022
10020
10020
10019
10020
10018
10018
10019
10019
10022
10022
10022
10020
10020
10020
10017
10017
10019
10021
10022
10022
10022
10020
10020
10020
10024
10022
10022
10022
10023
10023
10023
10024
10024
10024
10021
10022
10025
10025
10027
10027
10028
10028
10028
10028
10028
10026
10026
10026
10026
10024
10024
10030
10028
10028
10028
10028
10026
10026
10028
10027
10025
10025
10025
10025
10026
10026
10028
10028
10029
10029
10027
10029
10036
10038
10039
10041
10041
10041
10041
10041
10043
10043
10043
10045
10044
10046
10046
10048
10048
10048
10051
10053
10053
10053
10053
10053
10052
10052
10052
10053
10051
10048
10048
10047
10041
10041
10048
10050
10050
10050
10050
10050
10050
10052
10053
10053
10053
10053
10054
10054
10054
10054
10052
10052
10052
10052
10054
10054
10054
10054
10054
10054
10050
10050
10050
10050
10048
10048
10048
10044
10044
10046
10047
10045
10045
10045
10045
10044
10042
10044
10046
10042
10044
10041
10041
10038
10038
10038
10038
10034
10032
10033
10033
10038
10040
10040
10040
10040
10038
10040
10039
10040
10040
10038
10040
10040
10040
10037
10037
10039
10039
10034
10037
10039
10038
10040
10042
10040
10040
10041
10040
10040
10040
10040
10042
10044
10043
10047
10047
10047
10049
10049
10048
10050
10050
10050
10050
10047
10046
10045
10045
10046
10046
10046
10046
10048
10047
10042
10042
10042
10044
10044
10042
10042
10043
10042
10044
10044
10044
10044
10044
10044
10044
10041
10041
10041
10041
10041
10041
10039
10039
10039
10039
10041
10040
10040
10040
10039
10039
10039
10038
10034
10036
10036
10036
10036
10031
10033
10033
10033
10033
10028
10024
10026
10032
10033
10033
10033
10031
10029
10029
10030
10029
10027
10025
10025
10025
10025
10025
10022
10022
10023
10022
10024
10024
10023
10023
10021
10021
10021
10021
10021
10020
10020
10020
10020
10023
10021
10023
10021
10021
10021
10023
10023
10023
10023
10021
10022
10021
10021
10021
10021
10021
10022
10024
10024
10024
10026
10026
10026
10026
10026
10025
10026
10024
10020
10020
10020
10020
10021
10021
10023
10023
10023
10023
10023
10024
10022
10022
10022
10022
10022
10022
10022
10022
10020
10021
10021
10019
10022
10022
10022
10022
10022
10021
10023
10023
10025
10024
10024
10024
10022
10022
10026
10023
10025
10023
10023
10027
10026
10028
10032
10032
10032
10032
10036
10036
10036
10036
10036
10036
10036
10038
10038
10039
10039
10039
10039
10039
10038
10039
10038
10038
10038
10038
10038
10036
10034
10034
10034
10034
10031
10031
10029
10034
10032
10029
10033
10033
10037
10038
10039
10039
10039
10039
10038
10034
10034
10036
10035
10032
10032
10032
10035
10034
10034
10033
10033
10035
10035
10035
10035
10033
10033
10033
10033
10033
10035
10035
10035
10035
10035
10035
10034
10032
10032
10032
10032
10032
10032
10032
10032
10030
10030
10030
10025
10025
10023
10023
10025
10025
10026
10026
10025
10025
10027
10027
10028
10028
10030
10030
10030
10030
10031
10031
10029
10027
10027
10027
10027
10029
10029
10029
10029
10029
10027
10027
10028
10028
10026
10026
10025
10025
10023
10023
10024
10022
10024
10022
10022
10022
10022
10022
10020
10020
10023
10023
10023
10023
10023
10023
10023
10023
10023
10029
10029
10029
10031
10029
10030
10034
10032
10032
10032
10034
10034
10035
10035
10040
10040
10039
10036
10038
10038
10038
10038
10037
10037
10036
10036
10036
10038
10040
10040
10040
10042
10041
10046
10044
10044
10046
10046
10043
10041
10042
10046
10050
10048
10049
10049
10050
10050
10050
10050
10050
10050
10047
10049
10046
10047
10046
10046
10046
10044
10043
10043
10043
10043
10043
10043
10045
10047
10047
10049
10046
10046
10046
10046
10044
10042
10042
10041
10043
10043
10045
10042
10040
10040
10040
10040
10039
10041
10041
10041
10041
10041
10043
10046
10048
10050
10053
10055
10055
10059
10061
10061
10061
10059
10065
10065
10064
10064
10064
10059
10052
10052
10052
10054
10056
10056
10059
10059
10059
10059
10059
10059
10061
10061
10061
10061
10063
10061
10061
10059
10059
10059
10059
10057
10057
10058
10061
10062
10062
10062
10064
10064
10064
10063
10062
10066
10066
10066
10064
10061
10061
10061
10057
10057
10055
10055
10057
10062
10062
10062
10062
10062
10062
10062
10062
10064
10062
10062
10061
10062
10064
10064
10064
10064
10061
10059
10059
10059
10055
10056
10056
10056
10056
10056
10056
10054
10054
10054
10054
10054
10054
10052
10052
10052
10054
10054
10056
10056
10056
10056
10055
10055
10053
10053
10053
10055
10055
10055
10055
10056
10054
10054
10056
10056
10056
10054
10054
10054
10054
10053
10053
10053
10058
10058
10058
10058
10056
10056
10055
10055
10052
10052
10052
10050
10042
10042
10042
10042
10042
10042
10043
10045
10045
10045
10043
10041
10041
10043
10045
10045
10045
10048
10048
10048
10050
10048
10048
10048
10048
10050
10047
10047
10049
10049
10049
10047
10047
10047
10046
10047
10052
10053
10053
10051
10051
10052
10046
10046
10048
10048
10047
10049
10047
10049
10050
10052
10052
10054
10054
10054
10057
10061
10061
10062
10062
10062
10062
10062
10061
10060
10063
10062
10062
10062
10062
10062
10062
10062
10064
10064
10064
10067
10067
10067
10067
10067
10067
10065
10066
10066
10066
10066
10062
10062
10062
10068
10069
10071
10071
10071
10073
10073
10073
10073
10076
10078
10077
10078
10076
10076
10076
10076
10078
10083
10083
10083
10081
10081
10081
10081
10079
10079
10079
10079
10079
10074
10074
10076
10075
10075
10073
10072
10071
10071
10071
10069
10069
10069
10070
10070
10070
10070
10068
10067
10067
10071
10074
10074
10078
10075
10075
10075
10077
10077
10077
10079
10079
10077
10076
10074
10074
10075
10075
10072
10072
10072
10072
10071
10071
10071
10072
10070
10067
10067
10070
10070
10072
10074
10076
10075
10074
10074
10072
10071
10071
10073
10073
10073
10071
10071
10071
10067
10062
10061
10066
10066
10066
10066
10066
10068
10068
10065
10065
10065
10065
10067
10063
10061
10065
10065
10065
10061
10061
10061
10061
10067
10073
10072
10072
10073
10073
10073
10074
10074
10074
10074
10074
10074
10074
10072
10072
10072
10070
10070
10070
10070
10070
10070
10065
10065
10065
10063
10064
10063
10063
10063
10063
10063
10063
10063
10065
10066
10066
10066
10068
10068
10068
10069
10071
10071
10073
10073
10073
10069
10069
10065
10065
10067
10067
10067
10064
10064
10064
10062
10065
10065
10061
10062
10062
10060
10064
10064
10064
10064
10066
10066
10066
10066
10066
10065
10062
10061
10061
10063
10065
10065
10065
10064
10064
10064
10064
10060
10060
10062
10061
10063
10063
10061
10059
10059
10059
10057
10057
10057
10059
10059
10057
10057
10057
10057
10057
10057
10057
10056
10055
10057
10057
10057
10060
10061
10061
10063
10063
10063
10063
10063
10063
10063
10062
10067
10067
10067
10065
10061
10061
10061
10059
10056
10056
10056
10055
10055
10054
10052
10056
10056
10062
10062
10058
10059
10057
10059
10065
10065
10065
10065
10065
10065
10063
10063
10063
10063
10065
10062
10062
10053
10052
10052
10052
10053
10053
10049
10049
10051
10055
10055
10057
10060
10061
10061
10060
10060
10062
10060
10060
10062
10062
10061
10050
10054
10052
10052
10052
10052
10052
10052
10050
10049
10047
10045
10045
10048
10048
10048
10045
10044
10043
10041
10045
10046
10046
10048
10048
10045
10045
10043
10043
10044
10042
10043
10042
10038
10039
10035
10035
10033
10035
10035
10034
10036
10038
10040
10040
10040
10040
10036
10037
10039
10039
10039
10042
10041
10043
10043
10045
10045
10045
10045
10045
10045
10043
10043
10045
10043
10044
10044
10044
10044
10040
10035
10035
10035
10035
10037
10037
10035
10035
10035
10033
10034
10035
10035
10032
10032
10032
10034
10034
10034
10034
10037
10039
10045
10047
10046
10046
10046
10046
10048
10050
10050
10050
10050
10050
10049
10049
10053
10055
10055
10055
10055
10057
10057
10048
10049
10050
10054
10053
10056
10056
10054
10058
10057
10055
10055
10056
10058
10058
10058
10058
10058
10058
10058
10057
10058
10058
10058
10056
10053
10053
10053
10052
10052
10052
10052
10052
10054
10054
10053
10053
10051
10050
10050
10050
10048
10048
10044
10044
10045
10043
10043
10047
10049
10047
10048
10048
10049
10054
10056
10056
10056
10056
10056
10056
10059
10059
10059
10057
10057
10055
10054
10054
10052
10051
10055
10054
10054
10047
10047
10045
10044
10040
10040
10045
10045
10045
10040
10041
10041
10041
10041
10041
10041
10041
10041
10041
10041
10042
10046
10044
10038
10038
10040
10040
10040
10040
10044
10046
10046
10045
10048
10048
10048
10046
10046
10046
10046
10046
10046
10046
10046
10044
10044
10044
10044
10044
10044
10044
10042
10042
10040
10040
10042
10042
10044
10044
10045
10040
10042
10041
10041
10039
10039
10039
10039
10040
10040
10040
10040
10037
10037
10035
10033
10031
10031
10029
10027
10021
10021
10024
10024
10024
10023
10023
10021
10021
10019
10019
10019
10019
10018
10017
10017
10017
10017
10017
10018
10018
10018
10018
10020
10020
10024
10024
10020
10020
10018
10016
10015
10015
10015
10017
10016
10014
10012
10010
10009
10011
10011
10013
10013
10015
10018
10021
10018
10018
10016
10016
10016
10016
10016
10016
10011
10011
10011
10011
10011
10011
10011
10011
10013
10013
10013
10014
10014
10014
10014
10014
10012
10012
10011
10011
10011
10011
10011
10011
10011
10009
10006
10008
10013
10013
10013
10013
10015
10010
10012
10012
10010
10012
10012
10009
10009
10009
10007
10009
10009
10009
10009
10009
10005
10005
10004
10008
10010
10012
10012
10012
10010
10006
10001
10001
9999
9997
9999
9999
10001
10002
10001
10001
10000
10000
10001
10001
10001
10002
10000
9998
9998
9999
9997
9990
9992
9992
9994
9993
9994
9994
9994
9994
9989
9989
9989
9991
9993
9993
9993
9993
9991
9989
9989
9989
9989
9988
9982
9982
9984
9982
9982
9984
9984
9984
9982
9980
9982
9982
9984
9984
9984
9984
9984
9984
9982
9985
9985
9983
9983
9983
9983
9983
9980
9978
9978
9976
9977
9977
9977
9977
9977
9977
9977
9977
9973
9971
9973
9970
9970
9970
9972
9972
9974
9973
9973
9976
9976
9976
9976
9976
9970
9970
9972
9969
9969
9969
9969
9972
9974
9974
9974
9974
9974
9972
9972
9972
9973
9972
9968
9970
9970
9970
9970
9968
9968
9968
9968
9966
9965
9965
9963
9966
9966
9966
9966
9965
9965
9967
9965
9963
9962
9962
9966
9966
9968
9965
9965
9966
9967
9969
9971
9969
9968
9970
9967
9965
9965
9965
9965
9967
9965
9964
9964
9966
9967
9967
9967
9967
9965
9965
9967
9967
9966
9966
9966
9966
9964
9964
9962
9962
9960
9960
9960
9963
9963
9965
9967
9967
9967
9971
9971
9971
9971
9968
9970
9970
9970
9972
9970
9970
9970
9970
9970
9968
9967
9965
9962
9959
9959
9959
9959
9961
9963
9963
9964
9964
9962
9964
9964
9963
9963
9963
9961
9961
9963
9968
9968
9972
9974
9972
9974
9974
9976
9977
9977
9977
9977
9977
9977
9979
9977
9977
9975
9976
9976
9974
9978
9978
9980
9980
9980
9981
9979
9978
9980
9980
9980
9978
9979
9981
9981
9981
9983
9983
9983
9977
9978
9980
9980
9980
9979
9979
9979
9981
9981
9981
9981
9981
9979
9979
9979
9981
9981
9980
9980
9980
9980
9980
9980
9976
9976
9978
9978
9981
9979
9980
9979
9978
9978
9978
9978
9977
9979
9974
9974
9974
9977
9975
9975
9977
9977
9977
9977
9970
9971
9969
9972
9972
9974
9972
9972
9972
9972
9972
9972
9973
9970
9970
9972
9973
9973
9971
9967
9969
9969
9969
9976
9976
9976
9976
9976
9976
9974
9973
9975
9976
9976
9976
9978
9978
9979
9983
9983
9983
9983
9979
9973
9978
9978
9980
9979
9979
9979
9981
9977
9979
9977
9977
9979
9979
9978
9976
9978
9978
9977
9978
9978
9979
9979
9976
9980
9980
9984
9982
9984
9984
9988
9988
9988
9988
9988
9989
9987
9987
9987
9987
9987
9986
9986
9986
9986
9984
9986
9986
9986
9987
9993
9989
9989
9989
9989
9989
9991
9991
9986
9986
9986
9986
9986
9986
9986
9984
9984
9984
9984
9983
9983
9983
9983
9983
9981
9977
9977
9977
9977
9975
9971
9973
9971
9971
9970
9968
9969
9969
9971
9971
9973
9977
9975
9973
9973
9975
9973
9973
9973
9973
9973
9977
9975
9979
9979
9979
9979
9979
9979
9977
9977
9968
9966
9968
9968
9970
9968
9968
9966
9966
9967
9965
9963
9963
9962
9962
9964
9964
9964
9962
9964
9964
9964
9965
9964
9964
9964
9965
9965
9965
9965
9968
9961
9961
9963
9963
9965
9965
9965
9965
9969
9969
9969
9967
9967
9965
9963
9960
9960
9960
9960
9964
9963
9963
9963
9964
9965
9965
9965
9963
9963
9963
9963
9963
9956
9959
9958
9956
9956
9950
9950
9950
9952
9952
9946
9949
9949
9950
9952
9950
9951
9951
9949
9949
9949
9949
9949
9949
9946
9947
9947
9952
9952
9953
9953
9953
9953
9953
9955
9955
9953
9951
9948
9948
9950
9947
9947
9947
9947
9949
9948
9947
9947
9951
9951
9951
9953
9954
9954
9956
9956
9956
9956
9956
9956
9956
9955
9955
9955
9954
9954
9954
9954
9949
9943
9942
9942
9942
9942
9942
9942
9942
9940
9944
9944
9944
9944
9946
9946
9943
9943
9943
9943
9943
9943
9941
9939
9938
9938
9940
9936
9938
9938
9938
9938
9939
9940
9940
9944
9943
9943
9943
9943
9943
9941
9940
9940
9938
9937
9937
9937
9938
9934
9930
9931
9931
9930
9932
9932
9931
9929
9929
9927
9927
9928
9928
9928
9926
9921
9919
9921
9921
9920
9922
9920
9919
9921
9921
9922
9922
9935
9933
9935
9935
9935
9939
9939
9944
9947
9942
9942
9942
9942
9943
9945
9946
9947
9947
9949
9949
9949
9949
9949
9947
9947
9947
9944
9946
9947
9945
9945
9943
9941
9946
9946
9946
9946
9944
9944
9940
9941
9943
9943
9943
9943
9943
9943
9941
9941
9941
9941
9941
9943
9943
9941
9939
9939
9939
9939
9939
9939
9939
9944
9949
9949
9949
9947
9947
9946
9950
9950
9950
9951
9949
9949
9951
9951
9950
9950
9947
9947
9946
9944
9944
9946
9948
9948
9949
9947
9948
9948
9946
9944
9942
9942
9941
9944
9946
9946
9944
9945
9945
9945
9945
9947
9945
9947
9947
9949
9951
9951
9951
9951
9955
9957
9951
9949
9949
9949
9949
9949
9951
9950
9952
9953
9953
9952
9952
9950
9948
9952
9946
9946
9945
9945
9945
9942
9940
9940
9940
9940
9942
9941
9940
9936
9930
9930
9931
9929
9929
9928
9928
9929
9929
9929
9929
9929
9929
9931
9937
9937
9943
9942
9942
9940
9940
9940
9940
9938
9938
9940
9940
9945
9945
9945
9947
9947
9953
9957
9959
9959
9959
9959
9958
9958
9958
9958
9958
9958
9959
9959
9956
9956
9954
9954
9954
9959
9959
9957
9953
9953
9959
9956
9953
9955
9955
9952
9952
9952
9952
9954
9954
9954
9956
9956
9959
9959
9957
9957
9957
9955
9958
9956
9957
9957
9957
9960
9962
9960
9961
9961
9961
9965
9959
9960
9958
9958
9962
9956
9956
9956
9956
9958
9958
9958
9961
9962
9962
9962
9966
9964
9964
9964
9968
9968
9968
9968
9962
9963
9964
9963
9963
9964
9962
9963
9963
9963
9965
9965
9968
9968
9970
9971
9971
9971
9970
9970
9968
9966
9966
9962
9962
9962
9962
9962
9961
9961
9960
9960
9960
9962
9960
9960
9962
9962
9960
9960
9962
9955
9955
9956
9956
9956
9961
9962
9960
9958
9958
9958
9959
9956
9956
9952
9952
9952
9952
9947
9949
9947
9947
9946
9948
9948
9950
9947
9940
9942
9942
9943
9943
9939
9939
9939
9941
9943
9943
9947
9947
9947
9949
9949
9949
9949
9949
9945
9947
9945
9945
9945
9947
9946
9946
9944
9944
9951
9951
9953
9955
9955
9951
9951
9951
9949
9947
9950
9949
9951
9949
9945
9944
9947
9947
9945
9946
9943
9943
9944
9944
9942
9942
9941
9941
9942
9942
9940
9940
9940
9938
9936
9936
9936
9940
9942
9942
9944
9944
9944
9944
9946
9946
9948
9945
9945
9949
9949
9951
9951
9949
9947
9947
9947
9945
9945
9945
9945
9946
9947
9947
9947
9949
9949
9949
9949
9949
9949
9953
9957
9957
9957
9957
9957
9957
9957
9957
9961
9961
9959
9959
9964
9964
9962
9959
9959
9957
9957
9957
9955
9955
9954
9954
9958
9958
9958
9958
9958
9958
9958
9958
9957
9957
9959
9959
9960
9960
9959
9959
9965
9965
9966
9968
9966
9971
9973
9975
9974
9974
9976
9976
9977
9977
9978
9976
9977
9977
9975
9975
9975
9976
9976
9976
9976
9976
9983
9982
9982
9983
9984
9984
9984
9983
9983
9986
9986
9982
9984
9984
9985
9986
9984
9984
9984
9984
9984
9990
9990
9990
9989
9987
9987
9987
9984
9982
9984
9984
9982
9984
9982
9982
9985
9984
9984
9986
9984
9984
9991
9989
9989
9987
9988
9988
9988
9990
9989
9989
9988
9988
9988
9988
9992
9992
9992
9997
9993
9993
10004
10004
10004
10006
10004
10004
10004
10000
10000
10000
10000
10000
10000
10000
10001
10001
10001
10001
10000
10000
9999
9999
10001
10001
10001
10001
10001
9999
9999
10001
10001
10001
10001
10006
10006
10006
10008
10012
10012
10011
10009
10009
10007
10007
10005
10007
10006
10006
10006
10006
10007
10007
10007
10005
10007
10007
10007
10006
10006
10006
10006
10006
10004
10006
10009
10011
10013
10013
10012
10012
10010
10011
10011
10011
10011
10011
10011
10008
10009
10007
10009
10009
10009
10009
10009
10009
10005
10011
10011
10013
10013
10011
10011
10011
10014
10012
10012
10012
10007
10006
10006
10004
10004
10004
10004
10004
10004
10004
10005
10005
10003
10005
10002
10002
10002
10002
10006
10006
10003
10001
10003
10003
10002
10002
10000
10000
10001
10001
10003
10004
10005
10005
10003
10003
10003
10003
10005
10000
10004
10004
10002
10002
10002
10004
10004
10005
10005
10007
10007
10007
10006
10012
10012
10012
10013
10013
10009
10014
10014
10019
10015
10015
10014
10016
10018
10018
10018
10017
10015
10015
10015
10016
10013
10013
10013
10013
10011
10013
10013
10013
10012
10014
10014
10014
10014
10010
10008
10007
10007
10007
10007
10007
10008
10008
10006
10006
10007
10006
