11855
11857
11858
11858
11857
11854
11855
11857
11857
11857
11860
11864
11864
11864
11864
11864
11864
11866
11861
11861
11861
11861
11861
11861
11860
11863
11865
11865
11865
11867
11867
11869
11871
11869
11869
11869
11869
11869
11880
11879
11879
11882
11882
11884
11887
11887
11887
11885
11885
11885
11885
11888
11887
11887
11889
11893
11895
11895
11895
11895
11897
11897
11898
11897
11896
11897
11897
11899
11900
11903
11901
11901
11905
11905
11905
11905
11905
11904
11903
11903
11903
11903
11903
11903
11904
11902
11902
11899
11900
11900
11903
11904
11907
11908
11908
11909
11909
11908
11907
11907
11904
11904
11911
11910
11911
11907
11907
11907
11907
11907
11911
11911
11908
11906
11902
11902
11902
11902
11902
11902
11901
11899
11899
11899
11897
11898
11897
11897
11898
11898
11898
11898
11900
11899
11901
11898
11895
11895
11895
11893
11890
11887
11893
11895
11894
11895
11898
11898
11898
11898
11898
11901
11902
11902
11902
11902
11903
11901
11901
11901
11899
11899
11904
11904
11901
11898
11897
11897
11897
11899
11901
11898
11898
11897
11899
11904
11901
11903
11901
11901
11901
11900
11898
11897
11897
11892
11892
11892
11892
11892
11893
11897
11897
11893
11891
11891
11898
11898
11901
11903
11903
11903
11903
11904
11904
11904
11904
11904
11903
11903
11903
11902
11902
11904
11899
11895
11895
11896
11899
11899
11899
11900
11900
11900
11900
11895
11895
11902
11905
11909
11909
11898
11894
11894
11894
11892
11894
11897
11897
11895
11895
11892
11892
11892
11892
11892
11896
11896
11895
11895
11895
11895
11893
11896
11896
11896
11895
11895
11894
11894
11894
11891
11891
11889
11892
11892
11892
11892
11892
11894
11894
11894
11894
11894
11895
11895
11895
11896
11901
11903
11904
11907
11907
11907
11906
11907
11906
11909
11909
11911
11911
11911
11911
11911
11911
11911
11911
11910
11910
11910
11906
11905
11905
11906
11905
11907
11909
11909
11909
11909
11909
11913
11914
11913
11912
11913
11914
11914
11918
11920
11921
11921
11920
11919
11917
11916
11916
11916
11914
11912
11912
11911
11904
11904
11907
11908
11908
11904
11904
11902
11902
11900
11898
11900
11901
11901
11902
11901
11901
11903
11905
11903
11903
11902
11899
11897
11898
11900
11900
11900
11900
11901
11901
11900
11900
11901
11898
11899
11895
11894
11895
11896
11894
11894
11896
11896
11894
11895
11896
11898
11898
11900
11900
11900
11901
11901
11901
11901
11897
11897
11894
11893
11885
11885
11886
11886
11886
11889
11889
11886
11889
11889
11892
11889
11893
11893
11893
11893
11893
11893
11893
11894
11896
11896
11896
11894
11894
11895
11893
11894
11894
11894
11894
11896
11893
11893
11893
11893
11896
11897
11896
11894
11896
11896
11897
11897
11894
11891
11894
11893
11891
11891
11892
11889
11889
11889
11889
11892
11890
11890
11889
11889
11893
11893
11892
11890
11889
11889
11889
11890
11890
11886
11887
11887
11887
11889
11887
11887
11887
11883
11886
11885
11883
11887
11888
11888
11882
11881
11881
11881
11886
11887
11887
11886
11886
11886
11886
11886
11885
11883
11884
11880
11881
11881
11882
11884
11885
11885
11887
11887
11887
11887
11878
11880
11879
11879
11877
11874
11875
11875
11875
11876
11874
11874
11874
11874
11874
11872
11871
11871
11871
11871
11871
11871
11871
11870
11866
11866
11869
11869
11869
11870
11870
11872
11869
11868
11871
11871
11871
11868
11869
11869
11867
11867
11865
11862
11862
11859
11859
11861
11863
11861
11861
11861
11863
11863
11862
11854
11853
11854
11854
11852
11852
11850
11849
11849
11850
11850
11850
11850
11849
11849
11845
11845
11845
11845
11845
11847
11847
11846
11851
11849
11849
11848
11853
11853
11855
11855
11856
11857
11859
11860
11858
11858
11858
11858
11858
11858
11857
11859
11859
11860
11860
11860
11861
11863
11867
11867
11865
11865
11867
11867
11863
11862
11862
11862
11862
11862
11862
11864
11864
11866
11866
11866
11866
11863
11862
11864
11864
11865
11866
11865
11863
11864
11862
11860
11862
11864
11864
11864
11866
11866
11866
11868
11868
11868
11868
11868
11866
11864
11863
11864
11865
11865
11864
11866
11866
11866
11866
11866
11866
11869
11871
11871
11871
11873
11871
11873
11872
11872
11868
11872
11874
11874
11875
11873
11873
11874
11874
11874
11874
11874
11874
11874
11871
11870
11868
11870
11868
11868
11868
11868
11870
11869
11868
11866
11867
11866
11863
11866
11866
11868
11867
11866
11864
11864
11865
11868
11868
11868
11864
11865
11866
11866
11866
11866
11867
11870
11870
11870
11870
11868
11869
11869
11869
11869
11868
11866
11866
11864
11864
11859
11859
11859
11860
11862
11862
11862
11862
11861
11861
11859
11859
11859
11863
11863
11863
11863
11862
11863
11863
11868
11868
11869
11867
11863
11864
11865
11865
11867
11868
11868
11867
11867
11868
11866
11866
11866
11870
11869
11871
11869
11869
11868
11868
11868
11866
11865
11864
11865
11866
11866
11864
11862
11862
11862
11863
11863
11863
11863
11863
11867
11869
11866
11866
11866
11868
11867
11867
11867
11865
11867
11867
11865
11865
11868
11868
11868
11868
11868
11868
11870
11870
11871
11872
11872
11869
11869
11871
11868
11871
11872
11872
11872
11871
11872
11874
11874
11875
11875
11875
11873
11875
11874
11873
11874
11874
11880
11881
11877
11875
11876
11876
11877
11875
11880
11880
11880
11880
11880
11880
11881
11881
11881
11881
11880
11879
11881
11881
11883
11877
11877
11881
11881
11879
11877
11876
11876
11876
11876
11875
11874
11875
11875
11875
11873
11874
11876
11874
11874
11876
11875
11875
11875
11875
11875
11876
11876
11876
11873
11875
11879
11879
11879
11879
11879
11878
11879
11879
11879
11879
11883
11883
11883
11877
11877
11880
11876
11878
11876
11873
11873
11874
11874
11876
11875
11876
11876
11876
11876
11873
11873
11874
11875
11874
11874
11876
11881
11882
11882
11888
11889
11889
11890
11890
11883
11889
11889
11891
11889
11891
11889
11896
11896
11896
11898
11898
11897
11897
11898
11893
11893
11893
11891
11891
11891
11891
11888
11890
11889
11887
11886
11886
11888
11884
11880
11883
11883
11882
11878
11878
11880
11877
11871
11871
11876
11877
11877
11878
11878
11875
11875
11875
11875
11875
11871
11872
11872
11868
11870
11871
11871
11872
11872
11872
11872
11869
11871
11869
11870
11870
11869
11871
11872
11876
11876
11872
11871
11872
11872
11872
11871
11871
11868
11866
11866
11871
11869
11872
11872
11870
11869
11866
11867
11866
11867
11869
11866
11866
11870
11870
11870
11868
11870
11869
11867
11869
11870
11865
11865
11865
11865
11864
11865
11865
11865
11865
11864
11855
11855
11853
11851
11849
11845
11840
11840
11840
11840
11840
11840
11840
11838
11838
11838
11838
11838
11834
11836
11836
11836
11835
11835
11833
11834
11830
11830
11830
11830
11830
11830
11828
11826
11824
11824
11824
11822
11824
11824
11823
11823
11824
11824
11826
11825
11824
11824
11824
11824
11825
11823
11823
11826
11828
11829
11826
11828
11828
11828
11827
11827
11826
11828
11828
11827
11827
11831
11829
11829
11829
11829
11829
11825
11825
11821
11821
11821
11821
11814
11818
11821
11819
11819
11821
11822
11825
11824
11824
11824
11822
11826
11826
11826
11824
11823
11821
11821
11821
11821
11825
11825
11826
11825
11823
11826
11827
11827
11827
11823
11823
11823
11821
11821
11821
11821
11821
11821
11818
11811
11811
11808
11808
11808
11808
11808
11808
11805
11805
11811
11806
11808
11808
11808
11808
11806
11806
11805
11806
11806
11803
11804
11804
11805
11801
11801
11799
11799
11799
11798
11798
11799
11796
11797
11795
11795
11795
11795
11796
11796
11795
11795
11795
11795
11796
11797
11800
11800
11801
11802
11806
11805
11804
11803
11805
11801
11800
11802
11802
11804
11804
11803
11800
11800
11801
11802
11804
11808
11808
11808
11806
11806
11806
11806
11809
11811
11815
11816
11816
11814
11814
11814
11814
11814
11814
11814
11814
11814
11814
11812
11812
11809
11808
11808
11808
11807
11808
11807
11805
11803
11803
11803
11803
11804
11802
11802
11804
11801
11805
11804
11804
11803
11803
11803
11803
11803
11804
11804
11802
11801
11801
11801
11801
11801
11804
11805
11801
11801
11798
11797
11799
11799
11799
11802
11802
11802
11803
11802
11800
11801
11799
11804
11804
11804
11795
11795
11797
11796
11796
11796
11797
11798
11798
11798
11797
11792
11791
11793
11793
11793
11793
11793
11793
11796
11796
11796
11789
11789
11789
11789
11789
11788
11786
11787
11787
11787
11787
11789
11787
11787
11789
11789
11789
11789
11793
11794
11793
11791
11790
11790
11797
11792
11792
11792
11792
11792
11792
11791
11788
11786
11788
11794
11793
11793
11793
11792
11792
11792
11793
11794
11794
11790
11787
11787
11787
11787
11788
11785
11783
11781
11781
11783
11783
11782
11782
11784
11785
11787
11787
11785
11785
11785
11786
11786
11798
11798
11796
11794
11798
11795
11790
11790
11790
11790
11790
11784
11784
11781
11781
11781
11781
11783
11783
11782
11780
11779
11778
11778
11778
11780
11779
11779
11777
11776
11775
11774
11775
11774
11774
11775
11778
11781
11782
11782
11782
11781
11781
11777
11781
11784
11787
11788
11788
11792
11790
11790
11790
11790
11789
11789
11787
11787
11786
11786
11786
11794
11792
11792
11793
11794
11795
11794
11794
11793
11791
11791
11789
11791
11791
11794
11794
11797
11794
11790
11787
11791
11789
11789
11789
11789
11788
11789
11789
11789
11789
11790
11790
11790
11786
11786
11786
11784
11786
11786
11788
11789
11789
11789
11788
11788
11788
11783
11782
11782
11783
11783
11785
11785
11783
11783
11783
11785
11787
11787
11785
11785
11785
11778
11780
11779
11779
11779
11778
11778
11779
11774
11774
11777
11777
11777
11777
11776
11778
11778
11776
11776
11776
11776
11776
11776
11777
11777
11780
11780
11780
11777
11777
11778
11779
11778
11779
11776
11774
11774
11776
11778
11777
11777
11775
11771
11774
11772
11775
11777
11777
11780
11779
11779
11776
11777
11776
11772
11772
11773
11778
11774
11776
11776
11778
11779
11777
11778
11778
11780
11781
11783
11783
11784
11781
11781
11780
11776
11776
11777
11778
11780
11780
11780
11780
11780
11777
11777
11777
11775
11775
11776
11776
11776
11776
11776
11776
11779
11781
11781
11783
11783
11783
11783
11785
11786
11786
11786
11788
11789
11787
11789
11787
11786
11786
11788
11788
11788
11787
11784
11784
11788
11788
11794
11793
11793
11793
11792
11793
11792
11793
11793
11791
11790
11789
11789
11790
11790
11790
11790
11790
11790
11788
11788
11788
11788
11788
11788
11788
11785
11785
11779
11777
11777
11780
11780
11780
11782
11787
11786
11786
11784
11784
11784
11782
11782
11782
11783
11781
11782
11784
11785
11785
11785
11783
11783
11783
11783
11783
11782
11780
11780
11782
11783
11785
11785
11786
11788
11788
11788
11788
11788
11787
11784
11783
11783
11781
11781
11781
11780
11780
11780
11780
11780
11778
11778
11778
11782
11781
11778
11781
11778
11778
11780
11776
11776
11777
11774
11776
11775
11772
11770
11766
11764
11767
11767
11767
11769
11767
11765
11765
11765
11765
11760
11758
11758
11757
11755
11754
11752
11749
11751
11750
11755
11753
11755
11755
11755
11757
11753
11753
11753
11754
11755
11757
11757
11761
11760
11762
11756
11757
11757
11759
11759
11758
11758
11756
11757
11757
11758
11760
11760
11760
11760
11760
11764
11764
11761
11757
11757
11759
11759
11759
11759
11759
11760
11760
11765
11765
11766
11766
11764
11761
11761
11762
11764
11764
11763
11763
11764
11762
11762
11762
11758
11758
11757
11756
11756
11756
11757
11757
11757
11758
11758
11758
11758
11758
11757
11753
11752
11757
11757
11754
11755
11759
11755
11756
11756
11754
11753
11754
11755
11754
11754
11755
11755
11755
11756
11754
11754
11756
11756
11756
11751
11756
11757
11754
11754
11754
11754
11754
11754
11754
11754
11754
11752
11754
11754
11753
11753
11753
11753
11753
11754
11753
11751
11750
11741
11742
11742
11742
11742
11742
11745
11746
11747
11747
11747
11751
11749
11756
11756
11756
11759
11759
11759
11759
11758
11758
11755
11755
11757
11756
11756
11758
11759
11759
11759
11759
11757
11754
11756
11759
11758
11758
11753
11753
11751
11751
11749
11749
11749
11747
11746
11746
11745
11745
11745
11745
11745
11744
11744
11744
11743
11745
11745
11745
11743
11743
11741
11742
11742
11741
11742
11742
11743
11743
11743
11743
11742
11742
11740
11741
11746
11745
11748
11748
11746
11746
11746
11745
11745
11743
11743
11741
11739
11739
11740
11739
11735
11736
11734
11734
11740
11743
11745
11746
11744
11741
11738
11739
11739
11736
11737
11735
11735
11735
11741
11741
11741
11742
11742
11746
11748
11750
11749
11749
11751
11751
11752
11752
11751
11751
11751
11752
11755
11757
11758
11756
11759
11755
11757
11759
11759
11759
11758
11756
11756
11756
11758
11756
11758
11754
11752
11750
11750
11752
11751
11751
11751
11751
11751
11750
11750
11751
11751
11751
11752
11754
11754
11753
11755
11752
11752
11752
11752
11747
11750
11750
11750
11750
11751
11751
11751
11751
11751
11749
11750
11750
11751
11749
11750
11750
11751
11749
11749
11750
11750
11748
11749
11749
11749
11745
11742
11742
11743
11743
11743
11743
11740
11740
11739
11738
11740
11740
11740
11740
11739
11739
11739
11741
11739
11742
11742
11738
11738
11738
11742
11742
11741
11741
11741
11741
11743
11743
11740
11740
11738
11737
11741
11741
11743
11743
11743
11742
11742
11742
11742
11742
11744
11744
11744
11744
11744
11745
11746
11746
11740
11740
11734
11734
11734
11735
11737
11737
11737
11742
11744
11739
11739
11739
11739
11739
11739
11739
11740
11739
11739
11739
11739
11740
11740
11743
11744
11744
11743
11743
11746
11743
11741
11741
11741
11743
11736
11734
11733
11733
11735
11737
11741
11743
11744
11744
11746
11747
11741
11741
11744
11746
11744
11743
11739
11741
11750
11752
11752
11753
11753
11753
11754
11753
11756
11755
11754
11754
11752
11754
11753
11757
11759
11760
11760
11760
11760
11756
11755
11755
11755
11757
11758
11758
11758
11758
11758
11760
11762
11766
11768
11768
11768
11768
11770
11771
11771
11769
11769
11769
11770
11767
11767
11766
11766
11768
11768
11768
11768
11767
11767
11767
11768
11770
11770
11771
11771
11769
11768
11768
11764
11764
11763
11763
11763
11763
11766
11768
11769
11769
11769
11770
11772
11774
11774
11774
11785
11785
11785
11784
11782
11784
11784
11782
11782
11781
11778
11771
11773
11769
11769
11769
11767
11767
11765
11761
11761
11761
11761
11761
11758
11763
11764
11764
11764
11763
11762
11762
11763
11763
11762
11760
11766
11767
11769
11771
11771
11769
11767
11767
11767
11764
11767
11763
11763
11763
11763
11763
11763
11764
11762
11763
11757
11757
11761
11764
11766
11766
11765
11765
11769
11771
11769
11770
11770
11770
11772
11775
11776
11776
11776
11776
11777
11779
11781
11781
11778
11778
11776
11776
11776
11779
11783
11783
11785
11780
11780
11780
11777
11779
11781
11781
11780
11780
11782
11783
11785
11783
11783
11782
11782
11782
11780
11777
11773
11773
11775
11772
11772
11772
11775
11774
11774
11774
11775
11775
11774
11776
11776
11776
11776
11776
11770
11770
11769
11769
11767
11767
11767
11769
11769
11759
11759
11759
11760
11759
11759
11759
11759
11759
11760
11760
11760
11759
11759
11759
11759
11757
11758
11758
11758
11758
11758
11759
11759
11763
11763
11763
11763
11762
11762
11762
11762
11755
11752
11757
11758
11758
11759
11759
11759
11765
11761
11761
11759
11754
11753
11753
11755
11755
11755
11755
11755
11756
11752
11753
11753
11753
11747
11748
11748
11747
11745
11745
11746
11746
11748
11748
11741
11740
11740
11740
11739
11739
11739
11739
11738
11738
11739
11736
11734
11732
11732
11731
11731
11727
11727
11727
11727
11727
11727
11727
11723
11723
11720
11718
11722
11722
11720
11724
11725
11725
11725
11725
11723
11727
11727
11726
11726
11726
11724
11724
11724
11722
11722
11720
11718
11719
11719
11718
11718
11718
11719
11719
11721
11721
11723
11722
11725
11725
11725
11732
11731
11731
11729
11729
11727
11727
11726
11725
11724
11723
11727
11727
11726
11731
11731
11732
11731
11732
11733
11735
11735
11740
11739
11737
11741
11742
11737
11737
11737
11737
11739
11740
11740
11740
11738
11739
11739
11738
11739
11736
11736
11734
11734
11730
11730
11734
11738
11737
11741
11741
11738
11736
11734
11736
11737
11737
11739
11740
11740
11739
11740
11736
11736
11741
11741
11744
11740
11739
11737
11735
11736
11735
11736
11737
11742
11742
11739
11739
11739
11735
11735
11735
11733
11733
11733
11733
11733
11730
11730
11731
11727
11727
11729
11729
11735
11735
11737
11739
11740
11738
11739
11745
11742
11743
11741
11740
11742
11741
11742
11745
11745
11740
11740
11741
11741
11739
11737
11737
11737
11734
11735
11735
11740
11738
11737
11739
11740
11738
11739
11737
11737
11737
11737
11739
11739
11738
11739
11739
11740
11742
11744
11744
11744
11743
11745
11745
11745
11746
11745
11745
11745
11746
11745
11745
11745
11745
11748
11748
11748
11748
11748
11748
11743
11743
11743
11744
11744
11744
11743
11743
11743
11743
11741
11740
11740
11739
11739
11737
11737
11737
11737
11738
11735
11735
11735
11737
11737
11737
11735
11733
11731
11731
11732
11734
11736
11736
11735
11734
11734
11734
11733
11733
11733
11732
11731
11730
11731
11729
11729
11731
11729
11728
11728
11729
11728
11728
11726
11724
11724
11725
11724
11725
11725
11725
11725
11725
11725
11721
11720
11718
11718
11718
11721
11719
11717
11718
11714
11716
11718
11723
11721
11721
11725
11726
11726
11724
11724
11724
11724
11725
11724
11724
11727
11727
11727
11726
11726
11726
11725
11727
11728
11726
11726
11726
11727
11727
11727
11727
11727
11728
11728
11728
11728
11728
11729
11728
11728
11728
11728
11728
11727
11728
11728
11728
11726
11726
11728
11729
11727
11730
11732
11734
11732
11733
11734
11734
11732
11730
11730
11729
11729
11727
11728
11728
11728
11727
11727
11726
11726
11727
11727
11726
11727
11729
11735
11732
11734
11735
11735
11731
11733
11733
11732
11732
11731
11735
11733
11736
11736
11734
11734
11734
11734
11729
11729
11728
11728
11730
11726
11729
11729
11729
11729
11729
11727
11726
11724
11724
11724
11723
11723
11723
11723
11720
11721
11722
11722
11722
11722
11722
11718
11717
11720
11720
11719
11719
11717
11716
11716
11716
11716
11716
11716
11714
11714
11715
11716
11716
11717
11717
11719
11715
11715
11716
11716
11713
11717
11722
11722
11722
11722
11722
11725
11725
11725
11728
11728
11727
11727
11727
11727
11728
11728
11727
11727
11727
11727
11725
11725
11723
11722
11724
11724
11724
11722
11722
11722
11724
11722
11723
11723
11720
11719
11721
11722
11722
11721
11721
11722
11722
11721
11721
11721
11720
11718
11715
11714
11720
11720
11720
11720
11717
11719
11720
11717
11721
11722
11718
11721
11719
11718
11719
11719
11719
11716
11720
11720
11722
11720
11719
11717
11719
11719
11719
11719
11721
11719
11718
11721
11727
11726
11726
11725
11727
11727
11724
11724
11722
11724
11724
11722
11722
11726
11726
11726
11726
11726
11729
11729
11729
11728
11729
11729
11728
11722
11720
11720
11720
11722
11721
11721
11725
11725
11725
11725
11726
11726
11726
11724
11725
11726
11726
11726
11726
11726
11727
11726
11726
11726
11726
11725
11724
11725
11726
11728
11730
11727
11727
11725
11723
11724
11724
11725
11725
11725
11724
11722
11721
11722
11722
11718
11721
11721
11721
11723
11725
11724
11724
11723
11720
11720
11720
11722
11716
11720
11718
11717
11717
11717
11720
11720
11720
11721
11722
11723
11723
11720
11720
11718
11717
11717
11717
11719
11720
11720
11725
11723
11725
11726
11726
11727
11727
11729
11729
11729
11728
11726
11726
11726
11728
11728
11726
11724
11724
11726
11726
11728
11728
11728
11725
11725
11723
11723
11725
11721
11720
11720
11720
11720
11719
11718
11720
11726
11726
11726
11726
11726
11723
11723
11722
11723
11725
11726
11726
11724
11724
11720
11720
11715
11715
11713
11713
11712
11713
11712
11712
11711
11711
11711
11711
11712
11714
11717
11721
11721
11720
11722
11722
11720
11721
11722
11720
11720
11720
11718
11718
11714
11718
11718
11716
11709
11709
11709
11705
11704
11704
11704
11704
11699
11699
11704
11704
11703
11703
11703
11704
11701
11699
11699
11701
11701
11702
11704
11703
11704
11703
11704
11704
11700
11700
11700
11696
11694
11694
11694
11696
11696
11696
11694
11696
11696
11696
11696
11696
11696
11695
11695
11695
11695
11695
11695
11693
11694
11696
11697
11697
11697
11697
11694
11692
11692
11690
11690
11690
11692
11687
11688
11688
11689
11689
11689
11691
11688
11690
11688
11687
11693
11693
11695
11698
11698
11699
11703
