11814
11814
11812
11816
11816
11816
11821
11822
11820
11819
11817
11817
11817
11817
11816
11816
11816
11815
11815
11815
11811
11813
11815
11815
11815
11816
11816
11816
11812
11811
11811
11807
11805
11801
11803
11802
11802
11802
11802
11802
11802
11804
11803
11802
11799
11793
11792
11795
11801
11801
11802
11802
11806
11806
11805
11805
11805
11805
11805
11810
11810
11810
11810
11810
11810
11810
11810
11806
11806
11808
11810
11810
11809
11807
11807
11807
11807
11809
11809
11810
11808
11809
11812
11812
11812
11814
11812
11812
11812
11812
11813
11813
11812
11813
11814
11814
11814
11812
11813
11813
11813
11812
11812
11812
11809
11811
11811
11811
11812
11811
11812
11812
11812
11812
11813
11815
11815
11813
11811
11811
11810
11812
11813
11815
11815
11815
11815
11815
11815
11816
11818
11818
11820
11821
11821
11821
11821
11820
11820
11820
11820
11820
11820
11820
11822
11821
11821
11821
11821
11821
11820
11821
11825
11824
11824
11825
11825
11826
11825
11825
11824
11825
11831
11831
11838
11839
11839
11838
11837
11838
11838
11838
11840
11840
11841
11841
11841
11841
11842
11841
11836
11839
11841
11838
11835
11835
11836
11836
11836
11837
11836
11837
11837
11839
11839
11839
11839
11839
11839
11839
11839
11839
11837
11835
11835
11836
11836
11836
11836
11836
11836
11836
11836
11838
11838
11835
11838
11838
11835
11835
11835
11835
11842
11842
11845
11846
11844
11846
11848
11849
11848
11846
11846
11845
11847
11849
11849
11849
11849
11851
11849
11850
11850
11850
11852
11852
11851
11853
11856
11863
11862
11861
11859
11859
11854
11854
11849
11849
11847
11849
11849
11849
11848
11846
11846
11846
11845
11849
11847
11849
11842
11842
11843
11838
11838
11838
11841
11839
11839
11839
11841
11841
11841
11843
11843
11843
11843
11843
11843
11843
11842
11841
11841
11838
11838
11835
11835
11833
11833
11836
11836
11836
11836
11843
11841
11839
11839
11841
11840
11842
11842
11840
11840
11839
11839
11839
11838
11841
11842
11842
11841
11841
11843
11842
11840
11837
11835
11837
11840
11841
11841
11841
11841
11841
11840
11840
11842
11843
11843
11841
11839
11839
11839
11839
11837
11837
11837
11836
11836
11837
11839
11836
11837
11837
11833
11837
11838
11837
11837
11837
11837
11837
11840
11840
11841
11837
11831
11831
11834
11832
11833
11830
11831
11831
11831
11831
11831
11829
11829
11829
11831
11831
11832
11832
11832
11832
11833
11834
11836
11833
11833
11833
11832
11835
11835
11835
11837
11837
11837
11837
11836
11834
11835
11835
11839
11839
11832
11832
11833
11833
11834
11832
11829
11829
11828
11830
11831
11829
11829
11829
11829
11826
11830
11827
11827
11827
11827
11828
11827
11827
11824
11824
11824
11823
11821
11821
11823
11823
11822
11823
11823
11823
11825
11825
11828
11829
11835
11835
11835
11834
11836
11838
11838
11838
11838
11838
11838
11839
11833
11835
11835
11835
11835
11836
11836
11836
11838
11837
11835
11840
11840
11842
11838
11838
11835
11835
11834
11831
11830
11830
11830
11830
11830
11830
11830
11830
11830
11827
11827
11827
11827
11827
11828
11827
11830
11831
11831
11831
11831
11831
11833
11829
11829
11826
11826
11824
11824
11824
11824
11824
11824
11820
11824
11826
11828
11832
11832
11831
11831
11828
11827
11826
11827
11829
11829
11827
11826
11824
11821
11823
11823
11823
11823
11821
11821
11821
11820
11820
11816
11815
11815
11820
11818
11815
11815
11815
11815
11816
11816
11816
11816
11820
11820
11821
11823
11823
11823
11823
11823
11824
11825
11828
11828
11827
11828
11826
11829
11833
11836
11834
11834
11834
11831
11830
11832
11834
11832
11834
11834
11837
11838
11835
11834
11834
11834
11833
11836
11836
11834
11834
11833
11827
11827
11827
11827
11829
11830
11830
11830
11830
11829
11829
11828
11832
11832
11836
11836
11834
11831
11831
11832
11829
11829
11827
11829
11828
11828
11830
11828
11828
11830
11829
11828
11828
11826
11826
11824
11824
11824
11821
11821
11818
11817
11817
11817
11821
11822
11819
11819
11819
11819
11818
11820
11820
11818
11818
11818
11818
11816
11817
11818
11818
11817
11818
11820
11822
11821
11817
11817
11815
11817
11815
11810
11810
11810
11812
11814
11812
11812
11812
11810
11810
11811
11810
11808
11806
11806
11806
11807
11809
11809
11811
11812
11812
11812
11813
11810
11812
11812
11812
11810
11809
11809
11808
11808
11816
11812
11812
11814
11815
11815
11814
11813
11813
11814
11814
11814
11817
11817
11817
11817
11818
11818
11817
11817
11816
11816
11819
11819
11819
11817
11817
11815
11813
11812
11812
11813
11814
11814
11814
11816
11816
11816
11815
11810
11811
11813
11813
11813
11813
11813
11814
11813
11815
11814
11812
11812
11812
11810
11810
11810
11806
11810
11810
11810
11808
11808
11808
11811
11809
11809
11809
11810
11810
11808
11808
11808
11808
11806
11804
11804
11804
11801
11802
11808
11810
11814
11816
11812
11814
11814
11809
11807
11804
11805
11806
11806
11806
11806
11811
11810
11809
11809
11809
11803
11803
11803
11805
11805
11805
11805
11804
11804
11802
11804
11804
11802
11803
11803
11805
11805
11805
11802
11804
11801
11799
11802
11799
11799
11799
11800
11796
11796
11797
11797
11801
11799
11801
11800
11800
11801
11799
11799
11799
11799
11800
11801
11800
11801
11801
11801
11801
11801
11804
11802
11802
11802
11802
11803
11806
11805
11804
11808
11808
11810
11810
11810
11810
11811
11810
11810
11813
11813
11817
11817
11814
11814
11811
11811
11810
11809
11807
11809
11808
11809
11809
11809
11809
11811
11815
11815
11815
11814
11814
11816
11816
11813
11813
11813
11813
11813
11815
11817
11817
11817
11815
11816
11815
11817
11817
11819
11822
11822
11818
11818
11818
11818
11818
11817
11818
11818
11818
11818
11817
11817
11818
11818
11818
11818
11823
11823
11816
11816
11818
11819
11820
11820
11819
11819
11819
11819
11816
11816
11818
11819
11819
11817
11816
11815
11814
11814
11814
11814
11816
11816
11817
11815
11815
11812
11812
11812
11811
11813
11813
11811
11811
11811
11807
11807
11810
11810
11809
11808
11810
11810
11809
11809
11809
11809
11814
11818
11816
11813
11812
11814
11812
11811
11811
11811
11814
11816
11816
11816
11816
11817
11820
11818
11818
11818
11819
11817
11812
11813
11815
11815
11815
11814
11815
11815
11817
11819
11819
11812
11812
11814
11817
11822
11828
11828
11827
11827
11825
11825
11825
11826
11828
11822
11821
11821
11821
11821
11821
11821
11822
11813
11814
11816
11816
11816
11816
11816
11813
11815
11815
11813
11815
11817
11817
11823
11819
11820
11820
11821
11821
11819
11822
11826
11826
11826
11826
11824
11821
11819
11816
11815
11813
11812
11812
11812
11812
11812
11812
11816
11816
11818
11817
11819
11819
11819
11819
11824
11824
11826
11828
11826
11829
11829
11828
11825
11825
11825
11828
11828
11828
11830
11828
11828
11826
11826
11826
11826
11826
11823
11822
11824
11822
11822
11821
11821
11821
11816
11816
11816
11814
11813
11813
11811
11811
11809
11809
11810
11808
11807
11804
11804
11804
11805
11805
11804
11806
11805
11807
11807
11807
11804
11804
11808
11808
11808
11807
11807
11807
11806
11804
11806
11806
11805
11805
11805
11805
11804
11801
11802
11801
11802
11804
11804
11804
11804
11806
11806
11806
11804
11804
11805
11802
11799
11798
11800
11800
11800
11801
11801
11801
11791
11791
11792
11792
11792
11790
11788
11785
11787
11786
11787
11787
11785
11785
11783
11783
11783
11783
11784
11785
11785
11785
11785
11785
11786
11783
11783
11784
11781
11781
11781
11781
11782
11782
11783
11783
11781
11783
11784
11784
11784
11783
11785
11785
11784
11782
11781
11783
11783
11781
11781
11780
11780
11780
11780
11780
11780
11775
11776
11772
11772
11776
11776
11771
11771
11775
11772
11772
11772
11772
11774
11773
11769
11767
11768
11768
11770
11770
11770
11769
11770
11770
11770
11772
11772
11772
11771
11771
11771
11771
11771
11774
11774
11774
11774
11772
11772
11772
11772
11768
11772
11772
11767
11767
11769
11773
11773
11777
11777
11777
11777
11777
11776
11775
11776
11775
11776
11775
11775
11771
11770
11770
11772
11774
11778
11778
11782
11782
11782
11783
11783
11787
11787
11787
11787
11787
11787
11787
11790
11790
11790
11790
11793
11793
11796
11796
11797
11797
11798
11802
11802
11800
11800
11800
11800
11800
11800
11800
11800
11800
11800
11800
11798
11800
11800
11803
11805
11805
11805
11808
11808
11808
11808
11808
11809
11811
11811
11811
11811
11811
11811
11811
11813
11814
11818
11821
11821
11821
11821
11822
11823
11821
11821
11823
11822
11820
11819
11819
11818
11819
11819
11819
11819
11821
11820
11820
11820
11819
11819
11820
11820
11819
11819
11821
11821
11821
11821
11821
11822
11821
11821
11820
11820
11817
11817
11821
11822
11821
11821
11821
11818
11818
11822
11825
11822
11821
11821
11821
11820
11820
11820
11823
11823
11821
11821
11822
11822
11822
11821
11821
11821
11823
11823
11823
11824
11830
11830
11830
11829
11830
11831
11833
11835
11835
11835
11836
11832
11834
11834
11834
11834
11831
11834
11835
11835
11833
11833
11828
11828
11828
11820
11820
11820
11822
11822
11823
11823
11829
11827
11827
11822
11822
11822
11820
11820
11819
11820
11820
11821
11821
11821
11821
11821
11823
11823
11821
11821
11821
11821
11822
11822
11822
11821
11822
11820
11820
11824
11824
11824
11827
11827
11828
11830
11831
11831
11833
11832
11830
11830
11827
11827
11827
11827
11827
11827
11829
11829
11829
11829
11827
11827
11827
11826
11827
11827
11830
11830
11825
11825
11825
11826
11827
11827
11824
11823
11824
11824
11824
11821
11821
11821
11820
11820
11822
11822
11822
11824
11824
11824
11824
11826
11826
11826
11826
11825
11825
11826
11830
11828
11824
11824
11824
11824
11822
11823
11819
11819
11819
11820
11820
11818
11820
11822
11824
11825
11825
11827
11826
11830
11832
11830
11830
11830
11831
11831
11830
11827
11826
11826
11822
11821
11821
11821
11824
11826
11826
11822
11822
11820
11820
11820
11818
11816
11820
11818
11816
11816
11816
11816
11816
11816
11816
11816
11816
11816
11813
11812
11809
11812
11813
11810
11810
11811
11813
11814
11812
11812
11812
11812
11810
11810
11810
11810
11810
11810
11810
11805
11803
11803
11800
11799
11800
11800
11800
11800
11804
11804
11805
11805
11805
11810
11812
11812
11812
11813
11813
11813
11813
11813
11810
11812
11814
11811
11813
11817
11821
11821
11821
11821
11819
11821
11821
11821
11821
11817
11817
11815
11815
11815
11812
11814
11813
11812
11812
11812
11811
11814
11814
11812
11812
11812
11809
11811
11810
11813
11811
11811
11814
11816
11816
11816
11815
11817
11819
11819
11827
11827
11830
11829
11828
11828
11830
11830
11830
11828
11830
11830
11829
11829
11829
11829
11829
11829
11830
11827
11829
11829
11829
11831
11829
11826
11823
11821
11822
11822
11822
11822
11823
11822
11824
11826
11826
11828
11828
11828
11828
11830
11830
11830
11834
11829
11829
11828
11829
11829
11830
11826
11826
11826
11830
11830
11830
11830
11832
11830
11830
11830
11829
11833
11829
11829
11830
11828
11828
11828
11826
11827
11819
11818
11818
11820
11820
11819
11822
11825
11828
11828
11828
11827
11827
11829
11828
11828
11833
11834
11835
11835
11832
11833
11833
11833
11835
11837
11835
11833
11835
11836
11836
11836
11838
11843
11843
11843
11847
11847
11845
11847
11847
11846
11851
11851
11852
11851
11851
11851
11853
11853
11853
11854
11856
11856
11858
11860
11860
11863
11861
11861
11862
11862
11863
11865
11862
11862
11862
11862
11862
11862
11862
11858
11857
11858
11861
11861
11860
11859
11859
11863
11860
11857
11857
11859
11857
11857
11859
11858
11857
11854
11854
11854
11852
11852
11852
11852
11854
11855
11855
11855
11855
11855
11853
11855
11859
11858
11859
11858
11861
11862
11862
11864
11863
11863
11863
11862
11864
11859
11859
11859
11861
11861
11859
11859
11861
11863
11861
11868
11869
11869
11868
11868
11868
11869
11870
11870
11870
11870
11870
11883
11884
11886
11886
11887
11888
11889
11889
11889
11889
11889
11888
11888
11891
11892
11892
11894
11891
11891
11893
11893
11891
11889
11889
11889
11891
11887
11887
11886
11886
11886
11888
11888
11888
11888
11888
11888
11888
11888
11886
11886
11885
11884
11888
11888
11888
11888
11888
11888
11889
11885
11877
11879
11881
11882
11881
11879
11878
11878
11876
11876
11876
11875
11877
11878
11882
11882
11882
11879
11878
11878
11878
11876
11876
11876
11876
11876
11874
11874
11874
11874
11874
11875
11875
11877
11879
11879
11879
11879
11880
11880
11881
11881
11881
11883
11883
11882
11882
11882
11882
11882
11880
11880
11880
11880
11877
11878
11880
11880
11880
11880
11880
11881
11881
11881
11880
11880
11882
11882
11882
11885
11885
11885
11887
11887
11885
11881
11879
11879
11879
11883
11886
11886
11886
11884
11883
11884
11884
11889
11889
11889
11897
11897
11897
11899
11901
11901
11900
11900
11900
11899
11899
11899
11903
11903
11903
11903
11905
11903
11903
11907
11906
11904
11904
11905
11905
11905
11909
11909
11907
11901
11901
11903
11903
11904
11903
11903
11903
11903
11902
11902
11907
11911
11910
11912
11912
11912
11909
11907
11906
11907
11907
11911
11911
11912
11912
11912
11912
11912
11910
11910
11911
11911
11910
11914
11912
11913
11917
11919
11918
11920
11920
11916
11912
11910
11910
11910
11910
11910
11907
11907
11905
11905
11907
11911
11909
11908
11908
11908
11906
11908
11908
11906
11904
11904
11904
11904
11905
11905
11905
11904
11903
11904
11904
11898
11890
11882
11882
11882
11882
11882
11882
11882
11882
11882
11882
11882
11884
11884
11885
11887
11886
11888
11888
11884
11883
11883
11885
11885
11886
11886
11886
11886
11883
11884
11886
11883
11885
11884
11883
11883
11883
11883
11883
11884
11886
11882
11883
11883
11880
11879
11878
11877
11877
11877
11877
11875
11872
11874
11870
11872
11869
11867
11868
11867
11866
11867
11867
11867
11867
11867
11867
11860
11860
11857
11856
11858
11858
11859
11861
11861
11863
11863
11863
11863
11863
11861
11859
11859
11850
11850
11851
11853
11850
11849
11849
11849
11847
11847
11847
11850
11850
11852
11852
11852
11853
11851
11851
11847
11847
11847
11847
11847
11845
11846
11848
11848
11848
11852
11851
11851
11851
11851
11851
11851
11851
11856
11852
11854
11854
11854
11851
11851
11851
11850
11852
11854
11854
11855
11853
11853
11852
11851
11851
11855
11855
11855
11855
11857
11857
11857
11857
11855
11854
11854
11856
11856
11856
11856
11856
11857
11857
11862
11861
11863
11863
11865
11870
11870
11870
11873
11873
11873
11873
11873
11873
11871
11871
11871
11872
11872
11872
11873
11871
11870
11870
11870
11868
11868
11868
11867
11866
11866
11866
11864
11864
11864
11864
11869
11869
11869
11871
11871
11872
11872
11868
11868
11866
11867
11867
11867
11867
11867
11867
11866
11865
11866
11868
11868
11868
11869
11869
11868
11867
11867
11867
11865
11864
11864
11864
11862
11861
11862
11864
11866
11866
11864
11864
11862
11863
11860
11860
11860
11860
11860
11860
11851
11851
11851
11855
11855
11853
11851
11851
11849
11849
11849
11849
11849
11851
11853
11854
11854
11854
11853
11852
11852
11852
11851
11851
11847
11848
11848
11855
11854
11851
11857
11855
11855
11855
11856
11856
11853
11855
11853
11854
11851
11851
11848
11848
11852
11848
11846
11846
11848
11848
11848
11850
11850
11852
11850
11850
11849
11846
11846
11846
11846
11846
11846
11846
11846
11844
11846
11845
11847
11846
11846
11846
11846
11846
11848
11846
11845
11845
11849
11849
11849
11848
11848
11849
11849
11849
11849
11851
11851
11849
11844
11842
11844
11846
11845
11845
11845
11844
11844
11846
11847
11845
11845
11845
11845
11846
11846
11844
11844
11844
11842
11839
11839
11838
11838
11838
11839
11839
11837
11837
11837
11837
11837
11840
11840
11843
11843
11843
11840
11841
11842
11843
11841
11842
11842
11842
11842
11842
11841
11841
11841
11840
11840
11840
11842
11845
11845
11842
11842
11842
11841
11839
11839
11840
11840
11839
11838
11836
11836
11833
11833
11833
11831
11827
11828
11827
11826
11826
11826
11826
11821
11821
11821
11821
11820
11819
11820
11818
11818
11818
11821
11821
11820
11819
11821
11819
11819
11815
11812
11812
11812
11814
11808
11805
11806
11806
11805
11805
11805
11805
11805
11805
11805
11804
11805
11801
11801
11797
11797
11797
11797
11797
11797
11797
11795
11795
11789
11789
11789
11792
11792
11792
11792
11792
11794
11794
11794
11788
11788
11788
11787
11790
11788
11788
11791
11791
11791
11793
11793
11794
11794
11793
11793
11791
11790
11790
11790
11792
11792
11792
11792
11795
11785
11785
11785
11785
11786
11786
11787
11787
11787
11786
11786
11794
11792
11792
11792
11792
11794
11794
11799
11797
11799
11799
11812
11811
11811
11808
11808
11808
11809
11809
11808
11806
11810
11810
11810
11810
11810
11808
11805
11802
11797
11791
11793
11793
11793
11794
11802
11804
11802
11800
11802
11802
11800
11799
11799
11801
11802
11801
11801
11801
11801
11800
11800
11802
11802
11803
11804
11804
11806
11806
11806
11804
11804
11802
11800
11801
11801
11806
11807
11802
11804
11804
11808
11806
11805
11805
11805
11805
11805
11803
11800
11800
11799
11799
11801
11801
11801
11800
11800
11800
11800
11800
11800
11800
11798
11798
11797
11796
11801
11801
11802
11799
11796
11795
11799
11800
11800
11801
11801
11802
11801
11801
11801
11801
11798
11798
11797
11797
11799
11799
11800
11803
11803
11803
11803
11806
11806
11808
11809
11809
11809
11814
11808
11812
11814
11814
11815
11815
11810
11812
11817
11818
11818
11818
11818
11818
11817
11817
11815
11813
11815
11812
11812
11807
11807
11815
11815
11812
11812
11811
11809
11809
11809
11809
11807
11806
11806
11816
11812
11815
11815
11814
11814
11818
11814
11814
11813
11811
11811
11812
11812
11811
11811
11811
11811
11811
11811
11809
11799
11801
11801
11800
11800
11798
11798
11799
11798
11798
11800
11796
11797
11797
11797
11795
11795
11795
11795
11797
11796
11796
11798
11798
11798
11798
11798
11796
11797
11798
11798
11796
11794
11796
11798
11797
11802
11804
11806
11806
11806
11808
11807
11811
11811
11809
11809
11807
11809
11809
11811
11810
11808
11812
11810
11809
11809
11809
11811
11810
11810
11810
11810
11810
11812
11808
11808
11806
11806
11806
11802
11802
11803
11803
11803
11804
11804
11804
11804
11804
11804
11804
11808
11807
11808
11809
11809
11809
11807
11805
11803
11803
11802
11804
11804
11804
11803
11803
11802
11802
11800
11800
11801
11801
11801
11803
11804
11808
11810
11809
11809
11815
11815
11817
11816
11815
11813
11812
11816
11814
11814
11814
11813
11813
11808
11808
11806
11808
11810
11808
11806
11809
11811
11809
11811
11813
11811
11811
11811
11810
11810
11812
11812
11811
11809
11812
11811
11813
11818
11811
11811
11812
11812
11813
11811
11812
11812
11814
11814
11814
11815
11815
11816
11816
11816
11816
11816
11817
11821
11824
11830
11830
11833
11831
11831
11828
11827
11827
11828
11827
11825
11819
11818
11821
11821
11819
11819
11818
11818
11815
11812
11807
11807
11806
11806
11806
11806
11806
11806
11807
11810
11810
11809
11812
11811
11811
11811
11814
11814
11815
11817
11816
11816
11816
11814
11813
11813
11813
11815
11817
11819
11821
11820
11820
11819
11818
11818
11819
11819
11819
11819
11819
11819
11819
11818
11817
11817
11819
11820
11820
11825
11826
11826
11824
11830
11830
11834
11838
11838
11840
11840
11840
11840
11845
11847
11847
11847
11848
11848
11847
11845
11845
11845
11845
11845
11842
11842
11841
11841
11843
11839
11839
11839
11839
11839
11839
11839
11839
11841
11843
11847
11847
11845
11847
11847
11847
11847
11847
11850
11853
11857
11858
11858
11858
11859
11859
11859
11861
11860
11858
11857
11854
11854
11857
11856
11856
11856
11853
11853
11855
11857
11857
11856
11854
11856
11856
11863
11863
11862
11860
11863
11862
11862
11863
11863
11861
11862
11864
11859
11857
11858
11858
11858
11858
11858
11858
11858
11858
11856
11862
11864
11863
11863
11863
11862
11860
11860
11858
11859
11860
11860
11857
11859
11859
11859
11860
11862
11863
11870
11870
11868
11868
11865
11859
11859
11857
11859
11860
11860
11860
11859
11859
11859
11859
11861
11861
11861
11859
11863
11852
11851
11851
11853
11854
11852
11852
11852
11852
11852
11852
11851
11850
11851
11848
11848
11848
11848
11846
11846
11847
11847
11847
11847
11847
11847
11848
11848
11848
11848
11848
11847
11845
11845
11845
11845
11844
11847
11847
11846
11846
11845
11845
11845
11845
11843
11843
11843
11845
11845
11845
11845
11847
11846
11846
11844
11844
11844
11844
11844
11844
11844
11844
11844
11844
11846
11846
11847
11847
11848
11846
11846
11846
11847
11847
11842
11842
11843
11843
11849
11847
11847
11847
11852
11852
11852
11852
11852
11855
11855
11855
11855
11855
11855
11857
11857
11857
11859
11859
11859
11859
11855
11856
11858
11860
11860
11859
11859
11859
11859
11861
11859
11861
11862
11862
11862
11864
11864
11868
11868
11869
11869
11869
11869
11866
11866
11866
11864
11862
11861
11863
11863
11867
11867
11867
11868
11868
11868
11868
11870
11871
11871
11871
11871
11871
11870
11870
11870
11870
11871
11869
11869
11868
11867
11865
11864
11864
11862
11862
11860
11860
11862
11862
11860
11860
11860
11860
11860
11862
11862
11862
11861
11859
11857
11857
11857
11856
11854
11852
11851
11853
11853
11860
11860
11860
11858
11862
11862
11862
11862
11866
11866
11866
11866
11866
11864
11866
11864
11867
11867
11867
11866
11867
11867
11866
11866
11866
