11847
11847
11847
11847
11847
11847
11847
11848
11847
11847
11847
11843
11844
11848
11848
11848
11850
11854
11854
11853
11851
11851
11851
11850
11850
11850
11852
11853
11849
11847
11851
11857
11850
11854
11852
11852
11854
11854
11856
11856
11856
11855
11853
11852
11852
11852
11852
11852
11852
11852
11852
11852
11853
11855
11856
11856
11856
11857
11854
11854
11856
11856
11856
11855
11857
11857
11858
11858
11861
11864
11863
11865
11865
11867
11867
11867
11867
11866
11868
11868
11870
11870
11870
11870
11870
11870
11869
11868
11869
11870
11872
11873
11873
11873
11874
11877
11877
11880
11880
11880
11880
11879
11880
11880
11877
11870
11868
11872
11872
11872
11874
11874
11875
11875
11875
11875
11875
11876
11876
11883
11885
11885
11885
11886
11886
11887
11885
11884
11887
11885
11889
11883
11882
11881
11881
11882
11882
11882
11880
11884
11884
11884
11883
11884
11884
11884
11884
11875
11876
11871
11872
11872
11874
11874
11871
11873
11872
11872
11872
11870
11870
11874
11874
11874
11874
11874
11874
11874
11874
11880
11880
11885
11884
11884
11884
11884
11884
11884
11885
11891
11887
11887
11887
11889
11887
11890
11890
11891
11891
11892
11892
11892
11894
11894
11893
11893
11893
11896
11901
11899
11899
11896
11895
11895
11895
11891
11892
11897
11897
11897
11900
11900
11900
11900
11900
11898
11899
11896
11896
11896
11893
11893
11893
11893
11893
11891
11893
11893
11893
11897
11901
11900
11904
11904
11904
11899
11898
11897
11899
11899
11899
11899
11897
11898
11898
11896
11894
11893
11895
11895
11893
11893
11893
11893
11894
11894
11894
11893
11893
11894
11892
11891
11891
11891
11891
11891
11891
11891
11891
11891
11894
11895
11894
11895
11895
11895
11895
11894
11896
11897
11897
11895
11893
11896
11890
11891
11890
11886
11886
11885
11885
11885
11884
11884
11882
11875
11875
11874
11874
11874
11874
11878
11874
11872
11872
11874
11873
11874
11875
11876
11874
11874
11874
11874
11876
11876
11872
11872
11875
11875
11873
11875
11875
11875
11878
11880
11872
11872
11872
11872
11872
11872
11872
11872
11871
11870
11868
11874
11874
11876
11870
11867
11869
11869
11871
11871
11874
11876
11873
11873
11872
11871
11871
11873
11873
11873
11868
11868
11868
11868
11867
11867
11867
11869
11871
11874
11874
11874
11874
11869
11867
11870
11872
11872
11873
11873
11869
11869
11869
11870
11870
11869
11872
11873
11871
11871
11871
11878
11878
11878
11878
11878
11876
11874
11874
11872
11873
11873
11871
11871
11871
11869
11867
11865
11865
11865
11865
11865
11865
11865
11865
11867
11867
11865
11868
11868
11865
11867
11869
11868
11868
11868
11865
11863
11861
11858
11858
11857
11857
11859
11860
11861
11861
11858
11855
11855
11853
11853
11854
11853
11852
11849
11849
11850
11849
11850
11851
11851
11850
11849
11849
11849
11848
11845
11845
11849
11849
11849
11849
11846
11848
11848
11847
11847
11847
11847
11846
11846
11847
11847
11847
11847
11847
11849
11847
11844
11844
11844
11845
11847
11845
11845
11845
11845
11844
11844
11843
11843
11843
11844
11846
11846
11848
11848
11848
11848
11848
11849
11849
11851
11851
11850
11850
11850
11850
11850
11849
11847
11843
11845
11845
11845
11845
11845
11845
11848
11847
11850
11850
11850
11844
11848
11849
11849
11848
11849
11849
11849
11849
11849
11852
11852
11852
11854
11856
11855
11851
11851
11853
11853
11853
11849
11847
11849
11848
11852
11853
11859
11860
11859
11859
11862
11862
11862
11862
11859
11860
11860
11856
11857
11860
11860
11860
11860
11858
11856
11857
11857
11857
11857
11857
11857
11857
11857
11855
11855
11855
11853
11853
11850
11849
11849
11845
11843
11843
11843
11841
11842
11840
11841
11841
11841
11840
11839
11847
11846
11846
11846
11844
11844
11844
11840
11840
11835
11833
11834
11838
11838
11837
11839
11839
11839
11839
11839
11840
11842
11842
11842
11837
11839
11835
11835
11839
11843
11843
11842
11841
11843
11843
11843
11844
11845
11845
11845
11845
11845
11849
11850
11849
11849
11851
11853
11855
11855
11857
11857
11857
11856
11856
11854
11854
11854
11855
11856
11854
11855
11854
11855
11855
11850
11850
11850
11847
11845
11847
11846
11846
11849
11850
11849
11851
11851
11852
11854
11854
11854
11854
11854
11854
11854
11852
11852
11852
11852
11851
11846
11846
11846
11844
11844
11845
11844
11845
11845
11847
11846
11846
11846
11847
11847
11847
11849
11849
11852
11851
11851
11851
11851
11851
11851
11851
11851
11851
11851
11849
11850
11850
11852
11855
11855
11854
11855
11856
11853
11853
11853
11852
11854
11854
11854
11856
11856
11856
11856
11856
11856
11848
11847
11846
11847
11850
11851
11851
11854
11852
11852
11855
11853
11855
11865
11865
11864
11864
11864
11864
11864
11862
11862
11862
11864
11863
11862
11865
11865
11867
11865
11865
11865
11870
11873
11873
11875
11878
11878
11878
11874
11874
11873
11873
11876
11877
11879
11877
11877
11877
11874
11873
11875
11871
11868
11871
11870
11870
11869
11871
11874
11874
11874
11874
11874
11874
11872
11870
11862
11861
11860
11860
11860
11862
11862
11861
11861
11861
11858
11858
11862
11862
11862
11864
11860
11860
11862
11862
11861
11862
11864
11862
11858
11858
11861
11859
11859
11859
11859
11861
11861
11861
11861
11860
11860
11860
11858
11858
11858
11858
11858
11857
11857
11857
11856
11856
11857
11859
11862
11864
11868
11868
11872
11877
11878
11876
11876
11877
11876
11876
11876
11878
11876
11880
11881
11878
11880
11880
11881
11881
11881
11880
11879
11875
11875
11875
11879
11875
11872
11871
11872
11875
11875
11875
11875
11874
11874
11874
11877
11877
11877
11875
11878
11879
11879
11879
11879
11878
11877
11875
11875
11874
11875
11874
11874
11874
11874
11872
11871
11870
11870
11870
11871
11871
11871
11871
11870
11870
11872
11872
11869
11869
11866
11866
11867
11867
11867
11865
11864
11864
11866
11866
11865
11865
11865
11864
11862
11857
11857
11857
11857
11850
11850
11848
11850
11850
11854
11854
11851
11851
11852
11855
11854
11854
11853
11852
11854
11854
11854
11853
11853
11854
11855
11855
11854
11855
11853
11851
11853
11853
11853
11853
11852
11852
11853
11854
11854
11856
11855
11855
11857
11857
11855
11855
11859
11860
11860
11860
11859
11859
11858
11858
11858
11857
11857
11853
11853
11859
11859
11859
11856
11856
11854
11854
11856
11856
11856
11857
11857
11855
11855
11853
11853
11853
11853
11855
11855
11855
11858
11859
11860
11860
11860
11860
11860
11859
11856
11855
11857
11853
11853
11853
11853
11854
11854
11852
11853
11851
11851
11850
11852
11852
11851
11851
11848
11846
11846
11846
11846
11845
11843
11846
11846
11854
11852
11852
11850
11852
11850
11854
11852
11851
11848
11848
11847
11847
11846
11845
11844
11842
11841
11840
11840
11843
11843
11843
11843
11840
11839
11834
11836
11836
11836
11836
11836
11841
11841
11841
11843
11843
11841
11845
11845
11845
11845
11845
11845
11846
11845
11846
11849
11849
11848
11848
11844
11842
11843
11843
11843
11843
11841
11841
11839
11839
11839
11839
11839
11843
11843
11841
11842
11842
11842
11844
11841
11841
11841
11840
11838
11838
11843
11844
11844
11844
11844
11844
11845
11841
11842
11839
11839
11837
11837
11837
11837
11836
11837
11837
11837
11837
11840
11841
11840
11840
11841
11840
11840
11842
11840
11841
11841
11842
11843
11844
11844
11840
11837
11835
11837
11837
11836
11836
11836
11838
11838
11839
11841
11838
11836
11838
11838
11838
11837
11835
11833
11834
11834
11835
11835
11835
11837
11839
11839
11839
11839
11839
11838
11838
11838
11837
11838
11837
11837
11837
11835
11835
11836
11835
11837
11837
11839
11839
11839
11839
11841
11841
11840
11840
11839
11836
11837
11837
11837
11840
11842
11842
11841
11841
11841
11840
11834
11836
11836
11835
11836
11835
11833
11833
11833
11833
11834
11833
11832
11832
11832
11836
11836
11836
11832
11836
11838
11840
11840
11842
11842
11842
11842
11842
11850
11850
11850
11850
11849
11849
11846
11847
11847
11847
11847
11848
11849
11849
11849
11850
11849
11849
11847
11845
11851
11850
11850
11850
11847
11847
11847
11847
11845
11845
11845
11845
11845
11848
11852
11852
11852
11854
11850
11850
11852
11852
11847
11846
11846
11844
11842
11842
11844
11845
11845
11844
11844
11845
11847
11848
11848
11848
11848
11848
11844
11844
11842
11842
11842
11842
11843
11843
11844
11843
11842
11844
11841
11841
11841
11847
11845
11845
11843
11843
11841
11842
11845
11845
11843
11844
11842
11842
11841
11841
11840
11840
11838
11838
11840
11839
11838
11838
11838
11838
11838
11838
11840
11840
11840
11830
11827
11826
11829
11829
11829
11829
11827
11829
11829
11831
11831
11831
11831
11830
11831
11826
11826
11823
11822
11821
11820
11825
11825
11823
11823
11823
11823
11829
11827
11832
11830
11834
11837
11837
11837
11838
11840
11841
11841
11837
11834
11835
11832
11832
11833
11833
11829
11831
11831
11831
11831
11830
11829
11829
11830
11835
11836
11834
11834
11836
11836
11834
11836
11836
11835
11835
11835
11835
11838
11838
11838
11838
11838
11838
11834
11836
11836
11836
11836
11839
11839
11843
11843
11843
11844
11844
11844
11845
11845
11845
11847
11845
11846
11846
11846
11848
11847
11847
11849
11849
11848
11848
11847
11847
11847
11847
11847
11847
11847
11844
11845
11845
11847
11848
11850
11848
11847
11847
11851
11850
11851
11851
11851
11850
11850
11850
11851
11848
11847
11847
11848
11848
11848
11847
11846
11846
11847
11847
11847
11844
11842
11842
11837
11837
11837
11837
11837
11837
11837
11838
11838
11837
11836
11834
11836
11836
11836
11836
11836
11836
11839
11836
11837
11839
11837
11839
11839
11840
11839
11839
11839
11839
11835
11834
11834
11834
11834
11835
11837
11837
11836
11836
11840
11838
11838
11838
11838
11838
11840
11840
11840
11840
11838
11838
11839
11843
11843
11842
11842
11842
11844
11842
11845
11846
11844
11841
11837
11837
11837
11839
11839
11843
11845
11846
11840
11840
11841
11845
11845
11845
11847
11847
11847
11847
11845
11846
11847
11846
11846
11846
11846
11845
11842
11842
11843
11843
11843
11843
11843
11845
11846
11846
11846
11850
11850
11862
11862
11859
11862
11862
11860
11862
11860
11860
11860
11858
11857
11859
11859
11861
11861
11861
11860
11860
11860
11865
11865
11865
11865
11867
11868
11874
11872
11872
11872
11871
11874
11872
11872
11872
11871
11871
11870
11870
11867
11867
11867
11865
11865
11866
11863
11863
11862
11862
11869
11867
11866
11864
11863
11862
11863
11863
11863
11863
11863
11862
11864
11864
11865
11865
11862
11863
11862
11863
11866
11865
11865
11867
11866
11866
11866
11866
11866
11866
11866
11864
11868
11870
11870
11869
11869
11873
11874
11874
11874
11875
11872
11869
11873
11873
11875
11875
11877
11877
11876
11875
11875
11876
11876
11878
11878
11878
11878
11878
11880
11880
11880
11880
11881
11882
11882
11882
11881
11886
11886
11882
11880
11881
11883
11879
11879
11877
11877
11877
11879
11878
11878
11877
11875
11876
11877
11877
11879
11878
11880
11881
11880
11879
11879
11880
11880
11880
11882
11894
11894
11896
11896
11892
11895
11895
11895
11890
11891
11891
11891
11893
11896
11895
11896
11896
11893
11893
11888
11890
11892
11892
11891
11889
11892
11890
11886
11886
11886
11886
11886
11884
11883
11879
11879
11882
11886
11884
11881
11881
11880
11880
11886
11884
11885
11887
11887
11889
11889
11889
11891
11893
11893
11891
11889
11888
11886
11886
11887
11887
11887
11887
11887
11887
11887
11887
11885
11887
11886
11884
11884
11884
11884
11884
11886
11886
11885
11887
11886
11891
11891
11894
11898
11898
11898
11898
11898
11898
11898
11896
11897
11896
11893
11893
11893
11894
11896
11896
11894
11894
11896
11896
11896
11896
11896
11896
11895
11894
11894
11892
11892
11897
11897
11897
11897
11896
11898
11898
11898
11898
11900
11900
11900
11900
11900
11899
11901
11900
11899
11894
11894
11892
11892
11890
11886
11890
11887
11887
11890
11890
11888
11884
11883
11883
11884
11883
11882
11882
11880
11880
11881
11881
11879
11879
11879
11877
11877
11879
11881
11880
11876
11876
11875
11876
11878
11877
11878
11878
11882
11880
11881
11881
11879
11881
11880
11876
11875
11875
11875
11874
11870
11871
11875
11875
11873
11873
11871
11871
11870
11870
11862
11860
11860
11858
11859
11860
11860
11862
11863
11863
11863
11862
11862
11862
11860
11860
11860
11858
11859
11856
11856
11855
11855
11855
11852
11852
11852
11851
11851
11849
11848
11848
11849
11849
11849
11849
11849
11850
11849
11849
11851
11851
11849
11849
11849
11841
11839
11839
11839
11837
11833
11833
11833
11833
11835
11834
11838
11838
11837
11837
11838
11838
11836
11838
11837
11837
11835
11835
11835
11835
11833
11833
11835
11835
11837
11837
11835
11838
11839
11837
11836
11836
11835
11835
11838
11838
11838
11838
11838
11838
11840
11840
11840
11839
11839
11836
11836
11836
11836
11836
11836
11835
11836
11836
11830
11826
11826
11826
11825
11825
11827
11825
11825
11825
11826
11828
11829
11828
11829
11834
11834
11834
11836
11835
11830
11829
11829
11829
11829
11829
11829
11828
11825
11825
11825
11825
11826
11826
11826
11822
11822
11824
11824
11824
11824
11821
11821
11822
11823
11822
11822
11821
11819
11819
11819
11819
11819
11819
11819
11819
11820
11821
11821
11823
11823
11823
11825
11826
11826
11827
11826
11828
11824
11821
11821
11821
11819
11821
11817
11817
11815
11815
11812
11814
11812
11812
11813
11811
11809
11809
11809
11810
11810
11810
11810
11810
11810
11810
11808
11804
11804
11801
11801
11803
11802
11804
11806
11806
11809
11812
11812
11812
11812
11810
11812
11810
11810
11810
11810
11812
11812
11804
11803
11805
11805
11804
11804
11804
11806
11806
11802
11802
11802
11803
11803
11803
11803
11802
11803
11804
11804
11802
11804
11804
11804
11804
11806
11806
11806
11806
11807
11807
11806
11806
11806
11807
11808
11804
11804
11804
11804
11803
11804
11804
11800
11802
11802
11802
11802
11803
11803
11813
11813
11815
11815
11812
11812
11812
11807
11807
11807
11807
11807
11808
11811
11815
11815
11815
11818
11816
11817
11818
11818
11819
11815
11815
11815
11813
11813
11812
11808
11810
11811
11814
11814
11814
11813
11813
11813
11814
11813
11814
11814
11812
11812
11808
11810
11810
11811
11811
11811
11811
11811
11809
11809
11815
11816
11819
11819
11819
11819
11819
11818
11818
11816
11813
11818
11818
11818
11818
11818
11817
11817
11813
11813
11813
11813
11813
11813
11814
11813
11811
11811
11809
11809
11809
11809
11807
11807
11811
11811
11811
11812
11812
11810
11810
11810
11806
11812
11809
11809
11809
11806
11807
11807
11807
11805
11803
11803
11805
11805
11805
11805
11805
11814
11814
11814
11812
11812
11812
11813
11815
11815
11813
11815
11815
11815
11815
11815
11818
11822
11821
11821
11822
11822
11819
11821
11821
11817
11819
11824
11821
11821
11819
11816
11818
11819
11819
11822
11821
11817
11817
11817
11817
11814
11814
11815
11816
11816
11815
11815
11815
11815
11810
11810
11808
11808
11808
11808
11808
11810
11810
11810
11811
11811
11811
11811
11811
11813
11812
11813
11813
11814
11814
11814
11816
11817
11817
11817
11817
11819
11815
11811
11810
11808
11808
11808
11806
11807
11807
11807
11809
11804
11806
11806
11800
11800
11802
11803
11803
11803
11804
11804
11802
11802
11802
11802
11804
11805
11805
11805
11806
11806
11806
11803
11803
11805
11805
11805
11806
11803
11803
11804
11801
11801
11800
11800
11797
11796
11797
11797
11798
11798
11798
11796
11796
11796
11796
11804
11802
11802
11802
11802
11803
11807
11807
11803
11803
11803
11804
11804
11806
11801
11801
11800
11802
11802
11802
11802
11800
11800
11800
11798
11797
11797
11797
11797
11793
11792
11792
11794
11794
11801
11799
11799
11804
11796
11796
11796
11796
11796
11796
11796
11795
11796
11796
11798
11798
11798
11798
11798
11797
11798
11792
11788
11790
11789
11787
11788
11788
11788
11788
11787
11787
11785
11784
11781
11779
11778
11784
11781
11781
11781
11783
11784
11780
11780
11780
11780
11782
11780
11782
11783
11782
11782
11781
11781
11782
11779
11781
11783
11785
11786
11786
11785
11784
11784
11784
11784
11786
11784
11785
11790
11790
11791
11792
11794
11793
11794
11794
11792
11790
11791
11790
11791
11791
11791
11797
11799
11801
11801
11800
11802
11800
11798
11798
11798
11800
11801
11799
11799
11799
11797
11797
11797
11799
11800
11800
11800
11800
11798
11800
11800
11800
11798
11801
11801
11801
11801
11801
11798
11800
11799
11799
11797
11797
11799
11800
11800
11801
11801
11798
11795
11795
11793
11795
11793
11794
11794
11794
11794
11795
11794
11794
11794
11794
11794
11791
11793
11793
11793
11792
11792
11790
11790
11790
11790
11788
11788
11786
11786
11789
11788
11788
11788
11789
11792
11792
11794
11794
11794
11795
11795
11795
11797
11796
11796
11796
11797
11799
11799
11799
11800
11798
11791
11793
11793
11791
11791
11784
11784
11784
11784
11784
11784
11782
11778
11778
11778
11774
11774
11770
11770
11769
11765
11765
11769
11769
11769
11772
11771
11769
11771
11768
11767
11770
11768
11768
11771
11771
11771
11771
11771
11771
11771
11773
11773
11772
11772
11770
11770
11770
11769
11772
11772
11769
11770
11770
11769
11774
11773
11773
11774
11772
11772
11771
11771
11771
11772
11772
11771
11771
11771
11767
11763
11763
11763
11765
11769
11767
11764
11766
11763
11760
11761
11762
11762
11763
11762
11762
11760
11760
11765
11765
11765
11765
11765
11765
11765
11765
11765
11762
11759
11759
11759
11762
11762
11758
11759
11759
11757
11756
11757
11757
11757
11757
11757
11757
11759
11763
11764
11765
11765
11766
11765
11767
11768
11767
11758
11758
11758
11755
11757
11755
11755
11752
11749
11754
11755
11753
11751
11751
11754
11756
11756
11756
11756
11756
11757
11757
11757
11761
11756
11756
11755
11754
11754
11756
11757
11759
11760
11760
11762
11760
11761
11761
11761
11760
11760
11760
11760
11757
11756
11754
11754
11756
11756
11756
11754
11754
11752
11752
11754
11753
11750
11750
11752
11754
11756
11753
11749
11749
11747
11745
11745
11746
11746
11740
11740
11742
11739
11743
11744
11745
11751
11751
11751
11749
11751
11752
11752
11752
11752
11749
11746
11748
11748
11748
11750
11750
11755
11755
11755
11755
11757
11757
11757
11757
11757
11760
11760
11762
11762
11764
11765
11767
11765
11761
11759
11756
11757
11757
11757
11757
11757
11757
11755
11756
11759
11761
11761
11758
11758
11758
11756
11755
11757
11757
11757
11759
11762
11762
11763
11764
11764
11767
11768
11768
11768
11768
11768
11770
11772
11772
11769
11769
11770
11770
11769
11769
11768
11769
11768
11768
11770
11770
11770
11770
11770
11770
11768
11772
11772
11774
11774
11774
11773
11773
11773
11772
11772
11772
11774
11774
11774
11781
11781
11780
11780
11780
11781
11781
11781
11781
11783
11788
11788
11788
11787
11787
11787
11786
11788
11788
11789
11790
11789
11785
11785
11786
11786
11786
11784
11784
11784
11787
11785
11782
11782
11781
11782
11782
11783
11784
11783
11785
11787
11786
11784
11784
11784
11784
11783
11781
11781
11783
11783
11783
11782
11783
11778
11778
11775
11775
11775
11774
11772
11772
11772
11772
11771
11763
11763
11762
11763
11763
11763
11763
11763
11763
11763
11763
11760
11760
11761
11761
11758
11758
11756
11756
11755
11757
11757
11752
11749
11749
11749
11749
11749
11749
11751
11751
11752
11752
11752
11750
11750
11751
11752
11756
11753
11753
11754
11754
11752
11746
11746
11746
11746
11746
11746
11746
11746
11746
11746
11746
11746
11746
11747
11747
11745
11745
11744
11744
11747
11747
11747
11746
11746
11746
11746
11746
11744
11743
11747
11747
11747
11747
11746
11747
11749
11756
11757
11757
11757
11757
11759
11759
11757
11757
11760
11760
11760
11757
11759
11759
11760
11760
11760
11759
11760
11762
11762
11761
11761
11761
11758
11755
11756
11756
11758
11758
11757
11757
11757
11757
11756
11756
11755
11755
11756
11756
11756
11756
11757
11755
11760
11760
11758
11756
11755
11759
11760
11758
11764
11766
11768
11773
11768
11767
11767
11763
11761
11761
11762
11762
11764
11764
11764
11764
11764
11765
11766
11766
11763
11762
11762
11762
11764
11762
11762
11760
11760
11759
11759
11759
11755
11753
11752
11751
11751
11749
11747
11749
11749
11749
11751
11751
11748
11748
11747
11747
11749
11752
11752
11753
11753
11750
11744
11738
11738
11742
11742
11742
11742
11742
11741
11742
11746
11752
11745
11745
11745
11745
11745
11740
11740
11741
11745
11745
11745
11745
11737
11737
11737
11738
11738
11737
11737
11737
11739
11741
11741
11738
11742
11737
11737
11738
11738
11738
11738
11738
11738
11739
11742
11742
11742
11742
11739
11741
11745
11747
11746
11747
11754
11752
11753
11753
11754
11754
11754
11754
11754
11754
11754
11754
11754
11757
11757
11756
11756
11751
11751
11753
11755
11755
11755
11755
11753
11755
11755
11755
11755
11755
11755
11755
11751
11751
11752
11752
11752
11752
11754
11757
11755
11756
11758
11759
11759
11759
11758
11756
11756
11757
11757
11756
11762
11767
11767
11767
11767
11765
11765
11763
11762
11762
11759
11759
11759
11759
11760
11760
11759
11759
11759
11765
11764
11762
11762
11764
11764
11764
11763
11762
11763
11770
11770
11768
11770
11770
11770
