11897
11895
11894
11893
11894
11893
11895
11894
11894
11894
11894
11896
11894
11899
11899
11900
11901
11901
11900
11901
11901
11901
11903
11898
11898
11900
11895
11895
11895
11895
11896
11896
11896
11894
11894
11893
11896
11898
11896
11899
11899
11900
11906
11906
11904
11904
11903
11903
11903
11903
11903
11905
11905
11905
11905
11906
11906
11906
11907
11907
11906
11907
11908
11908
11908
11908
11909
11909
11909
11909
11909
11911
11911
11911
11912
11912
11911
11911
11911
11911
11909
11909
11909
11909
11908
11907
11908
11909
11909
11912
11909
11910
11910
11910
11912
11910
11909
11911
11911
11907
11907
11906
11903
11896
11897
11894
11893
11893
11893
11893
11893
11893
11893
11893
11891
11891
11893
11892
11892
11892
11894
11889
11889
11889
11889
11885
11885
11886
11883
11885
11883
11883
11884
11882
11882
11882
11882
11881
11882
11883
11881
11876
11876
11877
11877
11879
11874
11875
11875
11876
11876
11876
11876
11876
11876
11878
11878
11878
11876
11876
11876
11879
11881
11881
11882
11885
11886
11883
11884
11884
11882
11881
11881
11884
11884
11885
11880
11883
11883
11883
11886
11886
11886
11886
11884
11881
11881
11883
11880
11880
11880
11881
11881
11882
11884
11884
11884
11886
11886
11885
11885
11886
11885
11887
11889
11889
11886
11886
11891
11893
11898
11898
11898
11899
11898
11896
11895
11895
11896
11895
11896
11896
11894
11893
11893
11897
11895
11899
11899
11899
11899
11899
11899
11899
11904
11904
11904
11904
11904
11905
11907
11907
11906
11906
11905
11906
11908
11908
11907
11909
11908
11908
11907
11905
11904
11903
11901
11896
11895
11891
11892
11896
11895
11895
11899
11898
11901
11903
11903
11903
11906
11906
11905
11905
11903
11903
11903
11908
11908
11908
11907
11903
11904
11906
11904
11906
11905
11908
11907
11906
11910
11908
11910
11910
11910
11910
11909
11909
11908
11905
11904
11906
11904
11908
11908
11907
11907
11906
11906
11906
11904
11906
11910
11911
11912
11913
11921
11921
11921
11921
11921
11921
11919
11920
11919
11919
11920
11920
11920
11920
11918
11914
11914
11917
11919
11919
11919
11919
11918
11918
11918
11921
11920
11920
11921
11921
11921
11921
11922
11918
11916
11916
11916
11917
11918
11918
11920
11918
11919
11921
11921
11921
11923
11919
11919
11922
11922
11922
11922
11923
11922
11924
11924
11925
11920
11920
11921
11921
11921
11921
11920
11922
11922
11924
11924
11924
11924
11926
11925
11924
11921
11921
11920
11922
11923
11921
11923
11923
11926
11926
11926
11926
11925
11925
11922
11922
11914
11914
11914
11913
11913
11913
11913
11913
11913
11914
11914
11913
11914
11916
11914
11914
11914
11915
11915
11917
11917
11913
11913
11913
11912
11912
11912
11914
11913
11909
11906
11906
11904
11901
11901
11898
11897
11891
11891
11891
11889
11891
11892
11890
11890
11895
11895
11893
11893
11894
11894
11892
11888
11894
11894
11895
11893
11894
11894
11896
11896
11896
11895
11898
11898
11893
11893
11893
11893
11893
11893
11893
11892
11893
11893
11893
11893
11889
11889
11891
11891
11891
11891
11891
11891
11891
11891
11891
11891
11889
11891
11890
11890
11888
11888
11888
11888
11888
11888
11888
11888
11889
11889
11889
11889
11890
11890
11890
11890
11890
11889
11892
11892
11891
11889
11889
11889
11889
11893
11893
11893
11893
11891
11893
11891
11889
11886
11886
11888
11889
11888
11890
11890
11895
11895
11896
11898
11898
11889
11889
11888
11888
11888
11890
11894
11892
11892
11890
11890
11889
11886
11887
11890
11889
11889
11889
11889
11889
11887
11887
11887
11886
11886
11884
11886
11887
11887
11889
11889
11887
11889
11889
11889
11889
11886
11886
11890
11891
11891
11889
11891
11893
11893
11890
11887
11886
11888
11888
11888
11890
11885
11885
11884
11884
11884
11885
11882
11881
11884
11882
11882
11878
11878
11879
11879
11876
11876
11876
11876
11874
11874
11874
11873
11872
11872
11871
11872
11872
11872
11869
11869
11869
11868
11864
11863
11862
11863
11863
11855
11858
11858
11856
11856
11857
11857
11857
11856
11856
11860
11862
11862
11864
11866
11866
11866
11866
11866
11866
11867
11870
11865
11866
11868
11868
11868
11868
11864
11869
11868
11870
11866
11865
11865
11863
11864
11860
11858
11854
11854
11854
11860
11862
11862
11862
11863
11863
11862
11864
11864
11862
11862
11862
11861
11865
11866
11869
11866
11868
11868
11866
11866
11867
11867
11869
11868
11868
11868
11868
11869
11868
11870
11869
11869
11869
11869
11867
11865
11867
11869
11868
11866
11866
11866
11866
11864
11861
11861
11860
11860
11862
11864
11864
11864
11863
11863
11863
11867
11866
11866
11867
11869
11868
11868
11868
11870
11870
11870
11868
11870
11870
11869
11869
11869
11881
11882
11882
11883
11883
11883
11882
11881
11881
11881
11880
11878
11878
11878
11878
11878
11876
11878
11878
11880
11880
11880
11880
11880
11880
11878
11878
11885
11885
11885
11885
11887
11885
11886
11886
11893
11894
11892
11892
11888
11888
11888
11890
11890
11890
11889
11889
11889
11885
11885
11883
11882
11882
11882
11883
11884
11881
11879
11879
11878
11879
11882
11883
11883
11884
11883
11885
11887
11887
11894
11894
11897
11893
11894
11895
11895
11900
11904
11904
11904
11904
11905
11908
11904
11904
11904
11903
11897
11893
11893
11893
11896
11894
11891
11891
11889
11888
11886
11885
11885
11885
11885
11883
11883
11883
11883
11880
11880
11880
11881
11880
11884
11884
11883
11883
11882
11882
11882
11883
11883
11883
11881
11880
11877
11877
11877
11877
11880
11880
11881
11881
11882
11883
11883
11883
11885
11886
11890
11891
11892
11891
11892
11898
11898
11897
11891
11892
11893
11891
11891
11891
11891
11893
11893
11893
11890
11891
11889
11891
11890
11890
11888
11888
11882
11882
11885
11885
11884
11884
11884
11881
11883
11883
11883
11884
11882
11882
11882
11882
11882
11881
11883
11884
11884
11884
11883
11883
11885
11885
11886
11884
11883
11883
11886
11886
11886
11885
11885
11886
11886
11887
11887
11886
11886
11886
11885
11885
11885
11885
11885
11885
11885
11885
11885
11885
11885
11885
11887
11887
11884
11883
11883
11883
11883
11885
11885
11886
11886
11888
11888
11893
11893
11890
11890
11892
11887
11887
11888
11879
11877
11878
11874
11875
11875
11875
11875
11873
11872
11874
11870
11870
11870
11867
11863
11861
11861
11861
11861
11865
11864
11860
11860
11862
11864
11864
11864
11866
11861
11865
11865
11865
11869
11869
11869
11869
11868
11867
11867
11866
11867
11870
11870
11874
11878
11878
11883
11883
11882
11882
11880
11880
11880
11877
11874
11873
11873
11873
11874
11875
11875
11874
11876
11878
11878
11878
11878
11877
11877
11882
11884
11885
11883
11885
11888
11887
11887
11888
11885
11885
11881
11875
11876
11875
11875
11875
11875
11874
11874
11876
11876
11878
11877
11877
11877
11877
11881
11880
11878
11878
11879
11879
11889
11889
11884
11884
11884
11884
11882
11884
11884
11884
11884
11884
11885
11891
11891
11892
11892
11892
11892
11896
11894
11893
11893
11893
11889
11889
11887
11886
11886
11888
11888
11888
11888
11886
11886
11886
11879
11879
11879
11879
11879
11872
11871
11873
11873
11873
11873
11875
11872
11872
11872
11874
11872
11874
11872
11868
11868
11868
11868
11868
11866
11867
11865
11867
11867
11867
11866
11867
11866
11865
11863
11863
11863
11863
11864
11867
11868
11868
11867
11870
11870
11867
11867
11870
11870
11870
11870
11870
11866
11866
11866
11868
11866
11865
11864
11866
11866
11866
11863
11860
11860
11858
11858
11858
11859
11859
11859
11858
11855
11857
11857
11857
11856
11857
11859
11859
11857
11857
11857
11857
11855
11856
11856
11856
11854
11851
11852
11853
11858
11853
11855
11855
11856
11856
11855
11855
11853
11853
11853
11853
11853
11855
11855
11855
11855
11859
11859
11855
11853
11853
11853
11853
11858
11858
11860
11860
11860
11860
11863
11861
11862
11862
11862
11863
11866
11866
11864
11870
11870
11870
11868
11871
11872
11872
11872
11870
11870
11867
11866
11866
11864
11864
11864
11862
11860
11861
11865
11865
11867
11865
11866
11862
11864
11864
11862
11862
11858
11858
11856
11860
11860
11860
11859
11859
11861
11865
11865
11865
11862
11862
11862
11860
11856
11856
11855
11855
11857
11857
11859
11859
11857
11857
11857
11857
11855
11853
11856
11854
11855
11855
11854
11853
11854
11855
11856
11856
11855
11853
11854
11854
11854
11856
11857
11857
11855
11855
11851
11849
11848
11848
11848
11850
11850
11853
11853
11854
11854
11853
11856
11856
11853
11852
11853
11853
11853
11853
11853
11853
11853
11852
11847
11845
11847
11847
11845
11845
11845
11847
11847
11845
11851
11851
11852
11851
11853
11853
11853
11853
11851
11852
11852
11852
11856
11857
11857
11857
11853
11853
11853
11853
11854
11854
11855
11855
11855
11854
11852
11854
11854
11856
11856
11856
11854
11852
11853
11857
11856
11859
11859
11859
11859
11863
11864
11864
11864
11864
11864
11864
11864
11864
11863
11859
11859
11859
11859
11859
11857
11860
11862
11860
11856
11858
11857
11857
11856
11856
11857
11857
11857
11854
11854
11854
11854
11853
11851
11851
11851
11852
11853
11853
11851
11854
11854
11855
11855
11855
11852
11852
11851
11850
11852
11854
11855
11855
11853
11863
11863
11863
11863
11863
11862
11864
11861
11861
11865
11869
11869
11869
11869
11869
11871
11872
11874
11875
11877
11874
11872
11876
11876
11876
11876
11876
11874
11870
11868
11868
11870
11869
11873
11875
11872
11874
11875
11879
11879
11882
11882
11884
11884
11884
11884
11883
11882
11882
11882
11883
11883
11881
11881
11880
11882
11882
11882
11883
11882
11882
11882
11882
11882
11883
11883
11884
11884
11883
11883
11883
11883
11884
11882
11882
11880
11880
11880
11880
11878
11879
11877
11877
11877
11877
11877
11875
11875
11875
11875
11876
11872
11870
11872
11867
11869
11871
11878
11878
11879
11879
11880
11880
11880
11876
11874
11874
11876
11874
11872
11875
11878
11879
11877
11873
11873
11873
11873
11873
11872
11874
11874
11876
11874
11872
11877
11878
11878
11879
11881
11882
11887
11887
11884
11884
11884
11882
11882
11884
11884
11883
11883
11883
11880
11880
11880
11881
11884
11882
11882
11883
11883
11884
11884
11884
11884
11882
11879
11879
11879
11881
11883
11879
11880
11881
11879
11879
11880
11883
11883
11883
11886
11887
11887
11886
11889
11889
11890
11890
11893
11893
11894
11894
11895
11898
11898
11898
11892
11893
11894
11894
11892
11892
11892
11890
11889
11889
11881
11884
11879
11880
11874
11873
11873
11873
11867
11867
11870
11871
11872
11872
11870
11869
11863
11863
11863
11858
11858
11857
11855
11854
11854
11854
11854
11852
11848
11848
11848
11846
11849
11851
11851
11849
11849
11852
11852
11848
11846
11846
11845
11845
11845
11844
11844
11844
11844
11846
11837
11835
11835
11836
11836
11836
11836
11833
11835
11835
11835
11835
11835
11833
11833
11834
11834
11835
11835
11836
11836
11836
11836
11837
11837
11837
11837
11837
11837
11837
11836
11836
11836
11838
11839
11839
11839
11834
11834
11834
11834
11834
11836
11835
11835
11832
11834
11834
11834
11837
11839
11839
11839
11839
11839
11841
11842
11842
11842
11840
11840
11844
11844
11844
11844
11844
11844
11838
11838
11838
11836
11832
11830
11830
11829
11829
11823
11820
11820
11819
11819
11819
11819
11820
11824
11827
11827
11828
11828
11828
11827
11822
11822
11822
11819
11816
11819
11818
11818
11818
11818
11821
11821
11820
11821
11820
11820
11821
11822
11820
11822
11823
11816
11815
11815
11815
11815
11816
11817
11817
11815
11816
11815
11817
11818
11821
11821
11823
11819
11816
11814
11813
11814
11814
11815
11815
11816
11817
11817
11817
11820
11820
11822
11823
11824
11824
11822
11817
11817
11816
11815
11813
11811
11811
11811
11811
11811
11812
11811
11813
11813
11813
11815
11817
11811
11810
11810
11811
11811
11810
11811
11811
11809
11809
11810
11814
11817
11816
11816
11816
11817
11813
11811
11811
11811
11810
11810
11808
11807
11807
11808
11808
11808
11809
11809
11807
11807
11807
11810
11810
11810
11811
11811
11813
11814
11815
11815
11815
11815
11815
11815
11811
11811
11812
11812
11812
11812
11811
11811
11811
11811
11811
11811
11811
11809
11810
11812
11813
11813
11813
11812
11812
11812
11811
11811
11811
11811
11812
11811
11811
11812
11812
11815
11817
11817
11820
11821
11821
11821
11821
11821
11821
11821
11821
11821
11821
11824
11832
11833
11837
11837
11838
11838
11838
11838
11838
11838
11838
11841
11840
11840
11840
11843
11841
11841
11841
11841
11842
11842
11842
11846
11846
11846
11846
11844
11845
11845
11845
11843
11843
11844
11844
11845
11845
11847
11846
11846
11848
11846
11844
11846
11848
11848
11847
11847
11851
11853
11854
11852
11852
11851
11851
11857
11855
11861
11860
11860
11861
11859
11858
11856
11854
11856
11855
11854
11854
11851
11851
11848
11849
11849
11849
11852
11850
11851
11851
11851
11846
11847
11847
11847
11844
11845
11845
11845
11846
11848
11847
11848
11844
11844
11850
11848
11847
11847
11846
11846
11846
11852
11848
11848
11850
11850
11850
11850
11849
11849
11849
11844
11844
11844
11844
11839
11837
11837
11839
11838
11838
11838
11835
11836
11836
11836
11836
11837
11837
11837
11836
11834
11832
11832
11833
11833
11840
11840
11840
11837
11837
11837
11837
11839
11839
11838
11836
11836
11836
11839
11840
11841
11841
11839
11838
11838
11838
11837
11837
11840
11835
11834
11835
11842
11840
11841
11843
11843
11843
11844
11843
11843
11844
11845
11840
11842
11840
11838
11838
11838
11838
11837
11837
11837
11835
11835
11832
11828
11829
11827
11826
11828
11827
11830
11830
11835
11834
11834
11834
11835
11834
11834
11837
11836
11835
11838
11832
11828
11830
11830
11830
11830
11831
11831
11832
11832
11833
11833
11834
11832
11832
11831
11830
11830
11830
11831
11830
11828
11828
11826
11826
11826
11828
11831
11831
11830
11829
11832
11827
11828
11827
11825
11825
11823
11823
11823
11822
11824
11826
11821
11821
11823
11823
11823
11829
11829
11827
11828
11828
11828
11830
11833
11833
11837
11839
11840
11832
11833
11831
11831
11836
11833
11830
11826
11824
11824
11824
11816
11818
11819
11821
11821
11821
11819
11820
11817
11817
11815
11814
11815
11816
11815
11814
11816
11816
11816
11816
11816
11817
11817
11817
11818
11820
11822
11826
11824
11825
11825
11824
11825
11827
11827
11827
11827
11829
11829
11829
11829
11829
11828
11830
11830
11833
11835
11833
11829
11831
11828
11828
11826
11824
11824
11821
11820
11820
11821
11823
11820
11822
11821
11820
11818
11816
11814
11811
11812
11813
11813
11813
11809
11809
11809
11809
11811
11811
11811
11809
11807
11805
11806
11807
11807
11804
11795
11792
11790
11790
11788
11787
11787
11787
11786
11786
11783
11783
11783
11783
11783
11782
11784
11788
11788
11788
11788
11788
11789
11791
11784
11782
11783
11781
11780
11778
11781
11781
11781
11781
11780
11782
11782
11784
11784
11785
11785
11787
11787
11787
11789
11791
11793
11791
11793
11794
11796
11796
11792
11790
11788
11791
11793
11794
11794
11791
11789
11794
11799
11796
11796
11797
11790
11790
11790
11790
11788
11788
11788
11787
11787
11784
11785
11784
11784
11785
11785
11785
11787
11787
11789
11789
11787
11788
11786
11790
11790
11790
11788
11788
11787
11786
11786
11786
11786
11785
11783
11785
11785
11785
11787
11788
11784
11790
11792
11793
11791
11792
11792
11792
11788
11790
11790
11789
11789
11789
11787
11791
11790
11790
11792
11792
11792
11792
11793
11794
11794
11794
11796
11796
11796
11797
11796
11798
11800
11801
11801
11802
11802
11802
11802
11802
11802
11802
11802
11796
11796
11798
11796
11792
11791
11789
11787
11787
11784
11782
11783
11784
11785
11785
11785
11783
11785
11785
11786
11786
11788
11788
11788
11788
11788
11788
11785
11787
11787
11787
11785
11784
11780
11780
11780
11780
11780
11787
11786
11784
11782
11780
11780
11780
11782
11782
11780
11781
11785
11784
11785
11785
11785
11785
11787
11787
11787
11786
11788
11787
11788
11788
11788
11787
11787
11789
11787
11785
11785
11788
11788
11782
11781
11779
11780
11780
11779
11781
11780
11782
11782
11778
11780
11776
11778
11778
11778
11776
11776
11776
11775
11775
11778
11774
11774
11776
11774
11774
11774
11776
11776
11776
11778
11776
11775
11782
11782
11782
11782
11781
11777
11777
11773
11773
11773
11773
11773
11773
11774
11774
11774
11770
11770
11769
11769
11771
11772
11772
11774
11774
11773
11773
11773
11773
11771
11771
11771
11771
11773
11773
11773
11772
11766
11765
11764
11764
11764
11765
11765
11764
11766
11766
11764
11766
11767
11769
11769
11769
11769
11769
11769
11771
11774
11774
11774
11774
11774
11776
11777
11777
11777
11776
11776
11776
11777
11779
11779
11777
11778
11778
11779
11781
11779
11780
11780
11781
11776
11776
11775
11775
11779
11781
11783
11785
11785
11783
11783
11783
11783
11783
11781
11781
11779
11777
11775
11773
11774
11773
11773
11777
11776
11778
11780
11787
11787
11786
11788
11789
11789
11788
11789
11789
11789
11786
11786
11786
11786
11786
11786
11786
11788
11788
11788
11790
11792
11792
11795
11794
11793
11793
11794
11788
11789
11791
11789
11789
11789
11789
11789
11787
11787
11787
11787
11787
11787
11788
11788
11790
11789
11785
11785
11784
11782
11782
11782
11782
11786
11786
11786
11786
11785
11785
11785
11781
11782
11782
11782
11782
11782
11782
11783
11783
11782
11782
11782
11786
11787
11787
11792
11792
11788
11791
11791
11789
11787
11784
11784
11784
11784
11783
11785
11784
11782
11780
11779
11780
11780
11780
11780
11780
11782
11782
11785
11784
11784
11782
11782
11782
11775
11774
11776
11776
11775
11777
11777
11777
11777
11777
11775
11775
11777
11781
11780
11780
11780
11780
11775
11774
11774
11772
11774
11776
11778
11778
11778
11778
11780
11782
11782
11782
11783
11785
11785
11785
11784
11783
11786
11789
11789
11789
11791
11794
11792
11787
11787
11788
11788
11788
11790
11790
11790
11790
11790
11791
11792
11792
11794
11794
11794
11794
11792
11793
11796
11796
11792
11792
11792
11791
11791
11791
11792
11793
11793
11785
11785
11785
11786
11784
11784
11784
11783
11781
11781
11781
11781
11781
11782
11779
11779
11777
11779
11780
11780
11780
11778
11782
11781
11780
11780
11781
11782
11780
11780
11780
11780
11783
11783
11783
11785
11783
11783
11788
11788
11788
11785
11785
11784
11784
11785
11785
11785
11785
11785
11788
11788
11788
11788
11793
11797
11797
11795
11795
11792
11792
11792
11792
11794
11795
11795
11795
11795
11793
11795
11795
11800
11800
11798
11799
11803
11803
11802
11803
11803
11803
11803
11800
11800
11800
11800
11800
11799
11799
11799
11801
11801
11799
11802
11802
11802
11800
11800
11801
11801
11803
11802
11802
11800
11800
11801
11802
11802
11802
11802
11805
11805
11805
11808
11808
11808
11807
11807
11809
11809
11808
11808
11808
11808
11807
11808
11807
11807
11808
11808
11808
11804
11804
11804
11805
11805
11805
11805
11803
11803
11803
11805
11805
11805
11804
11804
11804
11804
11802
11804
11803
11803
11806
11804
11802
11802
11800
11801
11801
11801
11799
11801
11799
11801
11804
11804
11805
11806
11805
11805
11804
11803
11803
11803
11804
11806
11806
11804
11807
11807
11806
11806
11815
11815
11814
11814
11814
11814
11812
11812
11810
11810
11807
11807
11806
11809
11807
11807
11806
11809
11808
11810
11808
11808
11809
11811
11811
11811
11814
11813
11811
11809
11810
11810
11809
11810
11812
11814
11814
11815
11813
11813
11813
11813
11813
11812
11812
11814
11812
11812
11812
11812
11812
11812
11813
11813
11814
11814
11814
11813
11813
11809
11809
11805
11808
11807
11805
11810
11809
11804
11804
11804
11804
11804
11808
11808
11808
11806
11806
11809
11806
11808
11810
11809
11811
11813
11813
11813
11808
11807
11811
11811
11811
11812
11814
11811
11813
11813
11815
11818
11816
11816
11816
11816
11816
11814
11815
11815
11813
11817
11817
11826
11826
11824
11826
11827
11826
11828
11829
11830
11830
11830
11829
11829
11832
11832
11834
11834
11834
11834
11834
11834
11833
11835
11835
11835
11835
11835
11834
11834
11836
11838
11838
11838
11838
11838
11837
11834
11833
11836
11836
11836
11840
11840
11840
11840
11840
11837
11836
11840
11841
11840
11839
11834
11834
11832
11836
11829
11835
11832
11826
11823
11823
11823
11827
11826
11826
11821
11821
11823
11827
11827
11827
11827
11827
11826
11826
11827
11827
11827
11823
11823
11823
11824
11825
11826
11828
11828
11828
11826
11826
11825
11825
11827
11827
11827
11829
11833
11832
11832
11827
11834
11832
11832
11832
11833
11833
11832
11832
11832
11832
11832
11830
11830
11829
11829
11829
11829
11829
11829
11832
11832
11832
11833
11831
11830
11830
11830
11830
11834
11836
11836
11838
11835
11835
11836
11836
11834
11835
11842
11842
11842
11842
11843
11843
11846
11846
11849
11849
11849
11849
11845
11845
11845
11845
11843
11843
11843
11843
11840
11842
11841
11843
11843
11843
11842
11843
11844
11845
11847
11848
11851
11850
11850
11849
11849
11845
11845
11845
11846
11846
11848
11849
11849
11849
11849
11847
11846
