14672
14672
14664
14664
14667
14667
14665
14664
14664
14664
14664
14664
14668
14668
14666
14666
14666
14664
14664
14662
14662
14664
14663
14661
14661
14661
14659
14659
14666
14666
14674
14674
14670
14670
14669
14669
14669
14673
14673
14673
14674
14674
14675
14675
14675
14675
14675
14677
14675
14675
14681
14680
14680
14680
14683
14681
14681
14681
14683
14683
14683
14683
14687
14685
14682
14682
14683
14683
14683
14683
14684
14684
14690
14692
14692
14695
14695
14695
14693
14693
14691
14692
14692
14692
14691
14691
14691
14689
14691
14691
14691
14692
14690
14696
14696
14697
14699
14702
14700
14700
14700
14699
14694
14694
14694
14693
14692
14692
14693
14693
14693
14691
14691
14691
14691
14696
14697
14693
14693
14693
14693
14695
14692
14689
14690
14686
14684
14680
14679
14679
14684
14688
14690
14690
14684
14681
14685
14686
14685
14689
14687
14689
14688
14688
14691
14692
14689
14688
14688
14690
14690
14687
14685
14681
14682
14683
14687
14683
14683
14683
14684
14684
14685
14685
14685
14685
14685
14683
14682
14675
14672
14670
14677
14672
14673
14674
14674
14675
14675
14679
14675
14675
14674
14676
14676
14673
14671
14676
14673
14668
14668
14669
14669
14667
14664
14664
14660
14662
14662
14659
14659
14660
14660
14660
14659
14654
14653
14653
14652
14652
14652
14652
14652
14652
14651
14653
14653
14652
14652
14652
14654
14659
14659
14659
14660
14658
14657
14655
14660
14659
14665
14666
14665
14663
14663
14662
14664
14662
14659
14658
14656
14660
14660
14660
14660
14660
14663
14664
14667
14667
14667
14668
14670
14671
14667
14667
14666
14666
14666
14666
14666
14666
14664
14665
14667
14669
14668
14668
14669
14667
14669
14669
14669
14669
14669
14669
14668
14668
14672
14672
14665
14665
14663
14662
14662
14656
14656
14659
14659
14657
14657
14659
14659
14658
14656
14651
14647
14643
14643
14644
14647
14648
14643
14643
14647
14643
14643
14642
14639
14643
14645
14645
14646
14645
14645
14645
14641
14637
14641
14637
14636
14636
14632
14631
14630
14632
14632
14630
14630
14631
14632
14632
14632
14632
14632
14632
14632
14632
14632
14635
14634
14634
14634
14634
14630
14629
14630
14632
14632
14632
14630
14632
14628
14628
14628
14628
14631
14632
14634
14636
14631
14633
14633
14633
14633
14633
14636
14636
14636
14639
14639
14641
14641
14643
14644
14644
14643
14645
14645
14645
14645
14647
14647
14647
14649
14646
14646
14647
14647
14647
14649
14647
14644
14640
14639
14639
14640
14639
14643
14645
14644
14646
14644
14640
14638
14638
14643
14643
14645
14644
14646
14646
14648
14646
14647
14647
14647
14647
14646
14646
14645
14649
14650
14648
14643
14642
14642
14642
14643
14643
14640
14635
14634
14634
14637
14638
14636
14634
14634
14636
14634
14636
14634
14635
14638
14638
14636
14635
14635
14637
14636
14636
14640
14640
14643
14643
14643
14643
14641
14641
14641
14641
14642
14640
14636
14636
14637
14638
14639
14640
14638
14635
14635
14637
14632
14630
14630
14630
14629
14627
14630
14626
14628
14628
14628
14626
14626
14626
14625
14625
14625
14626
14628
14627
14626
14625
14625
14625
14625
14625
14625
14621
14621
14621
14627
14627
14627
14627
14631
14629
14627
14626
14626
14626
14626
14626
14623
14622
14622
14622
14622
14621
14621
14622
14621
14626
14626
14626
14625
14627
14629
14628
14628
14632
14629
14629
14631
14632
14629
14629
14625
14619
14622
14621
14621
14619
14620
14620
14620
14624
14622
14623
14626
14626
14627
14627
14628
14624
14626
14624
14624
14623
14623
14624
14618
14618
14618
14618
14618
14618
14619
14612
14612
14609
14609
14614
14615
14622
14623
14623
14623
14627
14627
14627
14627
14627
14624
14627
14627
14625
14624
14624
14625
14625
14624
14625
14625
14625
14620
14620
14623
14621
14626
14626
14628
14629
14633
14636
14633
14634
14636
14636
14636
14636
14636
14636
14636
14631
14631
14630
14627
14625
14619
14618
14619
14617
14618
14621
14618
14617
14618
14620
14618
14616
14618
14618
14618
14616
14616
14616
14616
14614
14614
14613
14613
14613
14617
14617
14620
14620
14618
14616
14613
14615
14611
14611
14617
14615
14612
14615
14617
14617
14617
14615
14617
14619
14617
14615
14615
14615
14615
14617
14617
14616
14618
14618
14622
14620
14620
14620
14620
14620
14619
14620
14620
14620
14620
14620
14613
14614
14615
14615
14615
14616
14616
14616
14616
14616
14614
14614
14610
14612
14612
14614
14616
14614
14614
14618
14622
14618
14618
14618
14615
14615
14615
14618
14619
14619
14621
14621
14619
14621
14620
14621
14623
14625
14625
14623
14623
14623
14623
14624
14624
14624
14627
14626
14624
14624
14626
14629
14629
14628
14628
14630
14629
14627
14629
14630
14630
14626
14625
14625
14625
14625
14624
14626
14624
14624
14627
14627
14627
14626
14629
14622
14614
14614
14614
14614
14614
14611
14609
14607
14607
14605
14607
14606
14606
14610
14610
14611
14613
14613
14614
14613
14614
14614
14613
14611
14612
14615
14614
14612
14613
14615
14615
14615
14615
14619
14619
14620
14621
14620
14621
14621
14620
14620
14623
14623
14623
14624
14626
14626
14627
14627
14628
14628
14624
14624
14624
14626
14626
14630
14628
14627
14628
14628
14631
14630
14630
14630
14630
14629
14629
14627
14630
14630
14630
14630
14629
14628
14628
14628
14629
14629
14630
14626
14627
14627
14627
14629
14631
14632
14629
14626
14627
14629
14626
14626
14628
14639
14635
14635
14635
14635
14635
14634
14636
14635
14635
14634
14636
14636
14636
14638
14638
14639
14640
14639
14641
14640
14640
14640
14646
14645
14647
14644
14645
14647
14649
14648
14648
14647
14650
14648
14645
14646
14654
14656
14654
14656
14658
14658
14658
14659
14659
14658
14656
14658
14658
14658
14660
14659
14663
14663
14663
14663
14661
14662
14659
14657
14658
14660
14659
14659
14658
14654
14654
14654
14653
14653
14653
14653
14653
14655
14654
14654
14653
14655
14653
14649
14649
14649
14651
14650
14650
14652
14656
14654
14654
14650
14649
14652
14651
14649
14649
14648
14652
14649
14653
14657
14655
14656
14657
14657
14656
14656
14654
14656
14656
14653
14653
14653
14651
14650
14648
14648
14648
14648
14648
14647
14648
14648
14647
14649
14649
14651
14653
14653
14652
14657
14657
14661
14656
14654
14655
14655
14656
14654
14654
14652
14659
14659
14665
14670
14668
14668
14675
14675
14674
14677
14676
14675
14678
14679
14679
14674
14673
14673
14667
14667
14667
14665
14666
14664
14668
14670
14670
14672
14667
14669
14668
14666
14664
14664
14665
14666
14664
14664
14664
14661
14667
14667
14667
14664
14664
14661
14662
14658
14658
14659
14657
14659
14661
14659
14656
14663
14663
14663
14663
14663
14666
14666
14662
14662
14662
14664
14666
14666
14667
14661
14661
14661
14661
14661
14661
14664
14664
14669
14671
14671
14677
14684
14684
14686
14686
14686
14687
14687
14685
14688
14692
14691
14687
14687
14688
14688
14687
14687
14687
14687
14687
14687
14687
14687
14687
14687
14687
14688
14691
14681
14679
14679
14681
14679
14679
14678
14678
14679
14677
14677
14676
14669
14662
14664
14662
14660
14658
14658
14652
14649
14649
14653
14652
14651
14653
14655
14655
14655
14655
14655
14655
14654
14654
14654
14652
14651
14655
14658
14660
14662
14662
14659
14647
14647
14647
14652
14651
14647
14641
14635
14635
14631
14630
14630
14630
14630
14628
14628
14624
14624
14623
14623
14621
14622
14621
14621
14621
14621
14623
14624
14624
14624
14624
14624
14624
14625
14627
14623
14623
14623
14620
14616
14616
14617
14617
14619
14619
14620
14619
14620
14620
14619
14619
14619
14617
14616
14616
14620
14620
14618
14619
14623
14623
14623
14625
14627
14627
14627
14627
14627
14628
14628
14628
14631
14630
14630
14630
14633
14633
14633
14634
14633
14638
14638
14640
14642
14635
14636
14636
14636
14639
14639
14639
14639
14638
14638
14637
14639
14639
14637
14640
14639
14638
14640
14642
14642
14647
14647
14649
14648
14643
14642
14642
14642
14642
14641
14641
14639
14640
14633
14631
14631
14631
14631
14635
14635
14635
14635
14640
14643
14648
14647
14647
14647
14644
14644
14644
14644
14644
14643
14646
14645
14646
14645
14650
14650
14645
14645
14645
14645
14642
14642
14641
14637
14637
14635
14635
14635
14635
14637
14639
14638
14640
14641
14641
14643
14649
14649
14647
14649
14649
14653
14655
14655
14657
14655
14645
14647
14647
14647
14649
14649
14648
14645
14639
14632
14632
14631
14631
14631
14632
14632
14632
14631
14638
14638
14638
14639
14636
14635
14635
14634
14632
14632
14632
14631
14630
14630
14627
14625
14625
14624
14627
14627
14628
14628
14628
14628
14626
14625
14627
14630
14630
14632
14630
14636
14635
14638
14636
14634
14631
14630
14630
14627
14626
14626
14628
14630
14631
14631
14631
14633
14634
14631
14633
14635
14635
14636
14636
14638
14638
14638
14639
14642
14642
14642
14643
14640
14642
14642
14643
14643
14642
14644
14644
14643
14638
14638
14640
14643
14642
14646
14646
14647
14646
14647
14644
14644
14642
14642
14642
14642
14642
14638
14640
14636
14636
14631
14629
14628
14628
14626
14626
14626
14628
14625
14625
14622
14621
14618
14616
14614
14614
14613
14616
14616
14616
14618
14616
14617
14616
14618
14618
14616
14616
14615
14617
14619
14622
14620
14620
14620
14621
14622
14622
14622
14619
14617
14615
14615
14615
14616
14616
14615
14614
14610
14606
14607
14607
14608
14612
14610
14611
14611
14614
14613
14617
14617
14617
14617
14617
14617
14617
14617
14616
14616
14620
14621
14622
14622
14620
14619
14617
14617
14614
14613
14614
14616
14616
14618
14618
14618
14621
14621
14622
14624
14628
14626
14626
14628
14628
14628
14627
14626
14625
14625
14630
14633
14635
14637
14638
14639
14639
14639
14639
14639
14636
14636
14639
14638
14636
14636
14633
14630
14630
14630
14632
14634
14634
14636
14636
14637
14638
14640
14640
14643
14643
14643
14645
14645
14645
14645
14645
14649
14647
14647
14648
14644
14644
14644
14644
14647
14647
14648
14648
14648
14649
14649
14652
14652
14651
14651
14651
14651
14651
14655
14655
14655
14655
14655
14655
14656
14656
14650
14652
14652
14652
14653
14655
14656
14660
14660
14661
14660
14660
14663
14661
14659
14659
14658
14659
14659
14657
14659
14658
14658
14656
14656
14658
14658
14659
14659
14659
14660
14660
14660
14660
14659
14661
14661
14669
14672
14672
14667
14667
14667
14666
14664
14661
14662
14662
14662
14662
14660
14657
14654
14653
14656
14656
14656
14657
14659
14661
14666
14666
14666
14665
14672
14672
14673
14674
14673
14669
14668
14668
14670
14671
14673
14675
14677
14674
14671
14668
14665
14667
14669
14669
14672
14671
14671
14672
14673
14673
14671
14670
14670
14671
14669
14671
14670
14670
14670
14668
14668
14668
14669
14669
14672
14670
14665
14664
14665
14665
14665
14665
14666
14663
14663
14662
14660
14662
14662
14662
14662
14663
14665
14666
14665
14666
14666
14663
14668
14670
14668
14665
14665
14665
14667
14665
14663
14661
14662
14666
14664
14664
14664
14667
14667
14672
14674
14674
14675
14677
14679
14680
14683
14682
14680
14680
14686
14686
14686
14688
14689
14693
14695
14695
14696
14696
14695
14694
14690
14690
14694
14697
14695
14692
14692
14692
14692
14692
14692
14692
14694
14697
14697
14697
14697
14697
14697
14698
14699
14699
14699
14703
14703
14704
14704
14706
14705
14704
14704
14706
14706
14708
14706
14713
14709
14709
14709
14708
14709
14706
14706
14706
14706
14708
14708
14708
14708
14708
14710
14707
14707
14710
14712
14712
14714
14712
14711
14713
14706
14703
14700
14700
14694
14695
14700
14700
14699
14700
14700
14701
14700
14702
14702
14701
14701
14703
14704
14706
14707
14707
14704
14706
14704
14706
14703
14703
14701
14704
14704
14704
14706
14706
14707
14707
14706
14700
14700
14699
14698
14694
14697
14696
14696
14696
14696
14696
14699
14700
14701
14700
14699
14700
14700
14700
14698
14697
14699
14699
14696
14696
14696
14698
14697
14697
14697
14694
14701
14701
14702
14699
14698
14697
14697
14696
14697
14705
14705
14705
14705
14707
14704
14704
14704
14706
14704
14704
14704
14704
14709
14710
14714
14714
14710
14712
14712
14715
14714
14714
14714
14717
14719
14719
14720
14718
14720
14720
14709
14709
14710
14710
14707
14707
14709
14713
14710
14710
14710
14712
14710
14710
14710
14706
14706
14708
14710
14709
14709
14709
14715
14715
14717
14716
14723
14722
14722
14720
14720
14720
14720
14720
14722
14724
14722
14722
14719
14720
14727
14731
14731
14731
14732
14733
14735
14742
14740
14739
14739
14737
14737
14737
14736
14734
14735
14733
14735
14735
14735
14735
14735
14735
14735
14737
14737
14737
14739
14741
14741
14739
14736
14738
14738
14736
14736
14735
14735
14735
14738
14738
14739
14741
14742
14742
14742
14743
14742
14742
14742
14742
14740
14740
14741
14741
14734
14734
14734
14734
14734
14734
14734
14735
14737
14737
14737
14738
14740
14739
14737
14736
14736
14735
14735
14734
14734
14734
14735
14735
14736
14736
14737
14735
14735
14731
14731
14733
14731
14729
14728
14726
14721
14719
14719
14719
14719
14717
14720
14719
14720
14722
14722
14722
14722
14724
14722
14721
14721
14720
14720
14721
14719
14719
14719
14719
14721
14719
14719
14722
14724
14724
14723
14717
14725
14728
14721
14721
14721
14718
14718
14715
14713
14710
14710
14708
14708
14708
14708
14709
14709
14708
14712
14714
14714
14715
14715
14718
14717
14715
14715
14715
14712
14712
14712
14715
14715
14713
14716
14715
14717
14717
14721
14721
14721
14721
14720
14717
14717
14717
14717
14717
14716
14716
14717
14717
14717
14714
14714
14710
14704
14706
14704
14703
14699
14694
14694
14694
14694
14691
14689
14687
14687
14682
14682
14681
14680
14679
14679
14680
14678
14678
14680
14678
14678
14678
14678
14676
14677
14677
14677
14683
14683
14684
14684
14678
14678
14678
14677
14676
14676
14677
14680
14678
14675
14674
14674
14674
14671
14670
14671
14673
14675
14676
14676
14674
14674
14674
14674
14674
14674
14676
14678
14681
14681
14682
14684
14683
14683
14679
14678
14680
14680
14680
14680
14680
14682
14682
14679
14679
14679
14684
14683
14682
14681
14681
14683
14683
14683
14683
14687
14684
14688
14688
14690
14690
14690
14690
14690
14690
14686
14685
14685
14687
14687
14687
14690
14690
14690
14690
14690
14694
14694
14694
14693
14690
14690
14687
14687
14687
14688
14690
14691
14688
14692
14692
14694
14693
14692
14692
14688
14688
14696
14696
14694
14692
14692
14692
14690
14690
14690
14690
14692
14692
14691
14691
14693
14690
14691
14692
14695
14694
14691
14692
14693
14696
14700
14699
14699
14699
14699
14698
14698
14696
14696
14692
14693
14695
14697
14697
14698
14693
14702
14705
14703
14703
14703
14703
14703
14703
14702
14706
14707
14705
14700
14699
14697
14699
14698
14702
14704
14704
14703
14700
14700
14701
14706
14708
14713
14709
14709
14711
14713
14712
14714
14715
14715
14715
14715
14714
14719
14716
14719
14720
14720
14720
14720
14720
14720
14720
14721
14724
14731
14731
14732
14733
14733
14732
14734
14734
14744
14744
14743
14744
14744
14741
14741
14738
14738
14734
14732
14734
14731
14729
14733
14732
14732
14731
14732
14730
14730
14731
14731
14727
14725
14727
14732
14733
14735
14735
14735
14734
14734
14735
14732
14737
14737
14737
14739
14737
14737
14737
14729
14729
14728
14728
14725
14725
14725
14731
14732
14733
14733
14734
14733
14728
14731
14725
14724
14724
14725
14725
14722
14726
14730
14731
14731
14730
14732
14731
14734
14738
14738
14738
14738
14737
14736
14734
14733
14735
14735
14737
14737
14737
14739
14738
14738
14738
14735
14735
14731
14735
14731
14732
14732
14731
14729
14729
14736
14738
14738
14738
14743
14745
14744
14746
14746
14746
14746
14748
14748
14748
14745
14743
14747
14744
14744
14741
14741
14739
14739
14739
14739
14740
14739
14738
14736
14734
14736
14740
14742
14741
14735
14735
14739
14737
14739
14735
14736
14736
14742
14742
14742
14742
14743
14746
14747
14744
14750
14749
14749
14749
14748
14748
14750
14751
14747
14749
14750
14750
14750
14747
14744
14745
14744
14744
14744
14746
14747
14746
14746
14748
14748
14748
14749
14749
14750
14750
14749
14749
14749
14752
14752
14752
14748
14747
14748
14751
14747
14747
14751
14753
14754
14754
14756
14756
14754
14758
14758
14757
14757
14757
14758
14759
14759
14758
14755
14755
14756
14757
14757
14759
14757
14761
14752
14750
14750
14751
14750
14743
14741
14740
14738
14738
14738
14738
14737
14737
14738
14736
14738
14741
14741
14741
14740
14743
14743
14743
14742
14742
14742
14740
14741
14741
14741
14743
14743
14739
14739
14738
14738
14738
14738
14737
14737
14741
14741
14743
14743
14744
14743
14745
14745
14743
14741
14743
14733
14733
14735
14735
14737
14737
14741
14738
14743
14743
14743
14743
14739
14737
14735
14735
14735
14733
14731
14727
14726
14729
14726
14726
14728
14728
14727
14726
14727
14726
14727
14727
14729
14727
14730
14730
14729
14728
14731
14733
14731
14731
14732
14732
14733
14734
14734
14734
14734
14734
14734
14732
14732
14728
14728
14726
14726
14726
14726
14726
14726
14726
14726
14732
14732
14733
14734
14734
14734
14735
14735
14734
14734
14732
14733
14731
14731
14729
14730
14730
14730
14730
14729
14724
14727
14725
14726
14726
14727
14729
14729
14731
14732
14732
14731
14731
14731
14731
14732
14732
14732
14726
14726
14724
14723
14723
14724
14724
14722
14722
14722
14729
14731
14731
14733
14733
14733
14738
14740
14742
14743
14745
14745
14752
14754
14754
14752
14752
14753
14753
14751
14751
14752
14756
14755
14755
14753
14753
14753
14752
14751
14751
14749
14744
14744
14737
14738
14731
14731
14735
14735
14735
14734
14734
14734
14725
14725
14720
14720
14720
14719
14719
14719
14719
14723
14725
14729
14732
14732
14733
14733
14733
14737
14737
14738
14735
14738
14737
14737
14736
14731
14731
14733
14734
14734
14734
14732
14732
14732
14732
14732
14733
14733
14732
14734
14733
14735
14736
14734
14734
14735
14737
14736
14736
14736
14738
14738
14738
14738
14738
14740
14743
14743
14745
14743
14743
14745
14740
14740
14744
14744
14743
14751
14752
14751
14751
14751
14751
14751
14758
14762
14762
14762
14763
14764
14764
14764
14764
14763
14765
14765
14764
14765
14763
14763
14762
14762
14762
14764
14766
14767
14769
14770
14772
14774
14779
14778
14778
14778
14777
14777
14779
14779
14780
14780
14781
14783
14780
14786
14785
14783
14780
14782
14783
14783
14781
14781
14779
14779
14778
14778
14776
14783
14781
14782
14782
14783
14783
14782
14780
14781
14780
14780
14782
14780
14780
14782
14782
14779
14777
14777
14777
14779
14777
14777
14778
14778
14778
14778
14780
14781
14781
14781
14781
14778
14776
14776
14777
14782
14782
14781
14781
14784
14785
14786
14786
14790
14790
14790
14788
14793
14793
14793
14794
14800
14808
14808
14808
14807
14807
14806
14807
14806
14806
14802
14804
14800
14800
14802
14802
14803
14803
14803
14801
14801
14800
14800
14800
14797
14799
14801
14799
14799
14801
14801
14804
14800
14798
14798
14800
14800
14800
14800
14802
14805
14807
14803
14803
14803
14803
14798
14800
14796
14795
14797
14799
14799
14799
14799
14800
14801
14801
14799
14799
14799
14799
14799
14799
14799
14800
14800
14797
14798
14798
14801
14800
14800
14799
14800
14802
14793
14795
14793
14793
14789
14789
14789
14789
14792
14792
14797
14797
14795
14797
14796
14799
14801
14801
14800
14802
14799
14804
14806
14804
14804
14799
14797
14795
14795
14796
14796
14799
14802
14802
14800
14800
14798
14796
14795
14797
14797
14798
14798
14801
14801
14800
14800
14805
14805
14805
14805
14801
14799
14802
14805
14801
14801
14799
14799
14799
14799
14799
14801
14801
14802
14799
14797
14798
14798
14805
14805
14803
14803
14804
14803
14805
14807
14804
14804
14804
14804
14804
14805
14806
14802
14802
14801
14803
14802
14802
14802
14802
14798
14802
14802
14801
14802
14804
14805
14805
14805
14805
14805
14804
14807
14808
14808
14809
14809
14814
14814
14815
14815
14812
14812
14812
14812
14812
14810
14814
14813
14813
14813
14813
14813
14813
14809
14806
14807
14807
14807
14807
14807
14806
14806
14806
14799
14799
14799
14800
14790
14786
14784
14784
14784
14781
14783
14783
14783
14783
14785
14790
14781
14781
14781
14781
14779
14779
14779
14779
14778
14780
14781
14781
14778
14776
14776
14780
14780
14780
14784
14783
14785
14789
14788
14788
14788
14789
14786
14786
14787
14787
14789
14791
14791
14790
14794
14794
14791
14791
14790
14790
14787
14787
14787
14787
14788
14785
14783
14787
14787
14785
14781
14785
14787
14785
14789
14792
14792
14790
14796
14796
14796
14798
14796
14798
14799
14799
14799
14799
14799
14801
14801
14801
14803
14798
14799
14799
14798
14798
14800
14800
14798
14798
14799
14800
14802
14802
14800
14796
14796
14796
14796
14797
14795
14797
14796
14794
14794
14794
14792
14792
14791
14792
14795
14795
14797
14797
14797
14792
14792
14795
14796
14803
14804
