14670
14668
14668
14668
14668
14670
14671
14675
14674
14676
14677
14672
14672
14674
14674
14672
14674
14673
14680
14678
14676
14679
14679
14679
14681
14681
14679
14679
14679
14680
14683
14684
14682
14684
14689
14687
14688
14690
14690
14689
14691
14691
14691
14695
14695
14692
14692
14683
14683
14684
14684
14684
14686
14688
14691
14691
14691
14690
14690
14690
14688
14689
14691
14694
14694
14691
14692
14692
14696
14696
14698
14698
14699
14698
14698
14700
14701
14704
14708
14708
14707
14706
14706
14706
14708
14703
14705
14705
14705
14707
14706
14706
14706
14702
14701
14701
14700
14705
14701
14703
14707
14707
14707
14710
14710
14710
14705
14705
14704
14704
14704
14703
14703
14701
14701
14703
14703
14703
14703
14702
14703
14704
14703
14706
14705
14709
14709
14709
14711
14711
14712
14712
14714
14714
14714
14714
14698
14697
14696
14696
14696
14697
14697
14696
14699
14699
14700
14701
14701
14699
14707
14707
14705
14706
14710
14711
14713
14711
14714
14714
14713
14713
14705
14705
14708
14708
14706
14706
14707
14706
14708
14704
14704
14704
14706
14708
14708
14711
14711
14710
14710
14710
14709
14711
14709
14711
14707
14709
14709
14708
14710
14710
14706
14706
14705
14710
14710
14709
14709
14709
14705
14705
14703
14704
14707
14707
14706
14705
14705
14703
14697
14701
14701
14700
14701
14702
14702
14702
14700
14700
14708
14708
14708
14707
14705
14705
14707
14707
14707
14707
14712
14712
14714
14712
14712
14712
14711
14711
14711
14711
14709
14709
14709
14707
14710
14712
14706
14705
14707
14710
14710
14710
14710
14709
14707
14709
14702
14704
14703
14700
14700
14697
14690
14689
14689
14689
14689
14689
14688
14688
14688
14686
14686
14686
14686
14686
14681
14681
14680
14674
14674
14675
14671
14668
14668
14672
14674
14676
14674
14674
14668
14674
14674
14674
14671
14674
14674
14674
14674
14674
14674
14670
14669
14669
14669
14670
14670
14673
14678
14677
14680
14684
14684
14682
14685
14686
14681
14683
14684
14683
14688
14688
14688
14686
14684
14684
14685
14680
14682
14681
14679
14681
14680
14680
14681
14677
14678
14678
14680
14680
14675
14669
14670
14666
14666
14663
14663
14665
14665
14665
14665
14666
14666
14663
14663
14661
14663
14661
14659
14659
14658
14658
14659
14660
14660
14659
14666
14666
14668
14669
14668
14668
14665
14666
14670
14669
14667
14668
14669
14670
14670
14671
14673
14669
14673
14672
14672
14676
14676
14676
14676
14676
14676
14678
14678
14679
14683
14683
14683
14683
14683
14681
14682
14684
14684
14684
14684
14684
14683
14683
14684
14686
14687
14687
14687
14689
14687
14685
14685
14685
14685
14689
14689
14684
14684
14681
14676
14677
14677
14673
14673
14668
14670
14670
14670
14668
14671
14669
14664
14664
14664
14664
14666
14667
14669
14670
14672
14677
14679
14679
14679
14679
14677
14677
14677
14679
14677
14677
14677
14678
14678
14681
14684
14684
14684
14684
14686
14685
14683
14683
14681
14682
14682
14684
14685
14684
14680
14680
14680
14680
14679
14678
14677
14673
14673
14672
14672
14672
14670
14671
14673
14670
14668
14671
14676
14676
14675
14675
14675
14675
14672
14672
14672
14672
14672
14674
14674
14678
14676
14679
14679
14675
14675
14675
14674
14674
14674
14674
14674
14680
14674
14675
14672
14670
14670
14668
14668
14666
14665
14662
14662
14662
14665
14664
14661
14660
14662
14660
14658
14658
14658
14662
14667
14666
14665
14662
14662
14662
14665
14664
14668
14668
14670
14670
14668
14666
14666
14664
14666
14666
14668
14668
14672
14673
14673
14673
14673
14672
14673
14669
14665
14663
14663
14662
14667
14667
14663
14661
14664
14664
14665
14666
14666
14667
14657
14659
14659
14657
14657
14659
14661
14657
14656
14656
14660
14660
14660
14665
14664
14662
14663
14661
14669
14662
14661
14663
14660
14663
14656
14650
14650
14650
14651
14651
14650
14648
14648
14652
14652
14649
14647
14647
14654
14653
14656
14652
14652
14652
14654
14657
14657
14659
14658
14658
14660
14661
14661
14661
14660
14662
14668
14668
14668
14671
14674
14675
14678
14675
14675
14675
14675
14675
14679
14679
14680
14676
14680
14682
14682
14681
14681
14683
14679
14679
14679
14679
14681
14681
14683
14683
14683
14684
14684
14681
14682
14680
14680
14680
14680
14680
14676
14671
14671
14672
14667
14666
14665
14664
14665
14664
14663
14661
14663
14662
14661
14664
14662
14662
14662
14665
14666
14665
14664
14664
14664
14655
14655
14659
14659
14657
14655
14655
14654
14661
14659
14661
14661
14659
14660
14661
14661
14661
14659
14654
14651
14648
14647
14642
14642
14642
14643
14643
14643
14643
14645
14643
14644
14644
14647
14645
14647
14645
14644
14644
14646
14646
14647
14645
14646
14645
14646
14645
14646
14635
14635
14634
14631
14632
14629
14623
14625
14627
14627
14627
14627
14626
14628
14626
14627
14628
14632
14632
14632
14631
14631
14630
14628
14624
14623
14623
14626
14627
14630
14630
14633
14635
14635
14637
14638
14638
14637
14633
14637
14637
14640
14640
14640
14642
14642
14642
14642
14642
14643
14645
14645
14645
14646
14649
14648
14648
14648
14646
14643
14643
14641
14644
14646
14644
14644
14645
14645
14645
14645
14646
14640
14639
14637
14641
14643
14648
14647
14648
14647
14649
14646
14644
14644
14645
14641
14639
14637
14639
14639
14639
14639
14640
14645
14639
14640
14639
14639
14638
14639
14637
14640
14637
14639
14638
14636
14635
14637
14637
14638
14638
14637
14642
14639
14641
14643
14645
14647
14649
14648
14650
14648
14648
14648
14648
14648
14641
14640
14640
14640
14639
14639
14638
14638
14641
14641
14641
14641
14641
14643
14642
14645
14645
14642
14641
14642
14645
14646
14648
14648
14657
14657
14652
14652
14656
14657
14657
14657
14657
14652
14652
14652
14651
14650
14650
14651
14649
14650
14652
14652
14653
14653
14653
14651
14651
14651
14654
14654
14656
14656
14654
14651
14651
14651
14651
14649
14649
14649
14651
14649
14649
14649
14652
14653
14656
14655
14655
14665
14664
14663
14659
14657
14656
14657
14656
14655
14654
14658
14658
14655
14655
14655
14656
14655
14655
14655
14655
14655
14655
14656
14657
14651
14651
14648
14648
14644
14644
14643
14643
14643
14643
14643
14646
14646
14646
14648
14648
14647
14647
14647
14642
14642
14639
14638
14640
14639
14643
14647
14646
14648
14649
14649
14650
14648
14648
14649
14649
14649
14652
14652
14653
14653
14653
14653
14653
14652
14652
14654
14654
14654
14655
14655
14657
14657
14655
14655
14655
14657
14655
14656
14657
14656
14654
14655
14654
14654
14654
14660
14663
14669
14669
14666
14669
14669
14667
14667
14666
14666
14666
14667
14667
14670
14670
14668
14667
14667
14665
14668
14668
14670
14667
14667
14667
14667
14666
14666
14669
14667
14667
14667
14666
14667
14668
14670
14668
14669
14674
14674
14673
14675
14679
14679
14674
14672
14672
14671
14677
14677
14680
14680
14680
14675
14676
14677
14673
14672
14672
14672
14672
14672
14674
14677
14678
14678
14677
14677
14677
14674
14671
14671
14674
14674
14674
14674
14674
14674
14674
14672
14672
14670
14672
14673
14673
14672
14674
14678
14678
14683
14683
14681
14681
14681
14681
14682
14680
14680
14684
14689
14689
14689
14690
14688
14686
14677
14677
14677
14677
14677
14671
14671
14667
14667
14668
14672
14675
14676
14676
14678
14680
14680
14677
14678
14677
14677
14677
14678
14678
14677
14677
14677
14675
14675
14677
14677
14680
14676
14676
14680
14680
14682
14682
14680
14681
14680
14680
14680
14680
14680
14678
14684
14684
14683
14681
14681
14679
14679
14679
14680
14680
14680
14680
14682
14682
14684
14685
14681
14680
14681
14680
14680
14679
14680
14680
14680
14680
14681
14681
14681
14679
14680
14680
14680
14682
14684
14684
14684
14686
14686
14686
14686
14686
14689
14687
14687
14687
14683
14683
14682
14681
14681
14682
14682
14682
14683
14682
14677
14677
14675
14675
14677
14676
14678
14678
14678
14678
14678
14679
14678
14678
14678
14680
14680
14680
14682
14682
14682
14680
14678
14679
14676
14675
14674
14677
14677
14675
14675
14677
14677
14677
14679
14679
14680
14679
14680
14678
14676
14676
14676
14676
14677
14680
14677
14677
14679
14678
14678
14676
14679
14680
14681
14682
14681
14681
14681
14681
14681
14681
14681
14682
14684
14684
14680
14676
14666
14669
14675
14670
14670
14672
14672
14670
14669
14669
14669
14666
14666
14666
14664
14664
14663
14663
14665
14665
14665
14665
14664
14665
14665
14669
14668
14668
14671
14671
14674
14671
14669
14669
14668
14671
14672
14672
14675
14675
14675
14676
14678
14678
14678
14676
14678
14679
14681
14681
14680
14680
14678
14680
14677
14677
14679
14679
14676
14673
14673
14676
14676
14676
14676
14677
14677
14677
14678
14677
14678
14676
14675
14680
14677
14677
14677
14677
14678
14673
14677
14683
14685
14687
14687
14687
14688
14686
14689
14693
14693
14693
14693
14690
14694
14695
14695
14691
14690
14691
14684
14682
14682
14684
14684
14684
14684
14686
14686
14688
14689
14688
14689
14689
14689
14689
14688
14688
14686
14687
14688
14688
14687
14687
14686
14686
14691
14695
14687
14687
14687
14682
14682
14682
14681
14679
14679
14679
14679
14679
14682
14683
14684
14682
14681
14681
14681
14682
14682
14684
14684
14680
14684
14686
14686
14682
14686
14686
14684
14683
14685
14685
14685
14693
14693
14699
14699
14702
14704
14705
14704
14703
14707
14707
14707
14708
14708
14708
14701
14701
14698
14699
14699
14699
14697
14700
14698
14698
14698
14698
14695
14696
14693
14691
14691
14689
14690
14688
14687
14687
14688
14687
14686
14685
14685
14685
14682
14688
14688
14691
14691
14689
14688
14688
14691
14691
14691
14691
14691
14691
14690
14690
14687
14690
14690
14690
14690
14688
14688
14686
14689
14689
14689
14685
14685
14685
14685
14684
14685
14684
14684
14684
14684
14689
14689
14689
14687
14687
14687
14686
14680
14685
14685
14687
14685
14685
14685
14685
14681
14681
14684
14684
14684
14683
14679
14678
14685
14685
14685
14682
14682
14681
14681
14681
14677
14677
14680
14680
14682
14682
14680
14681
14680
14682
14680
14682
14682
14680
14683
14681
14682
14685
14687
14685
14684
14686
14686
14693
14693
14693
14691
14693
14689
14689
14688
14686
14684
14684
14685
14691
14691
14691
14689
14690
14690
14693
14694
14696
14698
14699
14699
14701
14701
14701
14699
14700
14700
14699
14699
14697
14697
14698
14698
14700
14700
14701
14701
14701
14700
14700
14699
14699
14698
14698
14696
14696
14696
14697
14699
14698
14691
14691
14689
14689
14687
14687
14689
14689
14689
14689
14689
14689
14691
14691
14696
14695
14695
14696
14694
14698
14700
14702
14697
14703
14703
14703
14707
14707
14706
14709
14712
14710
14706
14705
14706
14706
14706
14706
14705
14707
14707
14705
14706
14712
14714
14716
14714
14711
14711
14711
14710
14708
14711
14708
14707
14709
14709
14709
14711
14711
14711
14711
14711
14712
14708
14709
14711
14711
14712
14707
14707
14710
14710
14712
14714
14713
14713
14717
14716
14712
14712
14713
14712
14711
14710
14713
14712
14716
14716
14713
14715
14713
14713
14710
14710
14709
14707
14708
14708
14708
14708
14703
14703
14703
14701
14701
14697
14698
14698
14698
14699
14700
14703
14707
14710
14709
14714
14712
14712
14712
14712
14712
14713
14713
14712
14714
14715
14715
14713
14718
14717
14717
14717
14716
14716
14711
14711
14709
14708
14709
14704
14700
14699
14698
14698
14700
14702
14707
14709
14710
14710
14707
14707
14705
14707
14707
14705
14707
14711
14711
14714
14710
14707
14707
14707
14711
14711
14711
14711
14713
14712
14712
14715
14717
14717
14713
14712
14712
14712
14713
14711
14711
14713
14713
14713
14713
14712
14712
14712
14709
14708
14705
14705
14705
14703
14703
14700
14699
14699
14699
14699
14699
14705
14705
14705
14707
14709
14705
14710
14711
14712
14711
14711
14713
14713
14714
14715
14715
14715
14714
14717
14717
14716
14715
14717
14719
14719
14719
14720
14724
14729
14729
14729
14731
14732
14733
14733
14735
14740
14744
14746
14743
14746
14746
14747
14746
14745
14748
14742
14740
14738
14736
14737
14735
14746
14746
14748
14746
14747
14748
14750
14751
14752
14746
14746
14746
14744
14744
14741
14741
14739
14736
14734
14734
14736
14736
14733
14730
14732
14734
14734
14730
14733
14733
14737
14737
14740
14737
14737
14737
14737
14734
14722
14722
14723
14725
14725
14725
14725
14724
14723
14723
14723
14723
14722
14720
14719
14714
14714
14714
14715
14715
14707
14707
14707
14708
14706
14702
14702
14702
14701
14702
14705
14703
14705
14704
14704
14706
14703
14704
14704
14704
14704
14706
14706
14706
14706
14706
14706
14704
14708
14708
14708
14707
14706
14706
14706
14706
14707
14705
14705
14705
14708
14707
14707
14706
14707
14709
14709
14706
14705
14710
14710
14710
14710
14705
14705
14708
14708
14708
14703
14703
14703
14703
14704
14710
14707
14707
14708
14709
14709
14710
14710
14705
14705
14705
14702
14703
14699
14699
14697
14693
14694
14698
14698
14698
14695
14701
14701
14703
14700
14702
14702
14700
14694
14687
14687
14689
14691
14696
14696
14694
14693
14693
14693
14693
14693
14694
14696
14697
14697
14697
14697
14697
14698
14696
14697
14699
14699
14699
14701
14701
14701
14698
14694
14697
14693
14697
14698
14700
14699
14699
14699
14700
14702
14701
14700
14702
14698
14698
14698
14699
14703
14703
14702
14702
14702
14703
14707
14707
14707
14707
14709
14709
14707
14710
14709
14704
14703
14701
14701
14699
14699
14699
14698
14699
14700
14701
14704
14702
14708
14708
14706
14707
14706
14706
14706
14701
14703
14703
14703
14703
14702
14704
14704
14705
14705
14705
14699
14696
14702
14702
14702
14702
14701
14699
14699
14699
14701
14701
14704
14704
14708
14712
14716
14716
14716
14710
14709
14709
14709
14707
14708
14710
14710
14712
14713
14711
14711
14711
14713
14714
14712
14713
14714
14711
14711
14711
14713
14709
14707
14705
14705
14705
14705
14705
14706
14704
14704
14704
14706
14706
14702
14705
14705
14703
14703
14703
14704
14704
14706
14705
14711
14711
14711
14711
14712
14710
14711
14711
14710
14703
14702
14703
14703
14704
14704
14702
14699
14696
14697
14694
14692
14694
14686
14687
14686
14686
14685
14683
14683
14679
14681
14679
14678
14677
14677
14675
14676
14674
14675
14673
14677
14673
14672
14672
14670
14674
14679
14678
14679
14684
14682
14682
14675
14675
14675
14675
14675
14674
14675
14675
14675
14674
14677
14677
14677
14675
14675
14675
14677
14679
14679
14679
14679
14679
14681
14682
14685
14684
14686
14686
14685
14685
14685
14691
14688
14688
14688
14681
14680
14675
14675
14674
14682
14679
14677
14677
14677
14677
14677
14680
14681
14681
14682
14682
14682
14684
14684
14684
14682
14685
14685
14685
14685
14685
14689
14689
14691
14694
14692
14689
14689
14688
14688
14688
14688
14688
14684
14683
14684
14684
14680
14680
14678
14676
14675
14675
14675
14677
14677
14677
14683
14683
14684
14684
14684
14681
14682
14682
14682
14678
14677
14677
14677
14674
14676
14681
14681
14683
14686
14686
14686
14683
14683
14683
14683
14683
14683
14684
14684
14683
14683
14680
14682
14679
14677
14677
14678
14680
14680
14680
14680
14680
14682
14685
14687
14677
14675
14675
14675
14677
14676
14676
14677
14676
14674
14675
14677
14672
14672
14672
14672
14671
14673
14674
14675
14677
14677
14678
14676
14675
14675
14676
14675
14674
14680
14680
14677
14676
14672
14674
14673
14673
14675
14673
14673
14673
14667
14665
14659
14661
14661
14658
14660
14661
14659
14657
14662
14659
14657
14657
14663
14668
14668
14667
14669
14669
14671
14675
14675
14677
14676
14679
14677
14674
14673
14673
14672
14672
14670
14670
14666
14664
14661
14659
14659
14658
14659
14661
14662
14661
14661
14664
14665
14665
14667
14667
14664
14660
14656
14656
14657
14665
14657
14657
14657
14659
14659
14658
14659
14655
14647
14647
14647
14642
14645
14645
14648
14648
14648
14646
14645
14645
14645
14646
14644
14649
14647
14650
14652
14652
14653
14652
14651
14651
14645
14646
14646
14649
14649
14651
14652
14648
14650
14650
14650
14650
14652
14650
14650
14651
14650
14650
14650
14649
14646
14650
14651
14651
14651
14652
14653
14654
14654
14652
14649
14649
14649
14649
14648
14646
14643
14645
14644
14646
14648
14646
14646
14646
14646
14646
14645
14645
14649
14652
14649
14648
14648
14648
14650
14652
14650
14646
14644
14643
14644
14644
14644
14641
14642
14642
14640
14634
14638
14638
14638
14636
14637
14637
14636
14633
14631
14629
14629
14629
14630
14630
14628
14626
14626
14626
14628
14628
14628
14630
14630
14628
14625
14627
14627
14628
14628
14630
14631
14631
14631
14631
14629
14628
14630
14630
14630
14632
14632
14632
14632
14632
14632
14632
14632
14632
14631
14629
14631
14631
14632
14634
14634
14634
14637
14638
14638
14640
14641
14640
14641
14645
14641
14644
14644
14644
14642
14642
14642
14641
14641
14641
14644
14642
14642
14640
14640
14636
14636
14633
14627
14630
14630
14630
14635
14637
14639
14639
14638
14631
14629
14632
14632
14634
14633
14636
14637
14640
14640
14643
14642
14642
14642
14648
14646
14645
14647
14649
14652
14652
14652
14652
14652
14652
14652
14652
14654
14655
14653
14653
14653
14654
14652
14652
14652
14652
14653
14653
14654
14657
14657
14652
14651
14650
14650
14650
14648
14645
14646
14646
14646
14646
14646
14642
14643
14643
14641
14640
14641
14640
14638
14638
14636
14637
14637
14637
14627
14627
14629
14629
14627
14631
14629
14631
14629
14632
14633
14633
14633
14631
14631
14630
14635
14628
14630
14635
14634
14634
14634
14634
14637
14638
14636
14634
14634
14632
14630
14632
14632
14632
14631
14636
14636
14635
14639
14641
14643
14643
14642
14646
14642
14642
14641
14643
14643
14637
14635
14636
14636
14627
14629
14631
14629
14632
14632
14626
14626
14622
14628
14629
14629
14631
14631
14633
14633
14633
14635
14635
14635
14635
14631
14629
14631
14633
14633
14633
14633
14633
14636
14636
14638
14636
14636
14637
14637
14635
14633
14633
14631
14632
14630
14630
14632
14632
14629
14626
14628
14628
14624
14624
14621
14621
14616
14616
14615
14614
14616
14616
14618
14617
14616
14616
14617
14620
14621
14618
14620
14620
14618
14615
14617
14616
14619
14622
14621
14622
14620
14622
14620
14620
14619
14620
14620
14621
14621
14619
14619
14619
14620
14620
14622
14622
14620
14621
14621
14615
14613
14614
14612
14612
14608
14606
14609
14609
14604
14604
14606
14605
14608
14608
14601
14598
14598
14599
14599
14597
14597
14599
14599
14601
14600
14598
14597
14597
14599
14600
14598
14602
14605
14605
14605
14605
14604
14604
14604
14602
14602
14599
14599
14599
14598
14598
14598
14599
14602
14606
14606
14605
14604
14604
14604
14604
14602
14598
14597
14605
14601
14602
14602
14602
14600
14598
14600
14601
14601
14604
14602
14604
14604
14604
14605
14600
14598
14596
14590
14588
14587
14588
14586
14586
14586
14586
14586
14592
14592
14590
14591
14590
14592
14591
14594
14592
14592
14592
14596
14596
14594
14594
14594
14593
14593
14594
14594
14596
14596
14595
14595
14594
14592
14591
14591
14594
14594
14594
14593
14593
14595
14595
14595
14593
14593
14594
14594
14594
14592
14589
14589
14593
14592
14590
14591
14592
14592
14592
14594
14593
14599
14599
14602
14604
14605
14605
14605
14609
14610
14613
14617
14617
14616
14616
14616
14619
14619
14618
14619
14619
14616
14620
14613
14613
14611
14613
14613
14615
14615
14618
14618
14615
14615
14615
14614
14615
14615
14615
14613
14613
14613
14612
14614
14616
14617
14617
14619
14618
14618
14618
14618
14618
14618
14618
14621
14624
14624
14624
14624
14624
14624
14624
14629
14629
14629
14629
14630
14630
14632
14628
14629
14634
14632
14633
14631
14631
14631
14631
14630
14625
14628
14627
14627
14627
14623
14623
14620
14622
14623
14624
14624
14624
14619
14619
14610
14617
14617
14618
14615
14614
14614
14613
14613
14615
14612
14609
14609
14609
14609
14609
14609
14608
14604
14604
14604
14600
14599
14599
14600
14599
14599
14600
14602
14603
14604
14604
14604
14604
14603
14604
14605
14607
14606
14606
14606
14606
14600
14600
14603
14603
14602
14601
14601
14600
14600
14602
14603
14606
14608
14608
14607
14607
14607
14607
14604
14604
14603
14600
14606
14606
14606
14607
14605
14605
14605
14608
14608
14610
14611
14611
14609
14608
14610
14610
14610
14609
14610
14607
14609
14607
14607
14609
14609
14609
14608
14602
14603
14604
14603
14603
14603
14604
14602
14598
14599
14596
14596
14599
14599
14598
14602
14605
14605
14610
14610
14611
14610
14610
14611
14608
14608
14608
14608
14608
14608
14608
14606
14606
14606
14605
14605
14606
14603
