14707
14708
14700
14699
14698
14699
14699
14699
14703
14703
14702
14702
14702
14700
14704
14708
14706
14708
14712
14710
14709
14709
14709
14709
14709
14711
14709
14709
14711
14711
14711
14713
14711
14711
14711
14709
14709
14709
14711
14713
14713
14716
14716
14716
14716
14716
14714
14712
14712
14712
14712
14706
14702
14702
14706
14704
14705
14708
14708
14708
14708
14704
14704
14699
14696
14698
14698
14700
14703
14703
14703
14705
14703
14702
14704
14704
14703
14703
14705
14702
14702
14702
14702
14710
14710
14706
14706
14704
14704
14708
14705
14707
14707
14708
14709
14707
14709
14709
14710
14710
14708
14707
14707
14705
14705
14706
14706
14706
14706
14707
14709
14708
14708
14708
14708
14704
14704
14707
14708
14708
14707
14707
14703
14702
14704
14704
14702
14702
14702
14702
14702
14701
14704
14703
14706
14705
14703
14700
14700
14700
14701
14701
14701
14705
14705
14705
14708
14708
14708
14711
14712
14714
14714
14712
14712
14713
14714
14714
14714
14713
14713
14713
14711
14713
14715
14715
14715
14715
14714
14714
14716
14716
14714
14714
14711
14709
14709
14709
14709
14710
14708
14709
14709
14709
14710
14710
14706
14711
14713
14709
14709
14706
14707
14707
14708
14705
14705
14705
14707
14707
14709
14710
14708
14708
14708
14708
14704
14704
14705
14705
14701
14701
14703
14703
14707
14708
14707
14710
14710
14713
14712
14712
14712
14710
14711
14711
14714
14714
14713
14713
14713
14714
14714
14714
14710
14709
14711
14711
14714
14712
14712
14711
14706
14706
14708
14707
14707
14708
14709
14709
14714
14715
14715
14714
14718
14718
14716
14714
14708
14711
14709
14709
14710
14710
14710
14710
14709
14715
14717
14717
14720
14720
14720
14720
14722
14719
14718
14716
14716
14716
14714
14718
14718
14721
14721
14724
14724
14723
14724
14724
14726
14726
14726
14725
14725
14725
14725
14725
14727
14725
14729
14729
14729
14719
14719
14714
14712
14712
14712
14714
14714
14716
14715
14713
14715
14715
14714
14712
14714
14711
14710
14706
14705
14705
14705
14706
14712
14713
14713
14718
14718
14717
14717
14717
14718
14718
14717
14717
14718
14718
14714
14715
14715
14715
14712
14712
14710
14708
14708
14708
14708
14709
14709
14709
14709
14708
14710
14710
14707
14704
14703
14701
14699
14698
14697
14699
14698
14697
14697
14705
14702
14705
14707
14710
14710
14710
14699
14705
14705
14706
14704
14704
14708
14708
14707
14707
14704
14711
14711
14710
14710
14708
14704
14704
14705
14705
14701
14701
14703
14701
14697
14699
14699
14699
14699
14700
14700
14700
14700
14700
14700
14700
14700
14700
14700
14698
14700
14698
14698
14698
14701
14709
14706
14706
14706
14709
14711
14709
14709
14713
14711
14711
14711
14710
14711
14712
14712
14713
14718
14718
14718
14717
14717
14716
14717
14712
14714
14712
14712
14712
14712
14710
14708
14708
14703
14703
14709
14710
14710
14713
14714
14718
14718
14718
14718
14719
14719
14713
14719
14719
14717
14717
14717
14713
14713
14713
14711
14711
14711
14707
14707
14707
14708
14708
14704
14705
14703
14703
14698
14701
14703
14703
14703
14705
14709
14709
14709
14712
14711
14710
14712
14713
14712
14712
14712
14712
14713
14713
14713
14713
14711
14708
14708
14708
14708
14708
14710
14710
14710
14722
14727
14731
14729
14729
14728
14725
14723
14722
14722
14722
14720
14721
14723
14725
14725
14725
14725
14725
14725
14723
14722
14721
14716
14715
14715
14714
14714
14719
14721
14725
14723
14723
14730
14730
14731
14727
14725
14729
14728
14723
14723
14726
14727
14729
14729
14729
14731
14731
14731
14731
14730
14735
14738
14742
14741
14741
14740
14742
14742
14742
14741
14732
14732
14732
14730
14733
14737
14742
14742
14742
14742
14742
14748
14750
14756
14756
14754
14754
14757
14760
14760
14762
14762
14762
14762
14761
14761
14758
14758
14758
14758
14759
14759
14762
14756
14757
14756
14758
14760
14763
14763
14764
14763
14763
14763
14763
14764
14766
14767
14768
14768
14770
14770
14772
14772
14772
14772
14780
14780
14779
14779
14780
14780
14780
14774
14775
14775
14777
14777
14777
14777
14777
14776
14776
14775
14775
14768
14768
14773
14771
14770
14770
14769
14769
14769
14769
14764
14760
14758
14758
14758
14756
14750
14748
14749
14749
14747
14747
14745
14747
14747
14747
14747
14747
14744
14744
14739
14737
14734
14732
14727
14726
14728
14728
14727
14727
14730
14730
14731
14729
14727
14727
14725
14725
14725
14724
14725
14725
14725
14728
14728
14728
14726
14725
14725
14725
14724
14725
14725
14725
14725
14721
14721
14721
14721
14718
14718
14720
14719
14719
14721
14721
14722
14722
14722
14724
14724
14723
14720
14715
14715
14715
14716
14713
14709
14709
14709
14707
14707
14710
14708
14708
14707
14707
14707
14707
14706
14703
14704
14704
14703
14703
14701
14701
14701
14704
14707
14709
14705
14704
14708
14709
14708
14709
14711
14710
14710
14710
14713
14712
14709
14708
14708
14706
14704
14705
14705
14706
14704
14704
14704
14705
14707
14708
14711
14711
14709
14709
14711
14711
14714
14714
14713
14713
14713
14713
14711
14708
14699
14697
14697
14698
14698
14696
14697
14697
14700
14700
14700
14701
14703
14705
14705
14705
14705
14707
14698
14695
14695
14692
14695
14695
14695
14695
14698
14697
14697
14695
14695
14695
14691
14691
14693
14694
14696
14696
14695
14696
14697
14695
14698
14698
14698
14696
14696
14696
14696
14701
14701
14701
14701
14701
14701
14704
14707
14706
14703
14705
14701
14698
14698
14698
14698
14698
14696
14696
14697
14697
14702
14702
14702
14702
14699
14699
14699
14697
14700
14700
14701
14701
14703
14705
14709
14709
14710
14710
14710
14708
14708
14708
14704
14708
14708
14709
14709
14711
14711
14711
14710
14709
14709
14716
14716
14723
14725
14723
14725
14726
14726
14726
14726
14728
14730
14730
14733
14737
14736
14737
14737
14741
14741
14742
14744
14741
14741
14741
14741
14745
14745
14743
14746
14748
14748
14748
14748
14748
14745
14745
14744
14745
14744
14744
14744
14746
14746
14747
14747
14744
14744
14744
14741
14741
14742
14741
14742
14741
14740
14737
14736
14735
14734
14734
14734
14735
14730
14730
14730
14730
14729
14731
14730
14729
14731
14731
14725
14725
14726
14727
14730
14729
14726
14728
14732
14734
14736
14739
14743
14740
14740
14738
14743
14743
14745
14746
14746
14747
14747
14751
14756
14758
14758
14758
14760
14758
14760
14761
14760
14760
14756
14754
14754
14751
14751
14748
14749
14745
14745
14743
14747
14747
14749
14747
14747
14747
14748
14748
14749
14748
14748
14748
14754
14754
14754
14754
14754
14752
14751
14747
14749
14748
14742
14743
14741
14739
14739
14739
14738
14740
14740
14738
14737
14738
14735
14735
14735
14735
14735
14735
14740
14739
14739
14742
14742
14740
14745
14747
14747
14747
14749
14753
14755
14761
14763
14767
14766
14767
14770
14772
14768
14769
14769
14773
14775
14777
14779
14775
14775
14775
14776
14776
14772
14772
14776
14775
14779
14780
14780
14780
14776
14777
14778
14778
14778
14778
14780
14780
14783
14783
14783
14783
14783
14783
14783
14781
14782
14781
14783
14781
14780
14780
14780
14780
14780
14780
14780
14778
14779
14779
14779
14779
14779
14773
14771
14771
14772
14774
14774
14772
14774
14774
14774
14776
14775
14780
14782
14782
14782
14781
14781
14781
14781
14781
14781
14780
14783
14785
14785
14778
14778
14778
14780
14781
14782
14783
14782
14778
14780
14780
14780
14780
14779
14783
14779
14782
14784
14784
14781
14783
14783
14784
14784
14781
14781
14777
14777
14777
14777
14777
14777
14780
14780
14781
14781
14783
14782
14787
14787
14785
14785
14785
14786
14787
14784
14784
14784
14784
14784
14783
14783
14785
14785
14783
14783
14783
14783
14780
14789
14787
14791
14795
14793
14795
14795
14791
14790
14792
14792
14791
14796
14794
14794
14791
14790
14790
14788
14786
14785
14788
14789
14786
14786
14784
14784
14786
14788
14788
14788
14790
14790
14791
14792
14791
14791
14791
14790
14795
14795
14792
14795
14801
14800
14801
14801
14801
14801
14798
14798
14799
14796
14796
14795
14795
14796
14790
14794
14794
14791
14787
14789
14791
14792
14792
14791
14791
14791
14792
14791
14791
14791
14791
14795
14793
14792
14792
14792
14788
14787
14787
14787
14786
14786
14786
14784
14783
14780
14780
14780
14780
14780
14780
14781
14776
14778
14779
14775
14774
14766
14766
14766
14766
14766
14766
14764
14764
14765
14765
14765
14764
14765
14764
14763
14761
14763
14763
14763
14765
14764
14766
14766
14766
14766
14764
14764
14765
14764
14764
14761
14761
14766
14768
14768
14763
14765
14768
14768
14770
14772
14772
14771
14771
14771
14772
14768
14767
14767
14767
14763
14763
14765
14768
14767
14767
14767
14768
14768
14769
14765
14764
14767
14766
14766
14768
14768
14768
14768
14767
14766
14767
14767
14767
14769
14767
14767
14767
14766
14761
14761
14761
14761
14764
14765
14765
14765
14765
14765
14765
14765
14763
14759
14759
14754
14753
14751
14750
14748
14749
14747
14749
14747
14747
14750
14750
14748
14744
14743
14741
14741
14742
14739
14739
14744
14750
14750
14752
14752
14750
14750
14750
14753
14753
14753
14752
14750
14750
14749
14749
14749
14749
14749
14755
14754
14753
14750
14747
14747
14747
14749
14748
14756
14756
14756
14756
14758
14757
14757
14760
14762
14762
14763
14763
14765
14761
14761
14763
14763
14764
14764
14762
14759
14757
14758
14758
14758
14760
14761
14764
14764
14764
14764
14765
14765
14765
14765
14765
14765
14765
14763
14763
14763
14759
14759
14760
14762
14757
14759
14757
14759
14757
14757
14756
14754
14754
14750
14750
14750
14750
14750
14747
14747
14748
14743
14744
14743
14758
14758
14760
14760
14760
14760
14764
14764
14763
14761
14761
14759
14757
14756
14753
14755
14755
14754
14754
14754
14754
14757
14756
14757
14755
14755
14755
14755
14755
14755
14752
14757
14757
14757
14757
14757
14757
14757
14757
14757
14759
14761
14761
14762
14762
14763
14763
14766
14771
14773
14773
14773
14770
14765
14762
14761
14762
14762
14762
14760
14760
14757
14761
14757
14760
14762
14760
14762
14760
14760
14760
14761
14761
14764
14764
14764
14764
14764
14766
14766
14762
14764
14764
14764
14764
14761
14762
14763
14763
14765
14765
14765
14770
14776
14776
14776
14776
14787
14787
14786
14786
14785
14783
14785
14785
14786
14787
14791
14795
14796
14796
14793
14796
14796
14796
14798
14796
14795
14794
14793
14795
14795
14791
14788
14789
14792
14795
14796
14798
14798
14798
14800
14800
14798
14798
14798
14798
14796
14799
14799
14798
14798
14801
14801
14800
14799
14797
14797
14797
14794
14794
14794
14794
14794
14794
14794
14792
14793
14793
14791
14789
14789
14789
14781
14782
14781
14783
14784
14786
14786
14786
14795
14795
14795
14792
14792
14791
14792
14794
14794
14794
14794
14794
14793
14791
14793
14792
14789
14791
14788
14787
14785
14781
14779
14778
14778
14774
14772
14769
14771
14773
14772
14771
14771
14771
14765
14765
14766
14766
14766
14766
14766
14765
14765
14767
14767
14769
14770
14772
14770
14770
14772
14772
14773
14771
14771
14771
14771
14772
14776
14776
14782
14781
14781
14781
14780
14778
14781
14775
14776
14775
14780
14782
14783
14779
14777
14773
14771
14770
14774
14773
14778
14777
14776
14784
14783
14783
14785
14785
14785
14782
14782
14786
14783
14782
14782
14782
14782
14780
14776
14776
14777
14777
14780
14780
14776
14778
14778
14777
14779
14776
14774
14774
14777
14777
14777
14776
14778
14777
14777
14777
14779
14777
14774
14774
14774
14772
14773
14772
14770
14772
14772
14773
14771
14770
14771
14768
14768
14766
14766
14764
14769
14768
14770
14768
14770
14770
14769
14768
14768
14768
14768
14768
14765
14765
14765
14765
14767
14768
14769
14769
14769
14769
14769
14766
14766
14762
14762
14760
14757
14757
14755
14755
14754
14754
14754
14754
14754
14754
14754
14754
14754
14753
14751
14749
14749
14748
14752
14750
14746
14747
14747
14747
14749
14749
14749
14749
14751
14749
14748
14748
14751
14751
14749
14749
14748
14746
14744
14744
14744
14742
14742
14746
14743
14743
14744
14744
14744
14748
14749
14747
14746
14746
14746
14747
14747
14745
14743
14741
14740
14740
14740
14742
14738
14741
14740
14744
14743
14747
14747
14749
14749
14748
14748
14748
14750
14753
14753
14753
14753
14753
14750
14748
14748
14744
14742
14742
14742
14739
14739
14739
14741
14741
14741
14741
14741
14742
14742
14742
14738
14739
14739
14739
14739
14739
14739
14739
14737
14737
14734
14734
14734
14734
14733
14734
14733
14731
14732
14732
14743
14746
14746
14745
14746
14746
14745
14746
14746
14748
14746
14746
14746
14747
14747
14747
14753
14753
14755
14751
14751
14751
14751
14751
14751
14751
14750
14747
14747
14747
14745
14745
14745
14750
14750
14751
14751
14751
14751
14750
14750
14750
14750
14750
14750
14750
14752
14749
14749
14749
14748
14749
14749
14751
14751
14754
14754
14754
14750
14747
14749
14753
14750
14749
14746
14746
14744
14741
14741
14741
14741
14741
14741
14741
14745
14747
14748
14748
14749
14748
14744
14742
14741
14737
14736
14736
14741
14743
14743
14741
14741
14739
14739
14739
14740
14736
14736
14736
14736
14736
14737
14736
14736
14730
14732
14730
14730
14731
14735
14739
14739
14739
14739
14739
14742
14740
14739
14737
14733
14734
14734
14735
14737
14737
14737
14737
14738
14737
14735
14735
14735
14738
14738
14740
14740
14740
14742
14743
14743
14743
14744
14744
14746
14746
14749
14750
14748
14749
14748
14746
14746
14746
14746
14746
14743
14742
14741
14741
14741
14740
14740
14734
14736
14738
14739
14739
14736
14734
14732
14727
14724
14723
14723
14727
14727
14732
14731
14730
14730
14730
14729
14729
14729
14731
14735
14739
14739
14741
14745
14744
14743
14743
14743
14743
14746
14747
14748
14750
14746
14747
14748
14746
14742
14749
14747
14744
14744
14741
14739
14739
14739
14739
14741
14741
14741
14741
14741
14740
14737
14737
14737
14740
14740
14740
14740
14740
14742
14740
14740
14740
14740
14741
14742
14739
14738
14738
14737
14734
14741
14739
14738
14737
14736
14737
14737
14737
14736
14738
14739
14747
14745
14746
14744
14741
14741
14741
14741
14741
14741
14742
14742
14738
14740
14739
14739
14738
14737
14736
14735
14735
14735
14735
14735
14733
14734
14734
14735
14735
14731
14730
14730
14729
14735
14739
14744
14745
14745
14747
14748
14748
14748
14748
14748
14750
14749
14750
14750
14750
14753
14753
14753
14756
14757
14758
14758
14757
14757
14755
14755
14756
14753
14753
14750
14747
14746
14742
14744
14744
14744
14748
14747
14747
14746
14740
14740
14740
14740
14738
14737
14737
14737
14740
14740
14737
14735
14728
14728
14730
14730
14728
14729
14729
14730
14728
14728
14728
14736
14737
14733
14731
14731
14729
14729
14726
14726
14727
14725
14725
14727
14728
14728
14728
14728
14728
14732
14732
14732
14734
14733
14732
14734
14732
14732
14730
14730
14730
14725
14725
14725
14723
14726
14728
14728
14733
14731
14733
14736
14735
14735
14735
14730
14727
14732
14735
14733
14737
14737
14737
14741
14738
14738
14735
14735
14734
14733
14735
14736
14736
14736
14736
14735
14735
14735
14732
14726
14726
14726
14726
14722
14722
14721
14721
14723
14724
14724
14724
14726
14724
14724
14726
14721
14723
14723
14723
14725
14727
14728
14728
14728
14729
14729
14730
14730
14730
14730
14732
14734
14731
14735
14735
14733
14733
14733
14737
14736
14736
14744
14742
14743
14743
14741
14741
14742
14749
14751
14752
14753
14754
14755
14755
14750
14750
14749
14749
14749
14748
14745
14752
14751
14749
14749
14750
14750
14751
14751
14754
14754
14752
14753
14753
14753
14752
14753
14753
14753
14751
14750
14750
14752
14750
14758
14758
14760
14760
14760
14761
14763
14765
14765
14766
14768
14767
14768
14767
14775
14775
14775
14773
14771
14773
14771
14771
14771
14769
14768
14766
14766
14764
14766
14763
14771
14775
14776
14780
14780
14781
14786
14789
14789
14789
14806
14807
14806
14806
14803
14803
14805
14806
14801
14799
14799
14799
14799
14795
14795
14793
14798
14800
14800
14805
14805
14804
14804
14804
14805
14806
14803
14803
14803
14803
14799
14799
14798
14796
14792
14796
14792
14792
14796
14796
14798
14790
14791
14792
14796
14798
14797
14799
14800
14801
14801
14800
14798
14797
14802
14804
14799
14801
14801
14801
14802
14799
14797
14797
14797
14794
14792
14791
14791
14795
14795
14795
14795
14795
14799
14799
14797
14795
14794
14794
14792
14794
14796
14791
14793
14792
14794
14794
14789
14793
14796
14796
14796
14797
14793
14793
14795
14795
14800
14800
14803
14805
14804
14809
14808
14810
14810
14817
14816
14817
14817
14817
14815
14815
14817
14817
14816
14816
14817
14817
14814
14813
14814
14815
14813
14812
14816
14822
14820
14820
14820
14820
14821
14821
14820
14819
14820
14825
14827
14828
14828
14828
14831
14828
14830
14827
14826
14828
14829
14826
14827
14828
14829
14834
14832
14832
14833
14835
14837
14839
14837
14833
14833
14829
14829
14829
14829
14831
14831
14835
14835
14835
14837
14837
14832
14832
14834
14834
14832
14834
14833
14835
14836
14839
14839
14841
14841
14843
14841
14841
14844
14846
14848
14848
14846
14846
14850
14850
14849
14849
14849
14851
14854
14852
14851
14851
14849
14851
14849
14849
14850
14850
14851
14850
14849
14849
14846
14845
14843
14846
14846
14844
14843
14843
14843
14843
14844
14842
14840
14842
14842
14844
14844
14845
14844
14844
14845
14844
14846
14849
14849
14849
14847
14846
14846
14844
14848
14846
14843
14841
14841
14845
14845
14844
14837
14837
14837
14836
14836
14838
14833
14835
14835
14834
14834
14834
14833
14832
14833
14831
14828
14828
14827
14825
14825
14825
14827
14827
14827
14827
14831
14831
14831
14834
14832
14834
14834
14835
14836
14836
14835
14835
14833
14826
14828
14829
14830
14826
14826
14830
14831
14831
14830
14830
14831
14831
14831
14830
14828
14830
14825
14827
14827
14827
14825
14825
14824
14827
14826
14826
14826
14825
14825
14827
14828
14823
14824
14824
14825
14825
14823
14822
14821
14822
14822
14818
14816
14818
14818
14821
14821
14821
14817
14819
14819
14815
14815
14823
14823
14827
14826
14820
14820
14820
14821
14816
14817
14817
14819
14819
14819
14819
14817
14817
14815
14813
14814
14815
14815
14816
14818
14818
14817
14818
14815
14816
14816
14813
14815
14814
14815
14821
14821
14821
14821
14820
14820
14820
14820
14820
14820
14822
14820
14820
14818
14819
14817
14817
14816
14818
14821
14820
14819
14819
14818
14820
14817
14812
14812
14815
14820
14822
14822
14822
14823
14826
14823
14820
14820
14819
14817
14821
14820
14820
14820
14821
14811
14813
14812
14813
14817
14817
14817
14817
14815
14815
14811
14811
14812
14818
14818
14818
14816
14816
14816
14817
14817
14814
14811
14816
14816
14816
14817
14817
14818
14817
14817
14817
14817
14821
14822
14822
14823
14823
14823
14823
14823
14823
14825
14825
14827
14828
14828
14828
14832
14825
14827
14827
14824
14824
14828
14829
14833
14836
14839
14839
14841
14840
14839
14840
14840
14845
14844
14842
14841
14843
14843
14841
14841
14840
14837
14841
14838
14838
14838
14836
14837
14837
14839
14844
14845
14847
14849
14848
14848
14848
14848
14848
14849
14848
14846
14844
14845
14846
14847
14845
14843
14843
14839
14833
14833
14831
14832
14834
14833
14833
14838
14833
14829
14829
14825
14825
14830
14833
14833
14830
14830
14830
14830
14830
14828
14830
14830
14828
14828
14828
14826
14826
14826
14828
14828
14828
14830
14833
14834
14834
14836
14835
14835
14837
14835
14835
14836
14837
14837
14838
14840
14837
14838
14838
14839
14839
14839
14838
14838
14838
14834
14835
14835
14835
14836
14834
14834
14832
14832
14832
14833
14835
14835
14835
14835
14836
14834
14834
14834
14838
14838
14842
14840
14836
14841
14840
14842
14842
14842
14840
14841
14842
14839
14837
14836
14836
14835
14834
14834
14834
14834
14834
14833
14832
14842
14842
14840
14846
14846
14846
14845
14845
14846
14849
14849
14847
14844
14844
14844
14843
14842
14843
14842
14842
14844
14845
14851
14851
14854
14854
14858
14856
14859
14859
14861
14865
14863
14862
14860
14862
14865
14867
14867
14869
14868
14868
14867
14869
14869
14867
14867
14867
14869
14873
14873
14872
14872
14872
14872
14871
14871
14871
14865
14867
14866
14866
14866
14865
14864
14860
14861
14861
14861
14865
14871
14870
14870
14870
14871
14871
14871
14869
14867
14867
14862
14862
14861
14863
14861
14861
14861
14862
14861
14865
14865
14863
14863
14861
14861
14861
14862
14862
14862
14863
14863
14860
14858
14859
14857
14857
14858
14856
14858
14860
14859
14857
14857
14860
14861
14861
14863
14863
14862
14862
14862
14859
14858
14858
14857
14857
14861
14861
14867
14867
14867
14867
14867
14869
14869
14869
14869
14877
14881
14881
14882
14880
14882
14880
14879
14885
14885
14885
14883
14881
14881
14885
14884
14884
14887
14887
14884
14884
14884
14884
14884
14885
