9
15962409000081136082924678085 82964
1270129435759905766496645 18632
4137130977106275 3152
2012019213796259627926490 13124
78775356352350262935263772316539408649055815575458097564442713043177015020442871448642983500 4459469440000
1594941892480915853050998574380731071979079520727430363332081611109360521197500 81648000800
28531519102919519028365692911382982151112890228467217748820278342645000 35831808100
299601598428382420774355268955698890557041246489187450019600 8388080000
19203179865317198111945212068333046428 2487320
