1604070997361539789010987089139178732827676025934403323958654685650 6270566400
205038139723405064197889565068010771926967025910996209362912720 6370099200
5424393063015055034343765437731651420817039537117686780846492562706 5374771200
22517651624612195708613673720715805984501166743416330105547310046811478033541454 29030400000
123255474877340362588586900648851850979078340766018221710488913923834818923120 429981696000
1384869619726101210607786607487382622 2654208
3332612961272467136658782875041262767926771152363500 429981696
25127092254223401669768358797935907085699087999596173187927147382573469208167807925000 2321901158400
25864831248679059609384151441350423254656122831023428870634209381797572 2388787200
2561970814655162538758595398128083626481235727697353709783356355343134466673694325425338714046840 4938071040000
536950846762040137143775025656 73728
1586526371755980 1728
190879908842087074037239 18432
19558435457401360032902686709533456497444211460173370901377137004599138017034766550031620 2935341711360
191088130543698904295 4608
471528800609933911014294717614321300 2985984
3558715118200063686545427836236620 2985984
1965025955273986965608330674533772296080299038298938796586443289300938135744947421350 859963392000
31118154109662606215885401779331943795066527674065599902874342741397172600 74649600000
11543579090313965947408936293516509285895913001795810498929426437830976825093280501171875 1160950579200
34923237149031006504004844813782364729339139871091411930178245228286190625 9953280000
12799834576630282309715642439609521477689049994519066949993179110395446214661746975417010625261840 5159780352000
190212207016649310456763057103493211437086260849370435981133088776852829668124578900 158018273280
2506974651946083529813737624900575809026492744191148077998322369852202258125700 257989017600
1419658979878759564218008 15552
25742018386123150745194426068181228277480001362715 30233088
14662759135751235330843033837119244086175903785474407200 447897600
