27
37899824600648118773854 12888
2640105460321165893 2305
26296917339349313409140952981668435 122850
10693658452874298400235351649820145609541889106588188714698416352 22937357120
1065186252884958681988168666399 98704
1615314167140964378316527224319136160052223265547618760412520398148813021142201942292209220 522547200008
2325230099497615112803430896886092618947449811981943371718197746320 19171876000
247791749659501688671014057613567781477008390741354071350 547196800
7317434554899261405334669297091188756550 5598730
15397245741062468385924262412735931917204936230083914794919004500 15288238780
6171082350116994480210072157935485763639877270420717373206 929981696
17014876990984335717 4536
871137981785652851511770683846121533827953170825340364064907523365 1436272320
1086086117264905605675978410313580128498032021763360614622975075974331745101376 67722117126
902131270989128732958682655078258040934205636500982110621349991223089034280 49766400020
134883353974174189600570820217983253191670 87915904
2265316850618201200616096429804972500582466282302308556810 477157440
295019471952140435540 20836
357054274844512848847206708374552057152161238219498498889980 1924917632
60353830007432900615 9416
149930832944875118479339 97648
746119136074227078186785400789556636520079534156061010149317662394088087632471100 746696000000
39127775560188301395169974961849721069999877827871078164689931973319951875 60467176000
26857883673754258952806087229434254884481130881685726668192138864005057103979504010122356250 314928000900
179047185147002077482383226654365232014 4194344
37153649382280271177011810003847 73128
21074388101003758821807199703891450560476728154734150 99532100
