1738439333616740609043011930163925682341819575816481950 1132462080
129690830493580572879593745704392565896225558280099865703230800513435175013378259386929923202732876 2889476997120
1462576691 36
11193492712573471921192234917572184164106489626751627685454589669032362000 64497254400
12207640152318036698041299225184810489225938286319290670934237213969718080 83607552000
4998900484310433888869647961737328304849884627379007643510598144366450 64497254400
149355613652461231538247482507445190924634143585111847878297526949545899826389435544250 1160950579200
65805947702186944294570919185870732192282157798010 42467328
55964623301230779989540463084472060088494863381338501130580496073439332751200477704580 1467670855680
14574304380886312721893114938 46080
80045707524344367568739326495498965798530327362971310354495804011013532251610060380732905937500 20316635136000
24349116996910829237482523250815093141219774592670657089232888227725714750388705849021686854428750 10032906240000
1690135078921274165186422193788538695359673481251099148951765400 4837294080
148149122961129755483016869262369649831071295779676280 544195584
6278971818497351022373320175206248301586499611384263988126342696329386100896252187777000 3371056496640
37259188590130 768
8923335609745975633254139483483204623236858566507580753873320845 1194393600
1607709036294210341914900130613237338781654683644987946703357209901200 30233088000
103593494666118195489385382240530290922609566676050 79626240
15922479265704604667733453650808906577000117524508157920730371657614680 11466178560
909013 16
13198904368344587879589438820077105417361929333075 19906560
10710815234413521359013380766475300449929179156707977121657748894500 91729428480
204636780767637581915932843085192312106282645224597866483990007745983074354023621627705847920 6772211712000
13787175591056913479995682566775027921831528388627896432623070036613918544500 580475289600
57297049956257460568328907114911649152955 6718464
57536489738 288
53494744090929538876642570894901893479 819200
37173045753448107700825758086739177850 5971968
308672218502609541149617138313671986105112830000 186624000
128117932727742967811353632722097718683674820365925885233169571151296038320773470 119439360000
1079962692258884230891576729894564159 155520
2022382949801713945715654935475648791804252011328404161726122619024798572945141170670106100 3072577536000
12568495407526648923636298849518666726728007830785809183951938264469938753072570237899500 3627970560000
7608097818921196581319855625491235622738197457225 212336640
227473734463604204621111765338935604633514144165145094495407378179454924757049277640270272 1881169920000
195181685820251343617668976541287067992574852660 71663616
1337460344507985223034085640112361212313341284996771447526340414534919559612317610620468170 792723456000
1105668840394953900573641970183224523563269 2488320
684443834 64
1149362687773464220491464907321767824201101145462305750439263656130443707986399849126616200 4013162496000
1142089567191436076260015530093597 294912
3391372262911268328836 9216
126477895956486172758327048733740965836612457370133103937478409185234058994749114352647896620 1511654400000
31500441378345940 4608
1364782064337376845844048378744590242565054338099904027278713166055510 8957952000
