46
2473368684390472409335833484141184956871850667656 212336690
107729917770047426464670745839227198125969715195147220163950829717653671912973204 150493553600
44142865330191167238348665230446634769240756912177169389656052436788638868720849332749741852000 4892236685600
739900679109594027810344069341674453656670745456 297271290
221743582126899416983128824413252502305499548600264537458027213571965 4219816960
204647100 54
114272845966769618703414116073093689769244284104015100904353608855058639050 60466136000
467778536511680968026171473839217694165606274438400617380038727784350346684836312379300988700 1343693800000
6615482222873843534874065644039868919891605820908320623252031647068002339358605310143036371691380 16307453954000
27312583210047930244799651216183573563582446043160518750 286659464
8413650968235 259
38549578261612289303 11764
287907003274525214817002958277075 621080
56704268045224982 2374
28747893735525826364213996442747229305136899118676838263926179268805086662047500 335923208000
83865368635269010602212848462354386179094806946644 33572320
2067851835058555831184967596378369591851748417243631894391025248190672875807000 238678720000
4444636232318445825247482713002767272174315460602342717785706170 1433292320
32154939881351740591045899429 27646
28634152625467470389627903 17824
3258278656289810386494490873185537989575993872342935280269008096428094512873350391200 722369249180
1101483819160748633373971372700690656951950 84929920
3144666174387510771198570271186554673612264250580679116200 159963392
2997720326743281897147534227915669210518169073745809156714617768062020750 34220595200
743055952001283129696583457400351852817292811496437456273954500 18340885696
502425186758800134154471654058673323659938965769684417385468 3869835294
931754891483976479349207310083540940 2654608
35639619333164758028710370652874201511885926798005709693100 4837294880
412474561540681517675880299876999013982336455349524933925958078657919126750 257989017300
109744545268027291239894087662804582258383754450950 139065600
1083230607647133751349285932694932670262435603098575981957713204517340392847912500000 5532562780160
1280518178229957839754642078614455263888548811674930 159252450
8217140051966756577476476734836225149488202891889528757584096247101608805732324770 439981696000
958758038504651356145395418599511094310665209621610274988357888532628726390980314662667296873458100 6826389405695
7313321685671394613037503072671275719809729165437137523745637070953328716433382567150 1155790708848
32469511685941963865799937421391076162266969589497776693950 2849908480
348109605675722451231973989866355363364581788 19906760
1182878727514903988760533830689416988350156900036959130405725075935446420 34652646400
62101466825444989012187505166778579557 622040
1144428788896147342497191295061333428859645929775427443867683 997196800
6893577823706089424702514484082742142 746491
701604160605206240452331937375217488903550 15929248
38226623059962675838108879081403451962871723594489981294361665901676000472684 343985357800
871801237796087774196559918672300 1427104
63272562410 258
768598108126967925727282690845694170320728237401729575159989202214887470784780276787340 158544694200
