269382143643909093570593497276808780902778045407473400688358851247977884443318787447611699048000 4608866304000
597660917601 256
1106686359650144344723246816070782237481568659199623035406593080284572933733091655200 1007769600000
20930222917019468690397871852717245911624182200 286654464
60473583028040 1536
231926166821423329407948959788917765173909914391379665514351900 8599633920
30011246687614634982464188543375278 983040
93219859103147002910312874945151132201378022165 47775744
28707384824899011405490231028330 147456
26827130850454435145278693091769926218490133750 31457280
5297600654606742497160570007596866194586513568454141837178703548077950204250 16721510400
7012988046610 432
3009830326511396814416654642749725724624456254178094028690229374375 2488320000
40772927 24
20967355105111114773432675 31104
11620761738533272048540960679072226585431730194 22394880
195971175591258788739525957115913248606429850054671985858977644437537166828801000 143327232000
171966684483394971137262312287050820703341585751684099879507819750 4299816960
1190293 16
253183304673035584098545932087450 1990656
4095928600029491490576145377408176617503118161595803832280269606861214444880845180082144624204000 34131947028480
1179356319891509627255551447948687269804748548548536976359017234094935887491113200708230 403107840000
1481496172136368064406093 36864
2067347367471942660774762254479637857308725101389096579602652111007800 11147673600
8938265166167951710580199949689012007923907237797867111505001980840185819708616791672179168736300 2293235712000
46023901097209386702364855288001433474503833589395350300 264539520
123419171233548801915425755784952070566297 1244160
92727431544498622143308115787906910168863980350169008 119439360
61296669291 192
451962416822653618508305815147683579870496946527961230 235929600
1827965784523178962905014830520311426477531961764105621950 1528823808
700552283645721 768
317877138297608599081756311500996610683677204984760056420856082308393475 25798901760
688781729028162823379704585687173256021156626565 25194240
7586147269085 512
7457535982061381342320780429362352897853790 31850496
6884520105156294243197555 55296
21890886425808306437815215797962138608933032236786783069706849150506000 60466176000
193629797845833608911140980134670886472460146780085754667673683653580 14511882240
100472403039231824512360850321312599272057558106817539252187501640922797853498785254481000 3538944000000
50368433750561290454382809370506828175 4976640
73611329305514 1152
98806775386778665858 3456
7577297264311881447973550314596006327336577523696784891534126490672341954419775446005200 2720977920000
199439127662257876266212053 13824
77915488618876234122784472509898329309361131007091696104684146556250 12441600000
50472490983580377486994702810926159436462973684795067560934853446450378774745917480000 19263179980800
6217359975167511607499583378 442368
218982465380619 432
43222155677633225662953610568088048 552960
39687738961869069571929791011723518957987129909708351202955024387792322268089000 515978035200
1535330950880002508402014532593725040021417222827306758728705349700 3981312000
1058131834463113076314971461088687832698619610839527346064 398131200
484058246433001634374527710886632099776465315646511469007275147307492196300 203166351360
5953336787756175243586860700 184320
176037486336828197 1152
16278894759134548086474600160249580221964203830618341318965992330652301866252252613947597944 8255648563200
6393687908572431807492625 18432
279661218246816529753478225499408654614232697539684836048148817245977266751631250 7838208000
8342271063513343189754380745074792288003650625506147867453678300 10749542400
328358712452230658 2048
28135071802751701567768910262 248832
1712703779490581284060171948823313344710 2488320
