63
73844134409877790459726 9286
166549780149389057224773025583775350586800 19206560
640586145092030 758
49797312037266728526643739181498214104812835916 191182976
20517346759525402130125999873325320240523513351618353270065991227229893011800 174142586810
2198000124064260567126157624142000 5578720
545755520079950140989533702342981773940 91943936
30356103650281198635008127362414309017367815 8894400
81765235055619686407031497841666617852965199366570 95551480
396005721189196499162754017832036545380250335903550826650 223948802
1290891957108827134 4648
6013917822609095654147986119478271730892997996230997120906059406250 2433553600
33151238272630829888772094798676469156419445001955208204340 133296000
385505155318792730449526449111128472812409487717617295048557172455474497999024250 91769428480
46466547774927844968681024830026150894460211271100691970 573308958
206710835490 172
10671528637187626826019526126654171626707579112203611140 312205952
240366803397805532919704934873684897551316704281786236834907401850 4514867808
1062555072927 82
23972446598151618224237484085299485 884756
36269194206504855325199155744961934634960835146168 112710400
22805988364131214847958460713180149437326576499766831996107634500 8599633922
5948904117878122667630146656032666515402223592159055015300595618712399902067353439154969770 1417170000000
19594825133421433220959800451526955114929423992355477897470229928251355679842778 103195604040
140418623515922301 8048
550279052647879688360969007551355245332548764846768751156548245037154457300 48382940800
8513270260930644987748081010565972150903778918097132784082188209660103477726191500 282175488500
682292174434739760301 12281
3029496157565940441875649086400496183516761988746602308425027613081936 60469176000
596113555681926068673656096662222029463145924096008869219861933377623936956500 154828800090
393186790974056666384327073514212834101673655 1864320
515910671677493393674125516062270 653552
22200308886802309507749571894406051625017934147897790860273283370963174898038035760500 1813685280000
1156784252049707708271926867586144153970797342582026455758542018742260450 40110784000
108444232410578102855105075463446779 2654298
35515309301946256085319774835335346340452300 15925246
24629837638106018380538753635699039806385488151037250875081016899985647146435561898281731258280 7223592492800
3464732236755814903651944029135439797026277199062 27775744
2278060113927599763437904556550 379248
8142595 84
69244256170721837484934807459574582849646474214177648285993477776233002563799680359596662480 2861754880000
158907673985798997003096023574910 297664
183056696754996896904112053519931771253593391660207911474360321737061816 15985248000
231909552048057789267568145786053969299722662788012290519742053808391945281932468750 696721600000
1210862659582664570433738308763836522956851416577429594142350059622120235269185154459898454442628000 140460687360002
5009666574895061917868375454941782355239069953808 612336640
247787379995282352408410059912630 273248
297409812907876504333302339293525557671182528621691973789839665444734780192631000 153458856960
1808853315824891509793402467880336828199786640532035295 46444640
316906130394231045193316343583548886034369133446716200 501645362
199109513409519187060359862282746121271590955151101554113833657500 64497854400
1169745772 86
186020523490710127523343665801286104337660136542530 358318050
34927392604955005934040359911533502770331804086777307736868 1360488360
20085107349027174137190416967530657781685922168744286611769199312750 5350783328
157329167318063275 364
22974564636460505499260041379525 773248
3613853664244442999538194446964903673375018566600486065214208605643484100330081641040 552360000000
8828622595039207541313873 27646
12007750193653100040200751654071198699000165382810595300 6449775440
9660736991549875351962702686148324176110966064496657200 895795600
3636174062863483143570893993111810701284513663939991011700757785035017900 132137287168
1868831189026368005559485850 82934
