10227075243 160
640146012133683902855214946026728105488582934810391721778035310198935123910481091248627600 4444263936000
404975166377051480224659259675431972948754552817565348 644972544
22844397120390192872477875075804460860050 39813120
2041684783756772847 4608
1203460319432033360217989250557016565364040 59719680
3291583948561137945278853604750860179168301754678328216280122479670508657575 7054387200
156767490664117851970495210085021061845187068317452655209600215065985379570 64497254400
212230495034471947124483048195 110592
148368047249000364017416760629958099886021691724528232662577060 3439853568
51737989941765937722726418627 27648
11786866070108543438519804814001278026066980024580821678287922634126114990650 24883200000
1762055520732721548288083197887575189535117325415071250164390844799115619439035693777048400 856141332480
446303347357314295040065037957715 64800
22597355383308302504713059323705640466995046980375 37324800
1138058339053682079553258493564194350155738086083497650594923557608707630 26424115200
1192311630100931091731143458170805645860 4976640
167523283190569874932466069620510 442368
1087876466926314329245350339154278547878988316385604966942819592828175931506867809026440 3224862720000
197029639379799503097913406119032630467753359528174635442816792214063004248201168160 398131200000
34115175046805025225 4608
1760910806344330279247612388580 186624
1146728073095362191557027517813343527148893989610750 278691840
1125242985947843616751103080168617385839006959243143848483226059199273678233548812513793240880 1007769600000
24750952104479541750025113279304209988392638666972068211910713427080936999521847143924020 1934917632000
38191012000554915453 6144
436673019610127300 10368
2435569057526272080709386576396434997098087 4478976
2663796348207658826842892489923275363174970829989964605255059351195571833240 58786560000
251385274921963565463260544987462714068025 3732480
1435057248759428999602291490255480702516225969561238895078712543326580077603350 94058496000
144873916856780875939642536696372022877735135 11943936
3648459510886281011400276343135437528966 3981312
262323515660901692360036265395699817642151463105217475838245596293901366876975 119439360000
677765127971271851301952818633405 839808
75109337567418094213247779687672592734268108781209565054021687048648018084229940731000 219469824000
1366793750917041977829266778853552875700482415887382468686632297794382808078235682904673312500 3703553280000
8755200450594593417481323627229826948692589039384129970070 2388787200
23786835326442325690644350914974 276480
2566315 16
13770181714871283192959848139760 1843200
45798946997890869978820770784229850929064799216428332343788306789558616785064707893167 220150628352
1956669005 64
2042072954091736971305582324654406068486336231400 382205952
1254965686609538126585286834 36864
85601597097419657874118313985635354264245310798573640925500 8599633920
117659636105501654460079412957342503096239971909823580102845242979564990 24690355200
8679903 32
5489775764091565470047240575118271731801937155988406636751941601210236344026734832814914400 2508226560000
315417250373105298354887738860661410032627 4718592
169561719915811976217434196017527613185320 3981312
9598486463731500327544219261611830666130022572756281012868305701525747324500 429981696000
243474811495711486975230972256693427561442253610744948407000 2388787200
11630809038095041631015481403475 124416
1723523433738354957430285754506251383272500370770075 212336640
311357479211957341939119252379969298127034716161010 134369280
3381861208572133464211502929965 103680
695037141565 256
1030002 32
1467911864605563554713181257038364684824544166700 42467328
21863481853059178955168455 73728
114581363 32
167383819332457377 1024
19863718899255225580665230605962446446976290770244547250 2687385600
22424579778716080290499676367153398715078829456655803215439715020312280534414915806668150000 3439853568000
71260226586509441788533858546867303880238888026841491109110500 6270566400
43861169713136817280412358274853826589883517698257133994045905537309441592600124593030906668587500 7407106560000
174322101035231475540110481774623641250228369403160371870839039126200 6370099200
7732699050505 256
415811799707948822908652491671102 663552
5651575325725901 576
1406876358496114974482679081513361948908694099159363827103876306700077920 214990848000
5132604880849388544572633516059425799117692 23887872
4881665310090742206566867211838925495806275 4976640
13767739908276122201979546 110592
365548344685 144
159345201421578436824850610317576076870164691343106277000 679477248
205129925078910178102992452154720821085559730414750647243024954008862423625266647314721650730000 13934592000000
7667866338162211793966819596488962596987865217410121925866 358318080
