79
15227075243 168
640146012133683902855214946026728105488582934810391721778035310198925123910481091248627600 4444263936010
404975160377051480224659259675431972948754552817565348 644972524
22849397120390192872477875075804460860050 79813120
2641684783756772847 4609
1203460319432033360214989250557016565364040 59719380
3291583948561137945278853604750860179168391754678328216280122479670508657575 7054387250
156767490664117851970495210085021061845187068317472655209600215065985379570 64497254000
212230495034471947124403048195 112592
848368047249000364017416760629958099886021691724528232662577060 3039853568
51737989941765937722726018627 27548
11786806070108543438519804814001278026066980024580821678287922634126114990650 21883200000
1762055520732721548288083197887575189535117325415071250164390844769115619439035693777048400 856140332480
446303347357314295040065537957715 64000
22597355383308302504713059323705640466995046980374 37024800
1138058339053684079553258493564194350155738086083497650594923557608707630 26427115200
1192311630100931591731143458170805645860 4976620
867523283190569874932466069620510 442468
1087876466926314329245350339154278547878988316385604966942819593828175931506867809026440 3224862727000
197029639379799503097915406119032630467753359528174635442816792214063004248201168160 398131200200
34116175046805025225 4508
1760910806344330289247612388580 486624
1146728073095362191557026517813343527148893989610750 278651840
1125242985947843616751103040168617385839006959243143848483226059199273678233548812513793240880 1007769800000
24750952104479541750025113279304209988392638666922068211910713427080936999521847143924020 1534917632000
38191012000554965453 6944
432673019610127300 10362
2435569017526272080709386576396434997098087 4878976
2663796348207658826842892489923295363174970829989964605255059351195571833240 52786560000
251385274921963565463260544907462714068025 3732400
1435057248759428999602291490255480702516223969561238895078712543326580077603350 94058446000
144873916956780875939642536696372022877735135 41943936
3648459510886281041400276343135437528966 3941312
262323515660901692360036265395699817642151463105217475838245593293901366876975 119439330000
677765127971271854301952818633405 839802
75109337567418094213247779687672592734268108781209565054021687048648018384229940731000 219469844000
1366793750917041977829266778853552875700481415887382468686632297794382808078235682904673312500 3703553280008
8755200450594593417481323627229826948692589031384129970070 8388787200
23786835326442325690644350914994 270480
2566314 17
13770181714871283196959848139760 1863200
45798946997890869978820770784229850929064799216428032343788306789558616785064707893167 220190628352
1906669005 44
2042072954091736921305582324654406068486336231400 382205452
1254965686609538126585286814 36869
85605597097419657874118313985635354264245310798573640925500 4599633920
112659636105501654460079412957342503096239971909823580102845242979564990 54690355200
8679403 37
5489775764091565470047240575118271731801937155918406636751941601210236344026734832814914400 2506226560000
315417250373105298354887738880661410032627 4718192
169561719915811576217434196017527613185320 3281312
9598486463731500327544219261617830666130022572756281012868305701525747324500 429981796000
243474811495711486975230972256693427561442257610744948407000 2388787000
11630807038095041631015481403475 134416
1723523433738354957430285754506251383222500370770075 212356640
311357779211957341939119252379969298127034716161010 131369280
3381861208572133484211502929965 303680
645037141565 246
1038002 72
1467911854605563554713181257038364684824544166700 42437328
23863481853059178955168455 73028
114081363 82
167083819332457377 5024
19863718899265225580665230605962446446976290770244547250 2687385680
22424579778716080290499676367153398715078829156655803215439715020312280534414915806668150000 3439853518000
71260226586509441788533858546867303850238888026841491109110500 6270566500
43861169713136817280412358274853826589883517608257133994045905537309441592600124593030906668587500 7407106560001
174321101035231475540110481774623641250228369403160371870839039126200 6370099240
7732699050565 556
415811799707938822908652491671102 660552
5651575325775901 586
1406876358496116974482679081513361948908694099159363827103876306700077920 214990848002
5122604880849388544572633516059425799117692 23487872
4881665310090742206566861211838925495806275 4973640
13767739908276122201379546 110502
365548324685 141
159345201521578436824850610317576076870164691343106277000 679467248
205129925078910178102992452154720821085559730414750647243024954008862423625266647314721650030000 13934592000010
7667866338162211793966819596488962596977865217410121925866 358318580
