528567060034948694182790361716613677466202376902381259923729283791099303183686447720160442500 1700611200000
140665705087557633337275986288726700773222768257351322085026233484996894198686917231000 1504935936000
213938581228755779147487511623898522076501420392642317037592907701955572448025278316125 940584960000
15533831590387328762988218780398914852633485563380 358318080
2241383999523466327067321396522652505262793913620 159252480
367544021445890253083742130501256257313748 21233664
14964437814334 384
2478826623718235 1536
2689555183932920651721133406527571256558556256342404289877231406416984928134994504916456578208400 10581580800000
3290859600196436394417117108736057700196094948121249261196098097876843664965528018113314975 849346560000
284297513876704878 4608
805346841439672806609024834268479060841739858869103942551865 212336640
27870772347360208211981784527583165581530200550 15925248
1092637952591974043823002544264183 497664
319108916493366864622038682368928680025932319254695421038922819858580259388500 57076088832
387843757045416110735400247631202 995328
264049333623712074573922068033669601549620348637320135550802384375114065219392225 423263232000
30363556860593084526615 27648
1023888752869043063328009275181263117043672330496643275991384875967585708750885481367500 755827200000
356537033344911656029122938664120247402530138626817279153815250327194650 13436928000
2872411748476430723480645732875602386892347387280325754868523230 5971968000
327104252730101812862651304611900393697538219369281753907710771063150022043238180 163258675200
206180871396676509177433117079361990710752104582010028467371394901043036120 135444234240
29891956209314714285658265120371564592087338332481571364850 1088391168
9024016823810962971039673249786842778311662123825925354585 2149908480
689149 12
516460237682752743213868921958364502669639501200727943094 1567641600
4020618250473 512
1139469427215975039002584885162361497132249037116231180632358871379056677559377748520 251942400000
844838799466668622147224487640034822042386572220625 93312000
7151206040248985393111833128989365529883459000 159252480
228273344698356267309475707738654394949098522552927500 1612431360
49898366730168757643190200023437525210144995222841034876394112242092594739521662117662430644874000 36691771392000
270716334829474640203769840819200303058112793865408500485447786728980699436804722480092756609525300 32506616217600
23510808418856096178000133061867730 1474560
63036148483726832469246752228122053060 6718464
8766748202984670181204723211216770729705784109361250 156764160
22795577127397161860359883700707135179786091915798843230069895067319 716636160
13767061966720140303472721245282937436443633485609610 161243136
3571784193646470171772623133458546238770099136419134436527202382571186345175000 489223618560
2873046366219244478213955586898858147892 6998400
167898280912382665494882911434109533511 839808
14023916198074605 1024
3202284432029013909976632485045554261434353662776104366233305815271314160949489924168231275000 9751984865280
4736419438815992662705427894701684665436577029940119118295000 21767823360
165931492506112127532463114400162977738361260426251956164527112294093303205868450 135444234240
103534942835563044843675077448732899939141587420104856609416 414720000
36147623803818222928333117477128110086373118675 47775744
144820515845317865656465326452614171904440650397765210038695280238126765005170394711258750 2229534720000
127703230525940622726937924987534085652593243688880103262186588586860200250 163258675200
5030577880376289197032181199761392391107037964415797627405474605058673000 35831808000
1079492616440567037009752516477004450 5971968
258910302002225238738200987695894430683664887947584896216484902951484242500 100776960000
6311533469284437224571960978 82944
1478624117064236764186640597906462359532918237586534750 477757440
954027334662720913421706887451187380 4478976
8703279280199764677727920668588461228771257473640717404900061102881308301120550 403107840000
2245651314292671 576
125104876016022654377582268502508299388001861053108910659263563871680461848225062694316025 597196800000
5052956051975090723850696203566792897154823832193316114468230137313253232096860 63700992000
26140398948935820065074621932341013683834565442868948484804975757981181210283455038985777400000 8126654054400
206328717266 192
204864308215109980444844845085361102323528331 15925248
13447388534091029382311449175034051595326561535 19906560
29259014470716566637438422992691385091811454255259795246348178108156828360 60197437440
41962665724977189933888092184219819842086338255 107495424
4585643495752695408137166172037863773348792006475799881283696180376848555053927437881837293920 13931406950400
688639690336463956742051314390717004272843767413922721395 186624000
1350446704690092028406465 27648
22979148143497013779903918579642794714374724957015690987953293485230512912500 515978035200
1117978657927824472 4608
342462052596610365652564204758430 184320
79840645513225510602432539913125308818696469686627285900 298598400
56574488906620456509250960933563472508147453392651381891641345130498605828142768185078000 5225472000000
165925856995443145353105851706635 294912
22850203011838461847735112844262487402297658676058351999017221821622444750 203843174400
2065885593014044278876879043005063957121774857870000 2239488000
511795197716930051298901000535046969038301146601346521335733593301791910552432225992743236240 10581580800000
173184939861285557058198379398935423160 7962624
16041712377679107662545049502221755273368262286250 99532800
16040276232979980457627639645367495324748414493892756921526430664400 58047528960
1240351226133885466277234399175979514806986018851503483462979595676305 3135283200
1409765532023820122888970 41472
118397251308848645963358718361564102597508762073741322397495943883137327765321506766684125000 8323596288000
