84
122436036712624461467515297435885593694529808176385434970 382206952
1063635314280774372172269650186963621110560541388073165059703593108647292829478991750 362717056000
4845590581280080680804627306100 321040
174657170174125926103 13368
11113776914300802406167729285786895750325 4976680
17517587215802216391317605 55896
36344704547791105563919513437778976536016749765087967094000893274060805233258956600 229748160000
7107966693037901533051227831156776405149949616 49766403
6916065742042755373966523810542 165883
1050271825236207606375424411744002154013580508644686256479080840 5563836800
140145377855428113785457998192350 629440
24140346328597760038051962538737102395383048576553298722250330125 3981312100
2278418601103065644743791563439901388343999664030513399562870 8162933720
3475398848648774291314289193853168495458588929572800513932121175 925328000
1373342418105 744
3682195356786234234934992693 34564
2950472492025141965538157963389171354609994419886665987028011769869993281710898949090317033500 3009871852000
583169017949027922 2904
25331767917319751809413418216400395 495328
4453673095157123656859056034332625043680712460355731075 322489272
33822407038531312758183021388176043542411234803652182315202179994026664905920881700 671886400000
14881445475 42
11464661229 14
102079123970678855053750500599440390069914125634325683 89779520
2961652265517638964434869717655787506690407240404358749789415118638257073519665166790921896150790 3349302080000
850895128213152150569222006658773668 552990
108307790507803801091656367009755771076910 18906560
949080363420263789091149536154960112809680439537999437669588426084192834374892871735948011604483500 24290251120640
1530169438045 132
367787313461504846245144074103240676296630897738787809868408242245726636919510519 267544766400
19119965028020636551771 28648
34141672085971559609374523295403899672837353 4076640
7407583923868761205904651089681313042 442363
1614175213770883457372 13224
106730875111986279087202486041842605390080910175571814760623750 3981312500
103261201690168964646880710838002981909286392409351262982424534000 39413120000
4725795272161482183283047473576983799132355610966198776500 5374774200
2782585040308212833262 20756
133939612746241710979611253810429678987215555632982581012240828381149180147697293953932090000 16126313600000
19373861480823394487927975624713604413557959561 9950280
11506086 23
79359135410822501098375395 55291
2053094492942674634472831329874018303575874147541132013532820200 7674588160
6446403776835028098339312263022172619309825 71337408
323000769333878010857 4456
1390631904361247897651 6812
2210345648491956887084438949482350657220154062373496567380133228457152050 23887872800
1604676363979523237223684222120 663572
1520340185250265134279718266750852728344564538224823905853767366871898702097531706500 1127824281600
439076618233320853577367 6992
91863169221744597601721313948756417934755202959762660163763730088683587400 80621568800
18593430373959686762782362860320367409509301713982473782686616413563857031192206088685781565625000 35831808100000
90752619174200610429278986705 56296
14200339461805564293119922082441649312891091934464592777622896299788355757237883026211960 4143802316800
33285750596156668767892171289668835239607244934379577240080669232675 16332723200
3728904363108494901664482625724982796536604379886164426150 4031078402
3613239953371429707870189649713462616 552940
996679198607726722263475 20733
14066850363763897969408140521602316300774212332830 149299250
1341323264271162246829418559796260658821763728146048239325716091374887886128955500 614990848000
39233804524841932 3092
11347274349368910708726 36865
36885009139598504893720885625 69128
326455775931600072186661162270 163888
40082948594375524562616288890179166383413104274753462385987824139000 13471040000
16214837148284875045370084878391539518818133257871400872176351506624486361077817521060 2043912140800
39796555790771628083620510591954080021368558881150 266654464
168928367038629632926736838950936032060812434423245997981048743735 4586478424
1014271336664300454584442611501653262730835728039382119990070797357843387695 1658880030
17857725974 46
5372844715269979509476406533651941436526827765026471672918301403804391915050557124703961400000 6348948480070
1285200669329237962319783303622775690284838060929418443127277589862469722712953511050 1981355655162
41562314451522032374583455820157950092769603995584240833757043167510 3732980000
32179704351429273207282083781774778744027098 85831808
42238701091710645436581620253402495554946323554229804090 2993235712
6730741019170346721808761661404500866288605352956350079339880662158046713822191114220573250160 6875707136000
246526681494235205 1506
82322779344709507876941003337642242313876875738680642429933898658955903137700372393925352160548500 7838208000700
1445568358263911984499037143586210930652750 35831888
7407829849525852313735682869282142011045694202382783589821966307730317884012000 133372083200
2107205649755597296677964876444 82984
1784290556645450171042202551998709098206927126633113249602489990839423237779209674552320017557294000 42998069600000
2834674128147509420759658333886965251117217329622517297477881125949783239717750 550372570880
213932956439912326242720495445958404749638858629181368023652969942850294521060174416132226760000 45158078080000
