222539715828798584165269194666457029872927856108616516 134369280
325735283 24
6110662466545916212299428476868755003345080664690884849405567093623264174769695124662851500 940584960000
125328642002591074853389461591780 559872
5034016433272438867797846784632701835 3981312
15693132017576315978335030212642383497513782174135866391911329958722988135 3583180800
3207438620200416706 4096
1049581320520548270449117974086674857252585110295860 403107840
45683440199951622355108134058550925185701949467146149571941820994844780 5159780352
38849083173128521885799641360996950522949027038242193412070852502754329478534440 169305292800
500032267569334015749143694228938767204544971050071193510336620271898836878175028500 2786281390080
800321620180799846739247334797218776543195618965152418605280423565130628557703061856548215845 4354560000000
3782658959119958889078550251745512527661577449313450430344962553799553047101480030783200 4953389137920
1222013 16
2631670641307404146969025941637651178969038339000 286654464
17290676015627949644869022106134349218747325492387418115793533096969272775805299896571677730218950 5971968000000
404309922098659713549204622209680070809908510180494102854369542055953517089573334684574000 5971968000000
311626446022930947609780432177020271746317605477816703378935187602617175421883549077926000 3009871872000
992140520484847734051986202132324915 1327104
3004040577488914480381658548625007880680192034339813054330770993180 2675441664
66542644497145230214878798959199328664175179173410778079447138468552611815 35831808000
145969041843909217931518856412671998860680567172908894371664266326932660709724572789808680 1567641600000
140500269254534231478007109902111898634427983045269035500 1719926784
159883452263693855594634444092 331776
100655629761393993589875 24576
231049227589690061205244407396025617317659401375760 124416000
3625330635137455763507291407568794335005 8957952
6782686270546526130138317709664527011223308780 63700992
319642001359046865017372908527199652502885587249520777867519836207695573813033350 304749527040
249838393 36
931581270575161649132445237512995580 2764800
19332738664447474432569093280597942236060 15925248
49298975225439547200717632125383455690 5308416
122447077 24
5028113678390358472376209562832878025298763362688136900646041556033247722464120144566396250 5016453120000
5741797436788138403165861758138900661624941633596218602135132168750694991033003239710725 335923200000
34753425865112023481546014257142314739528409380056815023632 331776000
23856364511240165405730131107205 442368
157079131701710891014799009647274886624354515211580072386332269734325290000 358318080000
2174433144104318883049730247993054559289262795445065153710250 3224862720
389984300699659886632594 27648
78928160381877644174519562648640326533565179193 53084160
2168289579886025215055829025863999940843261107027001766640241398337579393443015135486552000 4459069440000
18917725991 48
2771088088894471738110156717096325291734290165475538959410340 3822059520
1398579635989084845292840838385813621999604061176667185495609919652099081120 38220595200
486830125593477336082494327503215573191386095329522103192979334090543166804914349426524 401316249600
206557590356 288
26827221131405784697245201134757445912897007832838704264330 331776000
2538456924881872256523342354878085593954689836481144691467105303654844125993089490083000 1857520926720
245213636940018173771861908839026972505313996119824783198611518454467234400 145118822400
50474954579371757251726 13824
799326629402770019146858170074506499187104355973518902331170330700 5971968000
11600546363695035356286176123181233959496928377640667690000 1474560000
118737763938689581575505 18432
646145745678804044928304408945869656593786237035668990546835746465079000 31850496000
324691809065670142417384442345308015248864125295760471128050164904370 18811699200
1901319451630753201672238681992864896535668692245214 119439360
4067954052953204573 864
1118932930720920 1536
71454046708367874844625295437673045 737280
26531512433342061968182338825 186624
39273523501079693411925468737214980547578018469545841150 1881169920
34451201224489533222653496897263848003213733157969279845000 4478976000
36512956680747506467655364610772450524876059 11943936
69410973760926793701184710313476767947 559872
15106593283888602028678950043352793248965983211681867332255759958714169295639623852811560415956250 15479341056000
1333726744103432716588853155535714612157855509521807358715853728750 5308416000
314498781745208599 768
836609457637535374378339957311400290901911059042367489963709885872 3023308800
1545623 16
2430467149261407488899717485465588625365362830669014588255781098730390226871269778 118908518400
743861033906637327489860563478371858856130 3538944
2212424814075378005317411323335476978771007082781381000130921741686000 25480396800
7279956534621678060291651085133954741149367579841629494994714607679356588066703321665136440 1083553873920
29262760823258173232885883509475429890570127965027365714286802226966912508366100 391820820480
1158323463895407 192
9395894514785166851345497350432392805850280852554242 238878720
16161902676502 512
175644199043256985041 6144
1373573458797139 216
42974193975575250533893881983145041900317456943818744404787642718010512250 272097792000
30856933983118526697982425 55296
48570800817846993321288778157096308830747983850949846741908807087585508667407416029957675167800 3762339840000
197238054735440654641364325251882987732900 15925248
32858033482856063482 12288
1604309666152492904784963337190 442368
630052442331065186520 24576
343291124663940303499577567713788612233142372772970289497330875801786500 40131624960
2470774959599100521128882832867629969227214646395822475764351013131445478143468771533710000 20155392000000
444230709502085187 1152
