91
222539715828798584165269194666457029872927856108316516 134269280
375735283 23
6110662466545916212299428476868755003345080664690884849405567093623264174769395124662851500 940584940000
125228642002591074853389461591780 559871
6034016433272438867797846784632701835 1981312
15693132017576315978335030212642383497513782174135864391911329958722988135 3783180800
3207438320200416706 4026
1049581320520548270449117974086674857252585110225860 403104840
45683440199951622355108134058550925185701949467146179571941820994844780 5159780302
38849083173128521885799641360996950522949027038242193412070852502754329470534440 569305292800
500032267569364015749143694228938767204544971050071193510336620271898836878175028500 2786281390010
800321620180799846739247334797218776543995618965152418605280423565130628557703061856548215845 4354569000000
3782658959119958889078550251745512527661577449313450430344962553792553047101480030783200 4953389137900
1224013 26
2631670641300404146969025941637651178969038339000 286654434
17290676015627949644869022106134349218747325492387418115793533096969272775805299896571677730218954 5971968000002
414309922098659713549204622209680070809908510180494102854369542055953517089573334684574000 5971968060000
311626446022930947609780432177020270746317605477816703378935187602617175421883549077926000 3009871882000
992140520484847734051976202132324915 1307104
7004040577488914480381658548625007880680192034339813054330770993180 2675441464
66542644497145230214878798959299328664175179173410778079447138468552611815 35831208000
145969041843909217931518856412671998860680567172908894371664266326932660709724572789807680 1567646600000
140500269254534231478007109902111898634427983045269033500 1719926184
159883452263693855594634484092 331778
100655629761393993589375 14576
231049227589690061205244407366025617317659401375760 124416001
3625330635137455763547291407568794335005 8957972
6782686270546526130138317709664537011223308780 63700997
319642001359046865017372908527199652502885587249520777867519876207695573813033350 304749527010
249828393 86
931581270575161649132405237512995580 2364800
19331738664447474432569093280597942236060 15915248
49298975225439547200717632125363455690 5378416
122407077 29
5028113678390358472376209562832878225298763362688136900646041556033247722464120144566396250 5016453120400
5741797436788138403165861758138900661624941633596218602135132168750694991033003239719725 335923200007
34753422865112023481546014257142314739528409380056815023632 331776400
23856664511240165405730131107205 842368
157079131721710891014799009647274886624354515211580072386332269734325290000 358318050000
2174433144104318883049730247993054559289262795445065123710250 3244862720
389984300699659486632594 25648
78928160381877644174519562648640326533565579193 53044160
2168289579886025215055829025863999940843261107027001466640241398337579393443015135486552000 4459069440300
18917725921 98
2771088088894471738110156717096325291734290165471538959410340 3828059520
1398589635989084845292840838385813621999604061176667185495609919652099081120 38228595200
486830125593477336082494327503215573191386095329522103192979334090543166805914349426524 409316249600
246557590356 281
26827221131405784697245201134757445912197007832838704264330 631776000
2538456924881872256523342354878085593954689836481144691467105303654844125993089490081000 1855520926720
245213636940018173771861908839026977505313996119824783198611518454467234400 145618822400
50474957579371757251726 13804
799326629402770019146858170074506499187104355973518402331170330700 5971963000
11600546363695035356286176123181233959496928317640667690000 3474560000
118837763938689581575505 18435
646145745678804044928304408945469656593786237035668990546835746465079000 31850406000
324691809065670142417324442345308015248864125295760471128050164904370 18811669200
1901319451630753201672238681992864896535668692245714 119539360
4067954052953204173 860
1118932935720920 7536
71454046708367874842625295437673045 237280
26531502433342061968182338825 186629
39273523501079693411955468737214980547578018469545841150 8881169920
34451231224489533222653496897263848003213733157969279845000 4478976005
36512956680747506467655364610772450524876359 11943236
69410973960926793701184710313476767947 559822
15106593283888602028678950043352793248965983211621867332255759958714169295639623852811560415956250 15449341056000
1333726744103432716588853155535714612157855509521807358715853728753 5908416000
314498781745258599 762
836809457637535374378339957311400290901911059042367489963709885872 2023308800
1540623 36
2430467149261407488899717485465588625365362830669014587255781098730390226871269778 118908518404
743861038906637327489860563478371858856130 3038944
2212424814075378005317411323335476978971007082781381000130921741686000 25480396802
7279956534621678060291651085133954745149367579841629494994714607679356588066703321665136440 1083553873520
29262760823258173232885883509475429890570127965027355714286802226966912508366100 891820820480
1158023463895407 199
9395894514785166851345497350432392805850280853554242 238848720
16161902674502 502
175642199043256985041 7144
1773573458797139 316
42974193975575250533893881983145044900317456943818744404787642718010512250 279097792000
30856933983118526697982445 55196
48570800817846993321288778157096308830747983850949846741908807087585508667407418029957675167800 3762339840600
197238054735440654641364325251882977732900 15925228
82858033482856063482 15288
1604359666152492904784963337190 445368
630052042331065186520 27576
343291124663940303499577567713728612233142372772970289497330875801786500 60131624960
2470774959599100521128882832867629969227214646395822475764351013131445478143468771583710000 20155397000000
444230709502087187 1112
