48710993262966171389686609138387153573701410194575928480488438890936155203419587781160 106168320000
32750748809985881527086446340789674 393216
48743026701483454355236677748562304071332533817072081683690349890135 7644119040
12245167492748320142277137701253900204730 23887872
77925854875447866189741595618768090671421172238 26542080
1576263834453466651913282794170876141417954215225359609961574646656604680 111476736000
106046507413860067758626902 31104
3289278368058184612640433853885331976639834964843525822361487653213974389343056446928088842000 2293235712000
13926515440640667288655 9216
1018778924100998220463503785788619653579274150919659972096083 201553920
3360782438514561337568061917913650971240583365908376802227331998483619221496903321325 150493593600
7578181663 48
424822846811153146131110822048714091110280536032604136043552098314713360557932449162278816405270000 31850496000000
33993239091611032266832176738227868 3981312
2401380834563331919395670826334848715879200028 23887872
35103021404361198600354040912746 552960
23222349462546860043878004338631528 746496
285163011420 768
3908611864848780672122877040154887925671 1492992
103506668161346243697491334198809084214798572010655959212840716250124 17915904000
2306963495833049607238036819633975727107129340400 186624000
149338433687471107302886845 110592
11999444024128414424682813108282 248832
416910907684767182411098162377858417839617003678999532128163302103726847260605085036410743720 2654208000000
153954419066735796519864541442578330 294912
2454900015598177540994 3456
32693289953908598043704769013295898347258308140195624504046226476276895535097266600 812665405440
2421035489438462314986946463624 442368
368193512091655052336769773395 124416
66780130021569466721398373788068424587649774672037819795685694969909018067251215666600 2857026816000
2415520594976945871108498116945481518670 40310784
4212864073399123344506672148034522004777707868269871718885543856292221128331021496759259081000 9663676416000
10861671144630354384675878363112323841474040341071843335768022850 3317760000
300724476607061987478735616155183820 1244160
23526957504016009967585752564027025966089208918314367122695790177891679364772263750000 2654208000000
15612824281295980280522126346142876767134306365362581619481629188 1492992000
33116424366912745724728170 124416
264620588776787500977753270251198334011126084747928 358318080
13857447037520789062360440964839120278329815522193173285742078880969777610 42998169600
44777909543943107939807381315883818297879379393310352582958607607126904049970514785250 1274019840000
1135265354798465467246735946113262172 933120
2494323398466426716279641276032950879202196255938086126267372979579852674025311615850 154793410560
1230354093484045727899278672666175 207360
2405304693471985118081921259987097608579389213132273272296742420475330493829385322545365590 470292480000
15824677361963133265966930045647717226846689285598063 11059200
1802425958266610393733250680278945592454652256253275131182812904786350 10319560704
1304380478560427627672367400524945432180402176803889337881224528243915036268349953781052 580475289600
16805134758033508928631417037210 1769472
21472280237698504989687931589014897404519750 95551488
3442199746309205965314971000862428411573738248500 119439360
19094896943865246757360355137065244605197225313395077200 1161216000
1974972859759662404709902866794566375 746496
58034722830826 512
182274408173785645080757445127469015010275156377419386382844142572917550600 143327232000
23549798097468211135333633308177260 186624
25101436049592141182534630937430665243150053793555938717060292218503710837096774263891150056410000 24883200000000
192910160740417799644088994247910720500976717371905234569302497142742925683896530675053641131103125 11943936000000
91361441707273844735088098780077512831785052695130 74649600
9847074810863188945365077965699774710 5308416
11031729192750699020616778268495784704182537566423759217154371523224778599145840 222953472000
26206037813263029032419392106093385324527015873427160745322540 597196800
129264204770484895097761585502581679123366956713869265298047683130638675877657554768914500 4815794995200
237785394693 384
222526029993249066719085615146632195 1990656
328396577651281 384
124210168476629256487338366 36864
1550454089804836204695625870685590093444013646150882771197793716400480 119439360000
1222195429657753629 3072
1776214264302200834781254498978954974 552960
7738251626884121732800876504744281879928817620 44789760
4549393213252040892837220365373589483731526456347660950 839808000
1647367953657187 384
48275252153276060635275 20736
634443628695141088516 8640
156778597919951479299134172894565227600 22394880
15529497555411520191177014376375474986968732992598739767483549113064478382750 7431782400
41783483597190282123460465078336921657474887645069489151675 716636160
1025411187552626943181020750115 23040
3370699409258162824271588250 221184
4758918817903177733887658645108694815709972451300 63700992
61254385851648246 1536
47871144390584221737979780314144512372024330100 33177600
1670767608005379887401292240319086566453 3359232
7892763543421547005890742734273274658110967230094640814956641868531519427327117395061571933896536600 30098718720000
2782902454900113031415858608484483529522496006 25194240
1813068841324516489971674219117548091784287324062742596607432780 3627970560
138439007296373894888744256773083497586172424068487173082277469296850442533951595750 1007769600000
1108776296529543746928593384784984473478570736146362999806608763216585350 28665446400
6058493327041131751708727302312660063811604 53747712
105471737792218292833104173663256 2654208
78565226684577111052551454504394305905138449368068171438530 56623104
46179847342805415122572800724709258609574987579480236722755080 955514880
292931742328172305979975784019294455542064 16588800
4360547937433044525578607838719933679300199635745745035309064525889012770 21499084800
7170734155 96
54690680023244455458288014369377463481154885466713641889823978400 17199267840
39688101478236428624973240653979 589824
89618192640884028957471978051147900086385345 2764800
1674365167768922366125932893485682312559671974095 191102976
