99
48714993262966171389686609138387153573701410194575928480488438890936155203419587781160 106163320000
32750748809985881527086446349789674 393206
48743026701483414355236677748562304071332533817072081683690349890135 7644115040
12245167492748320742277137701253900204730 23881872
77925854875447866189741585618768090671421172238 26562080
1576263834453466651913282794172876141417954215225359609961574646656604680 311476736000
106046507413860067758626702 31100
3289278368058184612640433853885331976639834924843525822361487653213974389343056446928088842000 2293235712020
13926515440640668288655 6216
1018778924100998220463503785788619653579274150919619972096083 201552920
3360782438514566337568061917913650971240583365908376802227331998483619221496903321325 150493593800
7578081663 46
424822846811153146131110822048714091110280536038604136043552098314713360557932449162278816405270000 31850496050000
33293239091611032266832176738227868 3981912
2401380834563931919395670826334848715879200028 23882872
35103021404361198670354040912746 552360
23222849462546860043878004338631528 744496
295163011420 766
3908611864848780672022877040154887925671 5492992
103506668161346243697491334198809084214798572010655959212840716250144 17915904001
2306963495833049607238036819633975727107129370400 126624000
149338433687471127302886845 110502
11999444024128414424682811108282 238832
414910907684767182411098162377858417839617003678999532128163302103726847260605085036410743720 2694208000000
163954419066735796519864541442578330 294212
2454990015598177540994 3356
32693289953908598043704769013295898347258308140195624504046826476276895535097266600 812663405440
2421035489438462314986906463624 442365
368193512091655052336769773375 124816
66780130021569466721398373788068424587649774672037819795685654969909018067251215666600 2857026316000
2415120594976945871108498116945481518670 40310704
4212867073399123344506672148034522004777707868269871718885543856292221128331021496759259081000 9663656416000
10861671144630354384665878363112323841474040341071843335768022850 3317710000
300724476607061987478735616155123820 1243160
23526957504016009967585752564027025966089208918314367122695790177891679064772263750000 2654208900000
15612424281295980280522126346142876767134306365362581619481629188 1492952000
33116424366918745724728170 124410
264620588776787500977753270251198330011126084747928 359318080
13857447037520789062360440964839120278329815522193173285742068880969777610 42992169600
44777909543943107939807381315883818297879379393310352582948607607126904049970514785250 1274019843000
1135265354598465467246735946113262172 939120
2494323398466426716279641276032950879202196255938086126567372979579852674025311615850 154793110560
1230354093484045721899278672666175 107360
2405304693471985118081921259987097608579389213132273272296742420474330493829385322545365590 970292480000
15824677361963133235966930045647717226846689285598063 10059200
1802425958266610393733250880278945592454652256253275131182812904786350 50319560704
1304380478560427627672367400524945432180402176803889037881224528243915036268349953781052 480475289600
14805134758033508928631417037210 3769472
21472280237698504989687931589014857404519750 95556488
3442499746309205965314971000862428411573738248500 119439350
19094896943865246757360355137065244105197225313395077200 1161216080
1974972859759662405709902866794566375 946496
58034729830826 514
182274408173785645080757445127469015010275156377419386382844042572917550600 143327232007
23549728097468211135333633308177260 586624
25101436049592141182534630937430665243150053793555938317060292218503710837096774263891150056410000 74883200000000
192910160740417799644088994247910720500976717371905234569302497142742925683896530675053641139103125 19943936000000
91361441707273844735088098680077512831785052695130 75649600
9877074810863188945365077965699774710 5008416
11031729192750699020616778268495784704182537566423759217154371523224778399145840 222653472000
26206037813263029032419392106093385324527015873427160745722540 596196800
129264204770484895097761585502581679123366956713869165298047683130638675877657554768914500 4812794995200
237785394694 380
222526029993249068719085615146632195 1998656
328392577651281 324
124280168476629256487338366 36884
1550454089804836204695625870685590093444013646130882771197793716400480 119039360000
1222195429657743629 3472
1776214267302200834781254498978954974 552910
7738251626884121732800876504744281875928817620 44789770
4549393213252040892837220765373589483731526456347660950 839008000
1647367953657182 984
48275252153276060634275 20776
834443628695141088516 8647
156078597919951479299134172894565227600 22304880
15529497575411520191177014376375474986968732992598739767483549113064478382750 7431783400
41783483597190282123460465078336921657424887645069489151675 716236160
1025411187552626943181020750615 23070
3340699409258162824271588250 220184
4758918817903177733887658645108694819709972451300 68700992
61254385851648146 5536
47871144390584221737979780314144512372024630100 33177200
1670767608004379887401292240319086566453 3359292
7892763543421547005890742734273274658110967230094640114956641868531519427327117395061571933896536600 30098711720000
2782902054900113031415858608484483529522496006 25194840
1813068841324516489971674219117548091284287324062742596607432780 3626970560
138439007296373894888744256773083497586072424068487173082277469296850442533951595750 1007761600000
1108776296529543746928593384784984473478570736143362999806608763216585350 28665946400
6052493327041131751708727302312660063811604 53777712
105471707792218292833104173663256 2654201
78565226684577111052556454504394305905138449368068171438530 56223104
46179807342805415122572800724709258609574987579480236722755080 955514890
292961742328172305979975784019294455542064 16583800
4360547937438044525578607838719933679300199635745745035309064525889012770 21499284800
7170134155 99
54690680023244455458288019369377463481154885466713641889823978400 17899267840
39688101478236428924973240653979 559824
89618192640884028957471918051147900086385345 3764800
1676365167768922366125932893485682312559671974095 191102977
