2678639329977481409 1536
1338146711623497389593904317425788879640251196356319936080452334947255841256515047285005660 999959385600
43267054452482818044695099935001321244105393361995662 17915904
813721327470441067653822870261494336807128942189650 1074954240
32769828382488048281797817491640546603891759008687972082313000 8599633920
10372980497960734258 2048
3099987487387 144
16996392016728204796540216032661287711339905445891237492727458012 1791590400
1050607426353191915355149719360097025 5971968
613301246172597070 2592
6574337315372349644487800440395905248829203378672523630864964882428218423136359093512 2612138803200
344023971311186271 4608
61590278563913 384
13929077356474531292918163595 73728
10740934363303682715177045131104984095319505542129653645405510 1343692800
153377564296169272149788058354659012400682224653301241186534745400 60466176000
178617184377208599218506087164623596776957206016717459261444655187755343926729200 447897600000
3751505583065313035129260453659534819943857142218962890320 1007769600
32135117123459786139727701 36864
3889981031029902711805122091598656855145122665188523450047754636014997138322617466549228823812260 9287604633600
345335752785145569601601069785385691346020401418481085890264819809730083822002754000 544195584000
23156096845662890505536430060488562622672788250 1814400
3234347322002763004646753612597424168601248413071590430673205052500 30098718720
1201240111885927323905689672243383334580971476067934909186125237778505568691675 33592320000
514286452643421503154 9216
157443349385920163280608996102 294912
528202621959682351421895184979347164385648078055160 143327232
1556517113149283982827728021858461620987490354489027110277325897867174350066508950 200658124800
1429607623601742196344831810205 124416
324335731984689256161713804864012411659353535790 9676800
483225481239423 256
392853577485379296858345574875798754804926502350 241864704
11852685126985411193931095248619719350062049545445 59719680
452769983787629128621 4608
175556607709288309028739968419469095827349653969960480603550369200 2926264320
17137683428741794943454815838049074104332581438892380880063598716509208150885127242980324424678500 22473709977600
396400904373499965868309658214756308343810846738012839191079062500 42998169600
87938129448156830558912141942056213519874259002636475493877102034731325 42998169600
16309409277638879740871546345388645119551644492344535127758690 466560000
33780678512383705 1728
45142970285894462527234275190032 1244160
28016915640509562022329155499503970871211896343674952233733757741687641473222132260206250 222953472000
2209147102042747575228739540577314675177848787500 318504960
1104729650817516464704463517511736795245 1990656
1123977099873950523066341199149324320474336420669714409755605293625623602287025230539436 559872000000
1350228862667539188410691631438061454312421 2654208
93585342707551870571143139266850706543330627907541290717910816478569911467056833500 435356467200
465451 16
3058022755141715481788789098824987 279936
1738663690869483181012522152195845116184990268385550 53084160
90467344416330501684020467513850747817520697631608247365326033650 6449725440
2842655518081307 384
546114580979839875127819103349121657841115277710176547585976993063905789900 50791587840
6426647034875460418779735120147015 331776
12220531061757810290387630393724977905 2654208
1278669660405454270787436557361811920573404413184741271709863917375761500 35672555520
18140067745941518450751410852163886252421679969058491480 70778880
323469389291149264827171411274999256319145540568797457398500 1337720832
4901844931194934414705850709153474226612146040730242342188697320 5374771200
1311889618399 96
49622236327 32
210716073228221106 6144
814038598424317972560800106925997576071981291397155044725061579943655833125 144955146240
424505190085175673448782326131905276190061021568115284011836790098792402051568671082135643750 5225472000000
158903685189114172418059410 165888
5357346671097886312343866629402507125313858877766515038948749520 19906560000
635522669704082276232109740803334210331386069110154187627678149504615874588535659293341590261545840 12641461862400
34904973467017286 1152
31714692988475483108508260212103744818537292955036632693853280719906294597832565677076346058500 9405849600000
136928136840801227042919319987224294210973600193163 23592960
343847271301636216665409995916342558127034 6298560
2226653519378797267941955806222393694870380 53747712
43984297502901471259305470504291066313626041307468476878008684509410767233138937100 1058158080000
1320310385295544989487835409202157950018885761 13271040
196342384980896677076329871550 373248
9583660373588851292757656200469963426013205566 24576000
195658822726620076761929601299845982147765834258472 95551488
498804686923033990607651279896539380 5971968
127469625104701129952076679790416736182917599693176721941467885803021580267489636833600 1805923123200
3767166948118668241153314096192505172860255606127246438733671885395325401204500 668860416000
33230317931916011611108961143068616761510 9953280
23617688499798604397289988292124030867966916832597763630027644199322875000 62705664000
50405629229700166322059762644115076532949295777940968397405495650091 7255941120
193788109818990476578767207569340369060877710844 14929920
265880021482607372390605842818114209028472842784786464075108289000166072897432376 241864704000
360077544732791233721462418123979244705542613249808109927496547477435100 36279705600
574757827012138506019171976149237113765173610331376212462194948150471998143784290435659007500 5267275776000
229807036115553627357703603972182749236550481951283443495613930 2149908480
1668473869698642039309802592862383662963116366517492119549788641806393024868196370 339738624000
655360291377273836363463664303897861660732518963525764386425802375189779449555320200 771397240320
10251916515886325722586657566162477577609400 107495424
1519725429474414737747240365922902 442368
1859588458928015 768
451616763 48
521039465927881561326862916469491920386046113918196620000 4837294080
571986112328014444845469494811940398388953347138137275376337631538361540 7431782400
2306279304214254570930196560330358525488103064780998213484814349068 15288238080
2578746639520577498021358508112187032534305604970 24883200
312444760731297495325549301871111839514 3732480
1000882021219472957287176598708260218414797171147727369399016140 6879707136
