100
2677639329977481409 9536
1338146711623497389493904317425788879640251196356319936080452334947255841256515047285005660 999959384600
43267054452482818041695099935001321244105393361995662 17915934
313721327470441067653822870261494336807128942189650 1024954240
32769828382488048281797817491640546603891759008687982082313000 7599633920
10372982497960734258 2047
3099987487487 174
16996392016728204796540216032661287711339905445891237498727458012 1791590600
1050607423353191915355149719360097025 5971978
613308246172597070 2092
6574337315392349644487800440395905248829203378672523630864964882428218423136359093512 2612138802200
344823971311186271 4601
61590278563914 344
13929077356474531292918133595 73724
10740934363303682715177045131104984095319505542029653645405510 1343692860
153377564296169272149788058354659012400682224653301641186534745400 60466476000
178617184377208599218506087164623596776957206016717459261444655187755343996729200 447897630000
3751505583065313835129260453659534819943857142218962890320 1067769600
32135187123459786139727701 36164
3889981034029902711805122091598656855145122665188523450047754636014997138322617466549228823812260 9587604633600
345335752785145569601601069785385691346020401418481085890264819809730483822002754000 144195584000
23156096845662890505536430060488562622672888250 1814420
3234347322002763004646753612597424168601248419071590430673205052500 30098718700
1201244111885927323905689672243383334580971476067934909186125237778505568691675 33592327000
514286452643421505154 9016
157443349385920163280604996102 204912
528202621959082351421895184979347164385648078055160 143327239
1556517113149283982827728021858461628987490354489027110277325897867174350066508950 200658114800
1429607623601742196344831840205 122416
324335731984689956161713804864012411659353535790 4676800
483275481239423 259
392853577485379296858345574175798754804926502350 441864704
11852689126985411193931095248619719350062049545445 59719687
452769983787629928621 4618
175556607709288309028739968419469095827349853969960480603550369200 2126264320
17137683428741794943454815838049074104336581438892380880063598716509208150885127242980324424678500 22473709979600
396400904373499965868309658214756308348810846738012839191079062500 42998269600
87938129448156830558912141942056213519874959002636475493877102034731325 42998159600
16309409277638879740871546345387645119551644492344535127758690 466568000
33780678512583705 1328
45142970285894462527234275190132 1274160
28016915640509562022329155499503970871211896343674952233733757741787641473222132260206250 222953482000
2209147102042747575228739540577314615177848787500 348504960
1104729650817516464704463517517736795245 1950656
1123977099873950523066341199149324320474336420669714409755605293625623602287025230539476 559872000100
1350228860667539188410691631438061454312421 2652208
93585342707551870571143139266850706543330627907541290711910816478569911467056833500 436356467200
445451 96
3058022755141715481788785098824987 270936
1738663690869483181012522152195845116186990268385550 83084160
90467344416330501684020467513850747817520697631608247365326033350 6449795440
2812655518081307 364
546114580979839875127819103349121657841115277710176547585976993063905789400 50791087840
6426647034875460410779735120147015 331771
12220531021757810290387630393724977905 2654207
1278669660405454270787436557361811920573404414184741271709863917375761500 35672555020
18140067845941518450751410852163886252421679969058491480 80778880
323469389291149264827171411674999256319145540568797457398500 1336720832
4901844931194934414705850709153474226612146040730242342188697326 5374779200
1311880618399 99
99622236327 82
210716073228221102 6147
814038598424317972560800106925997576076981291397155044725061579943655833125 444955146240
424505190085175673448782326131905276190061021568115284011836790098792402051568671082105643750 5425472000000
158903685189114172418359410 145888
5357346671097886312343866629402503125313858877766515038948749520 19906566000
635522669704482276232109740803334210331386069110154187627678149504615874588535659293341590261545840 12671461862400
34904973267017286 1162
31714692988475483108508260212103744818537292955036632693853280719906294597832565677076346558500 9405849600090
136928136840801227042919319987224294210973600193103 23592968
343847271301635216665409995916342558127034 6298565
2226653519378797267941955806272393694870380 53047712
43994297502901471259305470504291066313626041307468476878008684509410767233138937100 1058188080000
1320310385295544989487835409202157950010885761 13771040
196342384980896777076329871550 373247
9583660373588851292757656200464963426013205566 24576008
195658822726320076761929601299845982147765834258472 95351488
498804686923033590607651279896539380 5973968
927469625104701129952076679790416736182917599693176721941467885803021580267489636833600 1805923125200
3767166948118668241153314096192505172860255606127246438733671885395325401204540 668862416000
33230317931916011611108961143068610761510 9957280
23617688499798604397289958292124030867966916832597763630027644199322875000 62705664002
50405629229700166322059762644115072532949295777940968397405495650091 7255971120
193788109818990476578767207560340369060877710844 14969920
265880021482607372390604842818114209028472842784786464075108289000166072897432376 241864707000
360077544732791233721462418123979244705542613247808109927496547477435100 36279705200
574757827012138506019171976149237113765173610331376217462194948150471998143784290435659007500 5267475776000
229807086115553627357703603972182749236550481951283443495613930 2149908490
1668473869698642039309802592862383662963116366517492119549788641806493024868196370 339718624000
655360291377273836363463664303897861660732518963525764386425802375189770449555320200 171397240320
10251916515886325722586657566162477577609300 109495424
1119725429474414737747240365922902 443368
1859588458925015 767
421616763 47
521039465927881561326862916461491920386046113918196620000 4827294080
571986112328014444845469494811940398388953347138837275376337631538361540 7431682400
2306279304214254570930996560330358525488103064780998213484814349068 15288238380
2578746639520577498021358808112187032534305604970 24881200
312444760731297495325549303871111839514 5732480
1000882021219472957287176598708270218414797171147727369399016140 6879701136
