2607924336490993873353662 13824
233970885559124558154418147340982900282384328507500 806215680
419848646381601038501563700095969139901380594958693527702463221252508598539750 380936908800
84951145882842781526985 27648
4179013695 192
1649714901310287950851211673451458897808475907476741666296672451183086643539067704901421374220000 11522165760000
28243555852342883396563686586882033316445524772266852780459431684099481622358391337174445500 18575209267200
418186721336670 3072
264906946970549724140930891581457178568790111512300246763294543325 4478976000
31318394364686449500503912439977177948301105 7077888
1435937354153418100423837453840393650 2239488
494869308664993959327479513987397576425286324501 26873856
533742486835003240296206270129968322021809307421527534750 353894400
236224693963466993945153608750 138240
7229598108722989896799464756278551054498811531253041958952168707446710942093350334601250 4514807808000
21382414317471349898956153590 497664
2893561670714405376223888770 73728
1320514350656353469973211804068026051864099279818519928932790608695744471000 33443020800
15353366222103346364526346226652810 1244160
4325062808920870412404494089062241928648857148358034712955147964870994940 36691771392
32636981335738 384
842432247774057733340264365140570657421741415852907368041656207489307012094877180 501645312000
101280117113579210869055961239063264837064798240067761089307420534318150 57330892800
2585043540686368373016597623435684538523960369556349710700 1700611200
25852661005468537142432603217203037874800736750939703549367756910368016098109914600 398131200000
24443601513151712141391850689976302457466079117858852115321079812997171626575410 61152952320
29726340281130213855126637990355359078075322775220331322106174621957123554461111223424658560 5733089280000
61857863947575619 1536
14694731329119087345453657458671260333663272382270908978244579900736323907323735110203608443250 11609505792000
767979802653461941917647998913889255371017192516464475250 382205952
6968058601865061183940195898884979540656240325 35831808
2228758517017632497183424835125 294912
13174192536790610625252397942321680599914858051062170472 398131200
727049181538178829961211210630 442368
3837767159785504570336361155783749338222439439178783231443099627667883362771952222045733912129500 8918138880000
54477475303140760186615061 18432
8500454249094887423107508745 110592
26911717841391029247329784182453431470794797106595517628991598277163586125 206391214080
11977379863930850349269899714421248214017486989993499515750615000 23887872000
303166453655440282778152460941382051119605903059184726 248832000
1827445178802296655186630413091346859867525934478897985717190 2149908480
104233215090579873024249080978719 49152
41438413398159356825888562363890662215 1492992
203128112075 288
23145130736331641444158783315020059560876494019034702904094189212750705 12541132800
15621729490573409483341688137238539097 466560
62749660897533331748372188576231030010243831166539828395803798 7166361600
1561405218869366948481427496926962004268034394175613641838585 1007769600
79468091973864387425770760622 442368
2433900333190362656771540273502352500643771145838433393220019977966426717625 30958682112
651300233 32
17164579699234037696077957777298026 1327104
2212972641650371445 3072
138441418805278065834471332404550 884736
28281707495637331053639344717896292408013166703946381461905391096775551762503141836278250 2350924922880
44751793671951875996484600564788555235403923293698711768457472355563384191572304250 509607936000
130212097335320425010942936734603899589989603419299288128474 1990656000
1557519385374632960240235196898004966485332836176965120843941550057142155900 96745881600
3794176027256976526231219391912321616563028187233792926714100 3583180800
116607053445270134287194997169141898793395994416394643171222982866148005649000 573308928000
112512368330020528676752946574932303278021077643254 83980800
44866623936270793945457268466039994076863965 3981312
48810699239781533027086712649592530532946236801068228820251438304596720290577323956302452416800 7430083706880
3384137886119771131 2048
12261265275183083589142857076237534696883011220943258458667048061991177637084498522267720 387072000000
397227492105829074470686919733836722441803514765308386950947256791363006609436679864645160528730200 7962624000000
109913127897143889556220315102600590099658029863309878891216726598196590880081012500 2031663513600
454932372545245838841405478008479313113304759012597129372751277657532308612352941876632000 1672151040000
65723823809002351472025 27648
3543685940759220541492650607364319984093076343194913394294576 1866240000
61244706380047649097837324621484700366030668120654428428780355642948763538936198101552095900 6191736422400
5978326271081192873695576793895161 110592
1216698566914286628312801434272078389592727657338231747216862003279485950921680 151165440000
20699495922831107362406507873252021632576257059307 47775744
1958205469 64
4721799053619698480825807547626 82944
33145340850579606883 2304
213526234188643834115832137660560227793041441404575859841353253502717503312267502965758524398307500 33592320000000
10018357633432998761316121501085363860464756743016581618484144631305765205587796687192890000000 16124313600000
278249565270276552111580321202626865538170775233533144967352507669165375 108839116800
6698369731574 192
1500659337278473165064487045 20736
2861353159396072495 3456
153473198303797 192
35870184687194969147521682703003472501872581509232840532284726356549833213441674627738010 1019215872000
443997113739097017 1536
1248573847601597951710984381629789011104041638030628903044752308578320218145811145354792260 447897600000
317803592544523025615507997827355 995328
337309982694059540982566959837048294743519619079241227266484612388739031046169443855918000 18728091648000
503392746528128422107120829236994307658247241660400 604661760
76096868078140 1536
4529903601013591515 8192
4253234114078180356431688349468998971500 5971968
32411210864756337869640433891196087532712054593375 238878720
1207055273330521991863622640375398872213743773189417889142529464032734160 32248627200
54235486541123997366410571136351064447316782038421267722954829552511556158594840 122305904640
1290257786850762730586499533317885857571177455234521480407363666936865625 28665446400
45733597278909024718139708490334454547654087044276320148477850567216342822508790843970305326813650 15169754234880
4813316005152006616363244145 373248
6692802719556332076362958864480090427746023543387740122638583744364428950331295802 195910410240
