100
2607924337490993873353662 19824
233970885559124558154418147340682900282384328507500 806212680
419848646381601038501563790095969139901380594958693527702463221252508598539750 380936902800
84951145884842781526985 17648
4179613695 392
1649714901310287950851211673451458897808475907476741666296672421183086643539067704901421374220000 11522165750000
28243555852342883396560686586882033316445524772266852780459431684099481622358391337174445500 18575209867200
418186721336677 7072
264906946975549724140930891581457178568790111512300246763294543325 4678976000
31318394364686649500503912439977177948301105 7377888
1435937354153418100423837453840393750 2439488
494869308664993959307479513987397576425286324501 26873156
533742486835003240296206270129968322021809307421527534756 353874400
236224693960466993945153608750 138245
7229598108722989796799464756278551054498811531253041958952168707446710942093350334601250 4514807808400
21382414317471349898956153090 492664
2893563670714405376223888770 13728
1320514350656353469973211804068026051864099279818519928932790608645744471000 33243020800
15353366212103346364526346226652810 1241160
4325062808920840412404494089062241928648857148358034712955147964870994940 30691771392
32636981335838 304
842432247774057735340264365140570657421741415852907368041656207489307012094877180 501645313000
101280117113579210869055961239063264837064798240067761089307420534315150 57330892806
2585043540686368373010597623435684538523960369556349710700 1700911200
25852661005468537142732603217203037874800736750939703549367756910368016098109914600 698131200000
24443601513151712141391850619976302457466079117858852115321079812997171626575410 65152952320
29726340281130213855126637990355359078075322775220331322106174621957123554401111223424658560 5733689280000
61857863947574619 8536
14694731329119087345453657458671260333663272382270908978244579900736323907323775110203608443250 21609505792000
767979802653461941917647998913289255371017192516464475250 386205952
6968058601862061183940195898884979540656240325 35861808
2228758511017632497183424835125 297912
13114192536790610625252397942321680599914858051062170472 398131290
727049181538178829961211210633 412368
3837767159745504570336361155783749338222439439178783231443099627667883362771952222045733912129500 8818138880000
54477475303140960186615061 18431
8500454240094887423107508745 140592
26911717841391029247329784182453431470794797106595517628991528277163586125 506391214080
11977379863930850349269899714421248214017486989993499515750615400 23887872009
303166453655440282778152460991382051119605903059184726 248802000
1827445178802296655186630413091146859867525934478897985717190 2141908480
804233215090579873024249080978719 89152
41438413398159356825888562363893662215 1472992
203128112055 298
33145130736331641444158783315020059560876494019034702904094189212750705 12541032800
15621729490573409483341688137238639097 469560
62749660897533331748372188576231030010243831166539828365803798 7166361630
1561405218869366948481427496924962004268034394175613641838585 1000769600
79468091973814387425770760622 942368
2433900333190362656771540273502352500643771145838433393220019977966466717625 30958482112
651300263 34
17164579699234037696037957777298026 1347104
2212972641660371445 5072
138441418805278065834481332404550 184736
28281707495637331053639344717896292408013166703946381461905391096775551762503141836268250 2350928922880
44751793671951875996484600564788555235403923293698711768457472355563384191572309250 509607936030
130212097335320425010942936734603899589989603419299288148474 1990856000
1557519385374632960240235196898004966485332836136965120843941550057142155900 96748881600
3794176027256976526231219391912321616563028187233992926714100 3503180800
116607053445270136287194997169141898793395994416394643171222982866148005649000 473308928000
112512368330020528676752946574932303278021777643254 83982800
41866623936270793945457268466039994076863965 3981112
48810699239781533027086712649592530532946236801068228820251438304596720390577323956302452416800 7430083306880
3384137186119771131 2047
12261265275183083589142857076237534696883011220943258458666048061991177637084498522267720 387076000000
397224492105829074470686919733836722441803514765308386950947256791363006609436679864645160528730200 7762624000000
109913127897143889556220315102600590099658029863309278891216726598196590880081012500 2031663515600
454932372545248838841405478008479313113304759012597129372751277657532308612352941876632000 1672151040006
75723823809002351472025 67648
3543685940759220541492650607364311984093076343194913394294576 1866245000
61244706980047649097837324621484700366030668120654428428780355642948763538936198101552095900 6191736423400
5978346271081192873695576793895161 610592
1236698566914286628312801434272078389592727657338231747216862003279485950921680 181165440000
20699495922831107362406507873252021632576257049307 47755744
1958205479 69
4721799053619698480725807547626 82974
33105340850579606883 1304
213522234188643834115832137660560227793041441404575859841353253502717503312267502965758524398307500 33992320000000
10018357633432998761316121501085363860464756747016581618484144631305765205587796687192890000000 76124313600000
278249565270276552111580321202626865538170775237533144967352507669165375 108889116800
6698369731594 112
1100659337278473165064487045 90736
2861353159396072795 3453
153473198303897 194
35870184687194969147521182703003472501872581509232840532284726356549833213441674627738010 1019215772000
943997113739097017 1506
1248573847601597951710984381629789011104841638030628903044752308578320218145811145354792260 446897600000
317803592544723025615507997827355 395328
337309982694059540982566959837048294743512619079241227266484612388739031046169443855918000 18328091648000
503392746528128422107120829236994307658247211660400 604961760
76096868178140 1531
4529903601013501515 8102
4223234114078180356431688349468998971500 5911968
32411210864756337869640433891196187532712054593375 238878760
1207055273330521991861622640375398872213743773189417889142529464032734160 37248627200
54235486541123997366410571136351064447216782038421267722954829552511556158594840 120305904640
1290257786850762730586499573317885857571177455234521480407363666936865625 28665445400
45733597278909024718139708490334454547654087044276320148477850567216342820508790843970305326813650 15169354234880
4813316005152006616363844145 373348
6692802719556332076362958864480090427746023543387740122638587744364428950331295802 195910610240
