10964455865 128
469422233354718061 1024
2799688345373207023425219351870807330 1990656
2369008663297543961021237038215295495 995328
502445537979 384
1593594711852965793294082568985 73728
742386808058855040018437377249161354199380041287069092537713190 3762339840
222477568522915405769490925789615 165888
624794614000168488092191444771254809739144061800 644972544
104708808827200168749982419760244850842666355355422005294824880559611767397856 286654464000
65727807545876094502338747763326851280233758067165095373010505051865342955732027555000 884736000000
401673023036217415329379553049849173432998975965 9331200
14225298426135444283284 20736
152624258105852895999 12288
528459509696668360176094584771773158703771292 53084160
2445823128779355 1536
152447583542510355632278587651511730604679290008803876752 1343692800
40616843695318821285730796927376278330592142139547806144636603047894579588541253253500 687970713600
40815794605997159808258086147597017999243787554748683320 2293235712
1591601691538731990328137498 73728
1286121803137312736198102141425918169874658842954079370218277558242501282612166091110062243500000 24580620288000
20024613465453300014580935845415708943470923210 8847360
3683025658945777833 1536
276544064558883 576
1158879884075196932044501652075647950 5308416
11094790679340713477903593922867549739756758516023781738781335997690346127309588343036294101232 2560481280000
2408028697716429933150524294829282142093726 4478976
3223093256442061858 864
1291064930530734849170247087767899290557153808817603610250 2418647040
112039210606312042215748321860849316520496100227557054722099682700848247123160424400 2579890176000
648710046833554154976822384603254412821927519333926267311378 221184000
1652569239010035672584778614505231906678411438086704545 286654464
50141891591064682030415288761092723341528452120110862568748920692476348225950382640183875000 3715891200000
121187051888997532064273750 30720
9024398439252733706523278375 73728
111795219692622468532681240004267814743588965896030876677880 1612431360
679944270699010170905141203556911 30720
4341167376234881672695211907632116006419396315116131500932761367391455741885972174190 1612431360000
2364099543458171519495377980947886027485256390844904918010237890874670555013430251436603323943750 8062156800000
6453799215968805434312448729498562400363110466985825139231589870631255997722862200 429981696000
129819141295621927292729462892225730959690668182115737766610 2548039680
2062645410398380047343686362306295607511073300900 382205952
5639489401451346152805091921957364020960780561050 238878720
1291773772539 256
2120069 16
13303769441 48
12821771027 64
274648129391306017296917342586825172735794432339802796444773726687264705226250 89579520000
2837131366958 288
3179924763984819171036923950615683458129539855077141741775822773561840971447676599403274 43893964800
378522875458346638921864785686019188526506233700591151178792766309759722532582627251123290 2239488000000
12365757812804839449833418477277873923685097728842939563702411986843804668196802308680 1289945088000
104521199581684763576964246922041998098 1679616
182413523731527422618383791740025823083685764825401670158952425132385090393180 201553920000
1261217867249892066783848027251021124759025759057864 74649600
20198884459637320624339220918463383464297167853966664992315448414776500 34012224000
134450501209119085698728291000479886976729535493235285464559282206122868061147734693772655590000 8918138880000
955441208528172794114842199876830999 622080
12139377359186475523674174256175680262346634565713199432781623172479581374325821082514760910815000 10160640000000
282489637025922506472406211918657816278271877494970263995621097147560 10616832000
1261441524812288377227926040074275040369159843672272218382143181800 116095057920
2333611800898769036959279197 41472
48234546523446714357988498076246511147094424991501668189218776875977029150 81266540544
41418025330 384
22306771515296504482780793029952818496563293066921660409161913525290563897148729396689207040750 2687385600000
19290276246911278425802171653655049632052635739126891212136952929909696421232650 149299200000
2537090902387408375443111006239531558451736635362501689979465107869384 23887872000
8621798499327385450304355060609919217453685249971995781595765939542527285447200 257989017600
186463667967118835195757402214236798498820342906189382443762693535987932897453040947875 108716359680
15885869248857969771238657606505 165888
39296011982261503890535794040277908944404232344957620395918750 4299816960
27190799183282363121236375549181813296511766152724412459410489732178517617818800483435180 1451188224000
100424142601568598741 1728
7566635257718094162 2592
22968725167641113135842297272 82944
214902611194067113372885569533730481543076373296562552152994678635790 14108774400
2654571625485691069558439111788640942018513085854280 644972544
1223299294040502239739594614166606032265640 9953280
1183347867149041047391508588607024045859907664090867143394755260815851949991067138247876315000 10835538739200
1387321900617763769424288049418710191844824194618316314502 414720000
13098943702466222324387682411337438732298334414692136255000 3023308800
126101335193823317040682309525605613230039841093910655 212336640
14124882715052037132187140 82944
115862044935183601832825180703570 497664
4206054866255340264897913018831259656577686500 191102976
210105173161 128
390123007262831001198 12288
104938436333656617283074065 55296
35132090993014726370941611839545426432817268095336931322726045135271217574301140957512761425998 4586471424000
47289382404213367035758883152636944419980051085065212363765192435880625234229210773716310 895795200000
2851139764921645674792444972220850004760278195424769523870074679607366481482200 362797056000
2144652262630173139829607990602520 2488320
44383067554609713246553309233112081151446094461189944515989142640516 7524679680
2576697580555002720745234527900612976389882629596008514807749800760243335000 67184640000
453052595524521986 3072
3341303557464839974204712847102 138240
17773594002356662165998385974699742549753052916 88473600
782533999279553036899631219039869710 2985984
59815942337108968338002518347440477310 7464960
57221196460325259082347873955797681464028478017521899768785 286654464
