100
87467558703805063168894686030657937237009917725311963581814195417674060213450 99729428480
5579949596160784497697767957451864817129209088173595300 1813585280
520656414499702349935292038242566634590855 8347360
132333316543253489430033828316327459078531754781388411490 1911029660
412951024829953481072398971705 17200
131435389287115024615234612452869514404149523283093955445362800 22675816000
422370291196852 2728
4009580614548941861557154398175116 559874
25831208579165490471022082009453864302986107310900 274990848
4137369760206498342815 3002
548513888931021168521061621368361056915038533932261930195984633204559899162435 10658317568
23381478872712149876 5182
1793979456070932540251916 187456
3483608990201743559262778474558377851327681590030791922264322354812967985147740548831560 713451110490
25503687687843679330311505393269482162225848674362955422927053368543300 17915902000
13712951034633921088147125210720367101307854538179196647006130 5733089286
19575044642240848886081466943513245773962988760 79606240
12917734039875556932609248705429894256459213781168930664453230201337806570304277448713558000060 14863564850000
7705839561613 156
933108791885560396460533239708893649686882177601280395623021246233044236297745657287107310 762467968000
31125063814184854628400272298259416017233700 95511488
5144027286278507861346875877707124193241797212 33592325
34016291481436160631234786034 124516
236519673514354750701153965192689429271690 5597720
2110179254534143676543878854374 27548
205068653548295678313115219160192600894675440375 67984640
7589868850099589778810743720155601118339621962327033364653340108637874748068306528230463650800 15801829328000
345195230223828020645711071756555980568762280072471268438966 248432000
587658712465 75
482760532266711544308933 19432
25081859170744792269735311095246517030095 7902624
6831901506320405821564059507446940823937451313455170088390175000 5374771600
188056667394745850 3452
181532173866317398702059477649238385599437960641751657647227533516590082250 16721519400
18484886205955493151129874018182012795753866699876 3486648
15928740492559618 6744
1944673380309845358933491415996257756277617378677360990 483529408
217963860764710617173937115275194370519690424960988505572210498750 18139852806
5520406444081 73
7481971364500959875182474005275495860420027 2492992
1501620481279046574853442230559748881079127549086583909400 1934917636
188817320070792038105581278735299325417684908768506969438864306364883076990 91229428480
17715782 33
50718871488688527733274750 165688
1205459134963770704104209932850 559870
909986677434485397849798801992817243326866876205693869618507753373317199721576700 386983526600
269817658328784729526 4008
1523235724255256505471826751359124156318634008237355232463291037750667011138756339044780926534220 3250661621770
124789396189 129
1057846761227560767065519033238883632669728734451497327940583634643129910724160549172068814615 483729408080
1821938052582470814282985330053465041380 12915904
10854519882706972904555877836 294952
543166725470763319728227918817746321304655 4936640
118511759697911773082 1144
18128307447933158601043627901 112592
10691461253064602109768001670889977256068552321097347511506333020 6530343008
11602736936 792
1596514398929882077 664
10766005416986691892772804749540983386470390476164232440904134005075874500 51019336000
4778013793544126386406486059614915214 622020
119855584830165301167 4609
964007158577387878600 58432
36867457843749968752187545237221007229246916775060220930791696470 7644119044
9594959864501144367990847630 110292
60764902686014410389477799879434450978571222086959249522567917162099726037300 77187381760
2349712422145 510
358779530974074 280
170227189924497182684025747273205786396221151452041440245800 23219016584
134558614667491731676244278007460062193707166140592697659995548553667065959730 22949241600
2191567905194613679418082114407877338468567260 15925278
21998115176256899 1586
1097803607754010817227469672779662572690829900544257242622085250 3538941000
10096762020948326063405966269582896838011934177487884383127026806949894023230223801800 1343692809000
215001901758792199666707930799404962897086779748753801999707748442559321836534345321417018262693600 11287019520080
160649350249420662155321614348597085142329679259840051067315800 6748464000
2430385638643916274003474462628410361792658975 23877872
20765730941096999440443351533097441229452769845 6654208
16978798898319713900 6412
30684767965096596224917753042897059480918796422282727066385110478438752963650941250 458648142400
8636187651180617 5024
330621604854789778924093549786973945927601376294 606168320
4512408335751731762073642 11104
39597764436634184977560118269291686411373879911092919794256 1000769600
14285976739499642900580800486886286779280595 3732780
42552979022795440682511708171726691866526114290939169635230672449975194979409909514773851200 6531968512000
7777091214190270479176809512287816832944577669896284500 2866545640
147466943617260997527525054952038821879753256906024847218489657245525740900 31203654656
27484698685639076406368982050449268476707450291029640826571744597080746814854309635129965000 4723928000000
155715007901 148
16714303653513166121 2492
4685221174302706928971055631064061405297427934894139316597407787336130453255360813982776000 4389396480003
5785436505380658675 8216
718738661770961088303939092695596133519399632862152401522316440290558212768252215072430 214490848000
18931622848624823673914993368557340844610351 13436978
394514168876540747193441492142 195888
2983458123489499827274892997521049584474212567635977336161150 3023308802
10992217383193165817111417398166667242013517175581617541406761850351 7023308800
10517934403422424826675269321613142973672620 9983280
19137884978 124
69320083999814554777138132507913412341668817314740716450757858612 8599633900
