21378781930681890 4608
1632787 16
110087678141427 512
1673987787550852332656790 36864
17965901059897427424162905030787 155520
29837164835221283115434933975251127064948089583413016120 1528823808
1936325417073703160220359071114256917473800679004578691734461749594900972946092437928894500 6965703475200
143355180377483120098472647884857807435016587373215724568344747534415423912261373970 1031956070400
22199860090816853030006314484423897010982314119194194799594116759611948518091845234208928131730 522547200000
3718109 12
15174410548025992129 1152
124590742507957407924875910111045142395586617541704956983846774477151261624227418815424650200 16721510400000
585421393941942055433635026185639668978016927 4976640
12652378543043351471942374499531713235720996604884071170 895795200
133604356975700 1728
52973135938776333561154440760194483415397558490 53747712
379725363739865 1024
125798069562282750194846510717913733918022719293895524369750 6879707136
964381598712638539059050184404179078741570512039900 806215680
12881901563625522338509415537341328843854372673513182238851738492156704686200194022470675150 4777574400000
2682262611272823629533636526509360246244067769850335500 276480000
380052544749728829293601820784595249245718315251002805879651315816448920781517483607438110392 4953389137920
30477076282705821990129370 62208
199266293144742309501517363862 165888
8320471051120207932838520099890496416984667159105451287845513703428220216994166115132238968939820 5899348869120
1069627541003621732386806003049850270597172386344746768454142753471657053377 27179089920
17359016842567108792086028919226292831857337126775 30965760
302294474840630733081698048463564090567901455784227391889071352425674635672088447327725326052593500 15801827328000
258838507368816081614165830 147456
277384999160151886261313121 55296
241217498948966088106772915619994402912051948039306464179165522340398595671228945053328387265622800 67184640000000
1219065306450776634190602007405239030450 21233664
2223903830154637034058386368893960645800025284863688092379347081541585512564103204160 460886630400
972664138595277099498072637170423728255719117483152535986822637759953128726174266015090814481600 15237476352000
4618186455073071798712696173667720149006128710196575246096961985140874750 71663616000
43140535385136068196658549237152694148582695295438964093850321616910122169153498120 856141332480
846424543852996249952070140601976282183139508400769057977315552534879662012471214555447380 3292047360000
2287352225701949871738924278043568631319799208834122858239375 1119744000
8801406281303540438541497662167450013168944367906149977514669001643195357658000 414720000000
996468440721106926732601185772227918578698894 1769472
310355424219114039556210635746815601884987305613006880217614044790611327038622187891046100800 15999350169600
1248825826399428682146842021759242405 884736
7247890014434206556718031383334056829777371294049355550 3224862720
350276435872222122951060521319784679442495847348677189429736440 1811939328
1593264727394970314436959727883832155405114170319007809286621013760631065412889181826469286800000 29023764480000
667270204277043411578727137766252467184202413856509290618713015500 21233664000
320328297834498514449670115647082099511332841147242400 1074954240
15586990934698036065986790834218184806723990125837576269277035085863009908699509938000 188116992000
146227074772093969881180803850 1327104
136373827181795645 2304
185279875817614962009060295495848732079366912716401319093397832 725594112
3765051340883357683806283020 124416
15310691593605971814111649332756714889881351613849110307066475222657980245386338322400 846526464000
5240437895662776772445252457717767489888997360462090830537027309032008090 8062156800
1123615446580684883037994398125754991131462588629842604025300 5435817984
535239211537982082113760700647690682818863645750307876741747184896502350 24186470400
3595274940532009539841064907369329030482491063332864813149938081875 3583180800
17263817297887594539935907615918536987539049498891357154300 2579890176
20874591703 128
2045685747904255783630686403629511866481365 13271040
2728108185 128
333334588510553394703701696986739786580991165675256238057858536236838472713538149114691714950 4299816960000
217136777659265425720170441858660 1259712
180898293025545009621435134328060947496645412058904786486 995328000
51882102886295217567567805785960692959251902361 39813120
1488561101279393673102028039486217665672376970482990823163621860 3251404800
944724596000091382094588030239587902999032609644198 111974400
2004951981414984529663230464634189364221438023642283145682842266161725800713775128400 3250661621760
4312540898300747618842932382544096888520460119999851730226980 6449725440
87114237405292447418502969469091200995281148848062433171257051677241612381273511404709773296966000 32248627200000
107820051389702766713815554075020854370217788762179410264678535628103438750 35831808000
15918418217594493493986022894964156343313500 11943936
167161046 64
203232366890711492911715657137876333631973600 53747712
213343336635 512
10126102900881239001188550 110592
880750440497773577387386441663560315715422078544070531250 627056640
172535186981327635465 6912
108938477181502893873974022151808185647258 2799360
4894477994843916755127973758605994575987984508341791786225951451422696152095568 429981696000
27680646103426774328817084 31104
27649266170419465 2048
459315619270974084899244798165931886680351504607284172504980013573559922559227867072231963142159970 14332723200000
64538815453105188514950851720500 2654208
6861446826048187167952991129796906442150114 11197440
598993333 32
743370156155220217016650937309591289639797106601236848399204199441253275477175296412074757333312500 13502538000000
4759020097688670258142518778249788894171331869789925232093432747709768482810173043880 376233984000
13381237748435596886538047204063338332778649897833005455516720303658024 16986931200
204663544662804513335583354054459125856930794175473049075 214990848
13107930585 128
4154243093893110991850 36864
4845063513794811599473598173828743853638972087198457825472487279495831056686017358267600 680244480000
253195627024392782475656866504661303585967768225143835388524460881912237696515860990387128519225000 31603654656000
469816400370356557051767992724839031062900394473248362453818757497261736950 32248627200
3835858 32
329125177348967296646231447812278950359723487339298298327657555787732069330143331891215011032407500 2962842624000
20193505805929469 768
15388335391335922241824698564135196085097973421003662985364405547025512818171325376310003750 983224811520
550972222 48
