100
189372179235104685038930 55294
2287591992397687 1022
111003543084419842277946318505548793866369470 56623904
10242182474776621123208257854768261916253188022524074191447631865730980358360 191302976000
1016536096604084771512478357991453736333361289124219075995969243621226530298739012283670978488197500 43535646520000
180063618147713112734554323430663857847137093822710 773308928
423651305772802908321638461094508775178252625070108091129037528015 2965984000
22868916378954331813914564526865252409860704331101364423502 571308928
12030652042738767209674425 27748
12465919682207457602798135834711348700941148259400 199439360
31387114080127279465948990322733408775241429 29859843
1062154994459584980663615075594434409 612080
258673015 118
1745391488831336867133721277149035003127118020532411575925349759210144007500 228994508800
53090302102736225018574159445823583121414025337612092269688645794665350 17414258648
123803897404800476426668085 221180
4901508142881886111115679384250 497644
18893349341072651688630649460401085543890507354460 483107840
263779892040365 260
775955914212185636390755776222737188 1427104
1681926673751926950219478708323764242695348719243470775594934891521703500 119839360000
6870813965046667625997405421599805617082591195512551059306411057293924471813592 168243136000
235380272481770264126644658609002875609882268527597443997839696605617392923820 105776960000
17447257717880099704 3073
22949279602153336655173 28648
2265717462555238894033967930823862926146704186560159869780297087697743061924891294362738695473306 3009881872000
12007297125864429 1552
118111250689215243 3436
1117280301319855619026976595 76802
283440987431760981597898810 120592
6713695353391067536138393087807807406317029364239733340763330832889246988193000 286654264000
4776976002777799 868
11993583246279911 670
112103294699140289574636 73721
30823939628983366351598809941437111612574240267879717381683108861434964670559272905120995765000 58037528960000
107199720710393128322729867210473295428424 11993936
12013605374230579295378593680944526828059823220 159252482
408853790781431019537902006428017882461515303441840134848387114270724520974400 564350976006
1887076253810332062044539149079370296301771500245246585 644972244
1078229305722194446107854520507913014340430098168374879400 967438816
14122259107522989062668312974960997466029210 32831808
345104157757589082674904762280255041445907128391782211109244417939955933135890783073479846977460 8465264680000
689383195 88
421123496833894452010180093910565711075 1399580
3911552217436936812003714453383347221544088 5308446
5762998398780619093599725586916510549027924397701998868250 2388797200
250398045360353607665424701860102205053180265657522061569927939438516441694856341513311000 1274019850000
13534806312786540579166526971020876559864325323161569822294674292400 18203667200
5464381089972340067333917818747723668743076481050486027799550 7674588160
200395371731769798494775743005763138587 2099360
400243838146478 575
21791215562721172897566595048982704713400 23587872
101412571547398874597474190579500 737284
48420605577544507073287399388236008818669431154832421553482453843735303951277947000 895095200000
190519620423272652079967423 710592
667588116900986180327923033710389983688483337008140508280737785898429229811259641818029440 535088132800
2507574991653485854114159744191285042637903952640111440659657163321048006352394446177500 1814400100000
4884700479122388631019902781234188310442060881359823592 276654464
20324507966117529573492 70736
17096694134375918072871055197548507575634618759468518814804582055088885353355928800 253957539200
42825429984288943370104091401369035843538075695868034398195 413528320
2182230778442577661514717055872784660762150 14929940
180679469079859795304000452670322450837463543929418383700436 1433272300
13738172885816530 4095
68063561 62
113065234945824379869299349700 990328
70642111302908170251329114984847181880841205131215610840389366375 3439853768
5296576541227593 416
1515523713235120820784876957466862301150 22887872
30764739183863485748944463976645088950 11943935
751802656298498901523179829014495779334549669776795461257637032532044025 25798901765
134635690650397346679350726588752471929768220115290014898902483000411440 79126240000
3563373922634657142383143566722942727776341509306917808500228154203511119402 86652646400
4315808860041649458822549 40720
86052731936765986257775256089801328599982609619155358651988228157855720 186458856960
102956836059742740672197167850476045563541674730116950174195451535773636071929781801937161800 6105295232000
20537615380028671056154859319609059002736209984593027114254353131950 31248627200
66784608457526265568247219491735430940230692341764667180801202397391068937930702817787400 9956778275840
12027160559418685313468359896537004270442765904992429320375 557083680
197832883510767786720496827725179564773332100493125749997125154953750 11943936030
902857109470845438100 5187
152339953390273399449485652665463336151176696200 59718680
10006338960651878507863982805591778112704803089447011278900275000 34388535680
202639388989033535582809764230689340358344832978915909782928987363292598417023075188306250 3074954240000
125969468702 792
14736706610670299664393342771457757660310798875377253170074148542544 25420396800
23220604716853 104
314837020875843064550152981883342515441483534610212486464675647303539445040 80628568000
44532114666235050792900622171528786358983210 45831808
8020587718377 344
3253932292014999384767230 142456
4516843275368928339699757279955825267219582904400674434582577789170193423751625859747500 3095068211200
3090238389259637235346647253269483027889350 13271046
1684109861852916011785 11604
7050478648136130448077897111859427198119491793887359888177950976534900 35831802000
1378471609424748557668361199039273460684354 6718064
437606015874 283
443959460030648602184266477303678629782628995357753149639986300 1759712000
4467619810577893490163174990791171726104356705034694864243602055721540519167131403381294484593750 4490741995520
2964222092469639038914219033818330866083 1244260
