6330177590715898694951647795809964218635395500 286654464
398371814163341489288391172867153724863640 6635520
80068449578312411437528521436639038389462560819292038994385 671846400
267320555637146253949 2592
32783797837741142578461175045946079821471730 9437184
71471630544209835903485442924131500132022706446652 37324800
11008096312612881882304967438660812163987771300651472734058861385418163370431131775000 4953389137920
150539186903204294526453469880804996212080975444845145887223700 2239488000
110164582419957461473038717146816772353993108584689072845392300432366137970245121729590107997300 12443939020800
209022331915857885581340130417378964788496650125018725890762373480678163177746229250000 1763596800000
12074217276019805662824443763040617633929781503343660006545838000 22674816000
10069636125274523254770967942863364151848697687741889624 1433272320
248199472288423309205621407381373977022477291190 283115520
6975805475317290907389795911222509780505021031335487352422356775590669804778258333 107017666560
13227570874894380724555291523329550008793641426792963129899967338439642860294245360063828666340360 39191040000000
48727718010175359021755002680762652334319610753760098034044315687849180343968373873760 2321901158400
646396057722568910167839046840251923728980369022700329656214760967401365464 18895680000
21371889087547217361745154181105151680336150 35389440
16776758382402411407913367216634980625663637706821368965471100 2654208000
2448170462093861067429961304073096450781308391405211557013910 5435817984
24591238500011681915511065621995424976430889525544393250 382205952
563270943 48
4005179038725 384
58118470957684281 1152
22542044423430873724383 20736
149812431048824640527502302 30720
3631983101731142064191907246507134275767055568796904535914300661876789961945000 559872000000
518836345 32
2638272116871267279450529135556914866292703771063686507201197855753936824212116270455250 5688657838080
499781375708795568675393160792694220 1399680
596016303948034682259181218497287333163044714957498033675882486712218176693010831350 112870195200
9001309667034701113910235599422498039442950472933160870258223552508796746877922159153017526884 2063912140800
1051507999074808674430809795067647840876634417974178672654319216781817003595793157571581979436960 3302259425280
232727627045871411853555474308696295604912365988472838551156603634780052657612399125476 505658474496
414738196953414206620222069624700900562230717212988462429993641845227338425721814143648200 564350976000
12980858398531414559529098263708345391176751405987475 161243136
369510835400281 192
214997081237675123510396 18432
17217530839314371279767564844989691458358287009881624930997403974972501570393665829437734108176920 6965703475200
51785928192441033846879713104088781999596817407602505286618447025999663799473244886 71345111040
16937687 24
2757975011334283583746564711240683327716187691295688312289882522905697992727648685156897700 948109639680
15014355902 256
1505675575578311519603342139013467347008699702229164815205690454360145 2985984000
32595749365379503898816731406608957929452341708336560925857090536880 9953280000
6879430097649514171469031 36864
4276661545422886622970009305281880783385591517556089209000 573308928
50068383 32
20121767893054453964809344921795465014005267912418786230932826674051735416289428412193378450 398131200000
19207427985168202800786096333431781821851676470574336118384992127673698047897637634846635 380936908800
67395282517888637141194873344243183148682310 39813120
45965161269174 768
81063775105796357958923423543104347122417540599468869053095865093417783392800 928760463360
144484865651112912238973529972848618126233307051845035094987071055208232608810662754062500 1741425868800
21833546542715980123973535629652 746496
24442309387448205819186555299992525470 3732480
485594311158450074611721383875 368640
173402090034834253666570900 165888
2054682208961028027945678376236787066404773158484936674863839434166065948039495733 22932357120
106279209010216885339359676991386250055821246816956192677061918252159411483850841090197627129099400 39007939461120
118574206960366850 4608
54449850277284184295324093514613666665790508276281800 82575360
879526075778037366693443 9216
70638065973068645460310086687817183987574859302658101349156229030047448336985 10319560704
113144572450006292137015110161281411767600283807136664406105100631574731509985000 1813985280000
57480460407777075601791240044825121530517391967644582075 35831808
3777407246262924143946378072345544678190273123797769054855955687437328525533736 386983526400
44759777113062045487694252273402857172191581310787159500261599000 27209779200
57659853414879557924393759735436578 248832
284665012488269921312153606865454704702320850 7962624
304379525121413327 324
42539904880249861402743466598824974 373248
1627765971946695745691443737915129967705273423146587930169403800000 31352832000
1246655853958919413028900329087236892448177866759034777067350581999689849416699479477800 2853804441600
3521390995556624154938822163387011360223335487924796760582832523625432743567390159397021314950000 60949905408000
498985518268156256479073551746564924946784170 31850496
221059481107940591775314939566543913402395261829135102832079428 3344302080
280442932829455 1024
228996167178266722005843787031966449800 47775744
184445857203289150693756719467442457356103630224872638895853434455200 20155392000
313758123907223137946215479959720292452243120920879964472067151767350 20065812480
55058160833297370462840712239284277020795173440849257872776 3822059520
1469572787397194098628338387828 155520
44402330088816114475219456549445317909329692049501763455346562438501307310001014627041000 2149908480000
27162377712431751455988179382398340376165638349715820969291207220593185 11466178560
46073963151536105658145220453832934543899947458356042407545188136732507604152917686340 361184624640
4175973560999249377030 6912
166569528476 384
376477247029245255299925077863380706369996282908914432400 955514880
11586716824239061840627304463637194860730187743875284821698326447046422038102484125109687500 7584877117440
1186418231399013724974716361505838621176382642901534253500494874595128590330047532715542337131295 4147200000000
129356638610290372523138271619244427292647420662318219435455656561998957963507332502817294 891813888000
1131071241167658195923619363442867980911423103626058091227235136272674539370 201553920000
206193743118218672944334932019009064350 5308416
2648513 12
176102416300023111288980303693661289999102728126507875143609010859777451096259639725 161243136000
469133742651872783122100817133009555826024774250 55987200
1191757911165830645812131203196603624106675767295080 84934656
64051921923553440768916607320595 61440
1387412243 64
