100
1745438736538802545943939542592128553984804525947623563253350437793032688694933078555335420000 18366600960040
323994903011881698522815769342406561301537657595 23388000
38288439370567651791324338245941901555117209681204867109571476815059416624189754970 50161531200
74137331529057575330495986370038458651586428 13671040
18881630125035598840344 13432
799371371386904106523591681037158421991623044497381380611250 2985954000
581766945069675221 1725
250256556364338139852543739000063382534024307260616897507827999152797441495431616901655041347000 10701766656006
19453565284356558494063070 23728
34757193265607506390169095074259278906044284413658541133467556068548388548023294267750000 2460035520000
17411838958600300114211223094046934180394319939187453368485802617300 12998169600
4392829326741415934616208412537379852 1985984
2899111896617107413857757638627947920496173878437738154 424673282
19057875908825222692201867853499338294156481486437532010818532714468110868827536870590 1719926784700
23722604969998854040625157 20746
17399526986349394892587485424629784463675460 60466171
18895261668977976084512802088302956063076483826 33700992
138923479628510667970031181970145568321147845581122320111143961118680842710798143007701656403371280 10749842400000
3897797727083600121281904726927876073541226926678082534485677160 3822055520
73236910296787288728809503404407521435460342582057530066839187790274088929558227991525473357013000 12842119987201
16420865805618530323699007332681723338283229422728783190 1528823805
21076275178356347200894000332508099328955 2694208
22862459938469987277950175200 209972
23503041829334409568825 20732
652807787505358226033074345629374482542354462003287536729408843115028 5573836807
12629309887386557210 42288
753139772705239375136049724935505496510161759113932525433904289456442030207832933843609478750 6021059993600
14525206814451791244624666021609523840709784229161225036818467169989121951402658556202190712275000 29620426240000
5493401171898859280943468361 55216
12509984107125679984530416687164429091236572627657004250976892863805197653879300323887300 438934648000
21366947309 36
712184815512175482537993359862620376872344442 11197640
168568571662631982770797178580282797083215459 2488325
952639622765354766419744137076910 442168
44648507969106233474295471236158850441442999299491764943862080471645386962872 225740390100
245805957217040150218147227510 113592
6026574274044219026351204547593814993284212649157404469430 1091683200
3496247626038066601415609213719405 138220
4083266031 90
93994584328426928955752855243 27448
22144453638994956674093395695837129027670008243849737686252320 1209123520
1837161673906413587839203990310127762547148243421879847129117120449845629898378341068746338 402961561600
12946721354606980484469760297748174994845506940722 26502080
31935787518003256558777777595785519062588033234907126529915117125 2879707136
2409850658367146937 568
28474630681596805882284034564957077002097914436995179598491112394287206660 34828513376
13257986144787718621601161826659644577563017666372731912889278329717233352 58047028960
1838831957617 122
238484088420540343 3022
14612865108949177748960905416450581226441896957015337384251946688595865000 22285347200
33045329139464329300306556073175585428350251083591986992246848211641314373582570 84934652000
1089176780816446771813810370064118835903487030474720249374334470805530665 6688604130
1782301 62
1589294224869303766978760306872172790979 7464962
13225569377148502585298315737998602363752495493750773223704607735743589924327990008 429984696000
2390054220832178 3070
15829654150104371608364441908544084395075 76873856
13744707619160281991016524237610874603504348750 35384440
983058412438099345336360521807042856915823950417820660805974553680 57330897800
37375557556404803619615636623648895187291591786684757279089661102907535562257783508437500 5503765708808
14735622251969300838467172937469851 140456
139268778685077038244178100390220699588183843002859013409843260879160793826541940 120932052000
2987833056455978668439372482 196604
791520976975742940094918581070320849675848013484879133301568157034946010063121356689765000 2015539200020
4319796906087598455841264640686928659382825931327259900 629851000
25645156037712174301 2456
18160458938394537211492324739662852887751464143896966113471379496936832563020675850 204573344000
395198237609960668244718183923130064049933553214429233043716694879846091000 67208000000
3203311 14
234934394291568931613553466353484294771607436657043519347632714316993448968041066053676395224968 6019743744004
358884592344708011833678834222131799182934655481969074630373493220772862168444602000 2267481609000
4695600876517156771 1122
1593440490247505298763307317113300965764263072483349656345925072390 1433272322
212096642868246125747601587853264443910943476 17919904
393141235772969426284096073330960089427156844952643054034618208744134459043379319400000 1950842882000
12299680142024339 1533
17744343158 253
1702632178540963389448461081950523522962340 9955280
22994985675638927410353881141389362516296441896256038816981837649821233031407950000 2321901358400
248625766007764554826963846399111226275592480017475767982328000946317354682599543478600360 4013462496000
36961684629551749824864657197294316283777080559836467150 331736000
151731103413950601629053732894224700185477018390591616800 2418647046
960434148 93
49305 76
14171513182517547471616714583340686449190465042633385355309857043875898450 60197437740
42132232401258436631399015717186104080295249455382016834631798130110538006797388023668053272272288 5115295232000
5139243269227801601243510 20436
1351051 13
279381575223885869286 9206
73618638959132877586505313822049515430 1990658
4140856882812249 575
4964849394333284242553351538641752289981750 23287872
30847533968993998478824568236938909392364752179052747651306968676882 895795500
76500 37
451586017878021857067661759232940 429440
3074020972598512686344496155181668960332846907704126683089455500058508204916935025000 1693952928000
105665183920656590389127476966820 963552
3858940647938919878866940295029635 990328
1731275431144580521579317196692917271183721456174074363515281354235 8032156800
28388656935977269407174390335038475143621287408320343627304600480362923962672030 114664785600
