25908815180599451291895067789025414053305973520404790908499942118269940932196498494925500 261273600000
6657024588286637280723897699522947424960878290165386574805473234302609394793100 200658124800
15513750039860931307349869652216058772377157621117803124970125 302330880
352451782414432646580173243159396448498253438677671190564712836360078370578467092124530938923610 3869835264000
216306697521648947292219952264526055109296347805893562123928864920436794940172196313961118992770800 33177600000000
6875714265093763736391362299690710462888712170008652431811455202418302240 92876046336
144846268383514361948530 18432
585933679161097331918772299150 155520
891395166411021911328329977104042199295 559872
176469075780118778752663074 82944
1037630185168531563712110096047167544851357101312802631057863547679 940584960
23875515578007923487225576541041439543570328840143969858994804623249560712581196943175 535088332800
157645983902514059062773541804023523360980 5971968
2041237355583887071064689080430391297037724415026739480653531741664304955573020 107495424000
36434960417263565327086350146684485735908586900 13934592
6668631454804608115888898520411 248832
123361581 64
395092538237280414001001432325222338754565001490798752967941958515260435500 495338913792
554648717445269671073362268205450 5308416
165699952648748152087130103791585372242491048823008482428700458708170 40310784000
386520662745082948835925491135890199491493551862970374314567686086747250 96745881600
88580813293375928743064302880728208065153040606141532032844621025055959560554370540 209952000000
118991551383450348482245711733962333833656106339147598832846280 3439853568
1649704211857613002 4608
118037388608077828827307244822501837417314455746331360931401410276286588491183986881474163856641200 48157949952000
158803487602951389230088051692476840867290101120191155902955103034326512 26542080000
4868610278001433987034993766700653655149801641406494479788882188524867618500 214990848000
319567230556442503334035213698658019953431848736441090769778512859053500 161243136000
7761491740767602988435385314762624332468250637582303320 597196800
24476932376797448203698177865390152050702 2985984
25273988416711 192
1137354405148306392614434500597939266154866423420 60466176
1923145088575033161282806311454001273438003618591650987652 1209323520
2061408225445877948104371 7680
2053167018351859090246424217440745973029920736928280192256299512420962676271112810 429981696000
108097086 64
218783501604057315717622016082629284959176428975804488 223948800
2485318472912273383179132975 62208
3642333122462000197972247425650018600603511745384190 120932352
25435363539167457948416025139696256766817174586076915357347203933350 5159780352
1196705528121786688415627454833845340020907967931681689104406075861704884238301422289647362290 2038431744000
18571287932773837414279947859735710219071453310553690066334620956437922721509174075 53747712000
430788490449161659189516636796090469522363580019485167943213914 5733089280
16642653223552629217050143895523424652394025910004401543762 1959552000
4876449459682143419002574421840 614400
1015912578811025001374601949099 36864
4291701718675 432
153059518483402210698300318735635847310383890663087764393611199017315 12899450880
2921841276982571095958204815290723444600043693679568549654647337079233045410135680401000 1375941427200
24047588990059551035860409974591156003266003235501998801374270602488817095000 483729408000
247917596518684140191 6144
4403763888926254200456620903679115551712345076541200348280572947685442300 28665446400
1255133477709823184711908480318367742068716876045343065578986390050308265562500 45148078080
40767822391950855207880730427766308313911621918541662640050 1343692800
712074274019209075258340656482878401883440804486703775169255641585336811928312043937500 5643509760000
287958052353494002881273227648891780 1492992
360713015709944737206494496088566 995328
156235592524935 1536
4170156455680164755322786143470420736838874097967509813678106882827679900 25480396800
8590223 16
32051111801441333424959257534685668705622257695750 429981696
1145942552413400213806877255880110210715616141176244892635991214022332318000 154793410560
1102796077035706303856697756037556277036180775317716269083821004417072075720925316993682201036649500 17199267840000
32189549189850005084861206268733862123683305146829956692244 967458816
148693919 32
60303152675063924516708396389501561082285684979423192825087134625296368416977115055576020600 2708884684800
199537530839838435150121694169807115309705069749193382217616547398870500 14929920000
2043348710831990058772755493406917569551749093322903423886030637500 136048896000
1639125482346435063833407079693802178527439617287622015837248255742759987570 107495424000
22379918406068338995565830583403906108302755525036653641203622131115216695000 83607552000
1019058811 32
47440925239679181167244545336048464825722614661221734566 186624000
1492344403172625740738 13824
2441761 16
559774229628827382620857955507288519715921742465149465720 1194393600
87143730176262934323499390712745513399168957232990747888041490209079972777483910496300 2579890176000
43145442580425965341152003474204 746496
4414186445295145139 2304
4722507622388892 1728
1360043212535496239513625339759070054976619592840582725300 9674588160
5330162832724061405505650359738039838346 3732480
10751652470613589922737700042333858300546121651359517532793659147284661723501726318947300 1679616000000
21627535044758125053927365857301300349829613252251707113918118825150896022324898920 557383680000
319298800078352738715755119857357020846456673542710745497160941387159355466967204134835500 4459069440000
1377322609908410 1536
6098843146109581097396308241983763781149114003542571388773100 419904000
2351515274800636611139619205501107302871601480293393486370312822763773883667544 31352832000
6827591118328198077271103336062137957520887213334306210617450 3359232000
187449657337118847680221705350 373248
315335821190419972254629135799176501398448784248507914742805862089936627604796312139727500 3224862720000
12537413016813241745239659791024214214563328876261917692847625 154828800
2396586390751069820329590487631881121826070246255165808666778306276281731593081337562258111250 382205952000
25273088735 72
2485042335018157195492423061629540420381659447480093919070727573382895115069757497940131920400 1872809164800
10444413073945786376904286961176551083917784006223171776106 566231040
127982186839370030528642639074847885314984188875 14929920
17917966522182949896517269379320895858171337861434878888020753954273688438079077660808243216 1007769600000
6800172035445311003351144181811695272222055863553647652713075744750112166957806885084310386757500300 11145125560320
5396359114788364339430826235177776684352628755297588243136664992769550 2866544640
10576970751096526191228899316671279 124416
