100
169989216421368320643825810 20436
299411082243103616625703685292663578379742043331771689302630 599196800
217207770395543470137945455252953300274455137014993479740 859963362
21446608386917803676406415532228345415330870931878631395 289115520
10473048926132967788136802126398429824415938164156154657675 174990000
221572017 54
501690215851210147522456402261130 985328
23600943183850173524852 55696
27748965815967243515216492372904041345013907993531220 898795200
19635241142769482292357530 18332
1835034545504494540960828750448425404126050729959065560 1274019040
5422380093838067045233394327804259533166753273144637750836216183308000 18139862800
2860728170619 46
1426361722361728047729014685962186744877308811905572075836656311687787362991180 200658126800
15248372286722312758130467 27618
196097150927099417294973739915991226361657843203932261685041301208108825805629181680975 1375941027200
3421902806606626002 2384
391980260748448728998465461682745882501741191452918490391325275216 7962624009
126807814507717712525924518045290526676453548955113045473650901736720861808 62705664600
1188109620721927660772314833728486970395194692551175521012998121719276014340337685913230 1116767360000
503082253270775127965754834438029875446531363403551175099190905789223313184754230959500 4109422085120
31362705459034211284810333660972131839461748267100702249505275733998845363417662430 826215680000
42375659338020046945134548508574150570633342870441012913947582732100 20406334400
30620495783223754831718409018587618951420 13270040
9411372681 94
19304362574425623544374739876331470 895328
19631243111551938555791087962671269319467403376982194768310081901694390758959611173206399807157600 87414258688000
47872158623215437995957990985832182942245425779382941735132174888629652579860286487228 362797056009
237054835515132126424 3184
8848015369312762261 3496
164110458809037100686572823596651246802802302519820038644569062534546099500 914990848000
70281649579711825 2384
1386468781776919176997849537986828676940 6635530
2645064909371360092210468888059334815463458532 27983600
1617139981174186736125 9256
30533422571573522 1652
72511211696370325474570033480288874098080596959806120936970 1194793600
129415745293565792440329298450202135109455770785013590667196472 4031078410
27250989 47
174396785061252358170264122064038365029508995218057527958886450175241316397187334670 195184288000
1719299373403725029 1528
16364123887135904906108417402040586392780786205427050267527818616 2687385608
37457735720050070016154563638916121177323254718691844803329888730729775 1244163000
19346337505333236287956687531847758243181602579837300 125971203
131165733930677608674288909581068443735435595 33512320
11021101585527 134
23495628891198248718580386730597155987603318078539456972263158094318427689557888518938230 1193052928000
1080426318431945386083720344512460396332133031807414595 111975400
847012258941172699648963673249981252251982001477938198 1284945088
150701342890138050206033054065902973378506060255148543267014538671710709983002759782358500 3762339240000
23336322378969867516082148574001299 621080
10175635809988530135872080823265255656867167865161842623625 895795202
26946644203830953190037274058268482695927005 6665520
10573644535285166385 6164
1639345256772412722891020 37648
13049105203528767680669056204980930607183967243216912765530776618617000 108195607040
480110230835599767142232295327595 995028
447451077542327716337934210847080990039125238614830066837294936515690410128032500 229329571200
21178350877678464563835 4308
294575315405356044680369381467580 695328
171792541838037860392820259621155311411942125961306875 185956800
88148156780605168702165677242572249327905271493746602009760776573235311761485892049679062500 18345885696300
152849338112758074641255712312381151351775527334803840 2136782336
326704543454722917921786099 44472
6857881177 928
14204235684085 760
10125857377520943019705758182054339042441175661509243077259830700 4353567672
1493609797208943654534104947733122988679049163700025 286654466
1479037161526787284759095167079093545301544548349906369874499225000 87171293440
39630900037396834076410851001919240766821 7211840
2656031215498638690570663 12966
6414048743416850562035640564995811708131457261966937163413700500 16124319600
202394479291652297393606069216607675559878207755927056577209371727555461494227898865670 6834588569600
13887075758494695463504416020175420758271839283352425141661474600 4866544640
27362681590482932993166906571083112186252450934275 117439360
1500242627759847990 6134
13700878862131791879807991749508003234451314402726948933217331973403304074429497353092503587500 55916502400000
1229546469888348925007695184485073 884730
37126000531356770519534125729500 1390656
24942345773637452372959219603600216045568820050 44236830
6173081014920095180749094601853402020191 6492992
10104578713672215249638196370683262698240203478254532 179559040
1351728278405736598079284316200737764202828123913110121080 1612436360
8386110128163002193273332556600428724536215264133468468956 4299816910
15543578934654936487772826600638738050 4473976
20056177320324106669869778804585405936700 17915304
707391611568081427290 20576
1672828260864625739928017760719384338569715020 179159640
107887748040662767529692212188789348084998892075980 238848720
1877539 11
548451168730 582
328439186599018886790086497338052765537478636204381685784087733713267765275231698765436410878245 318504963000
16138760989810712911749998 110492
16177208824888648497339825230639448396749069988523794246493651972880302525 78797071360
1052270188232092810865476341530022010157536788367937220 144972544
1837343056289281606966506544794711405973090863609166867283655844442156100 11257312000
390318177384554854515761902 27641
1319264692302598748920505184395215150411432932457395968231850737630063684064585553597480587397837810 37623398900000
281981414098546069465450060602258138482380650 31250496
44705252942417362 2599
