124377167384926710690329533694026392420 8957952
795373159136464396995386428089514540153369001100039581731161415698702384 12441600000
1845237691955424165168934753612485 497664
23767609810079439573104794396402574509946953147464144291529127157004725 3061800000
34316186093 72
1160125648470040932737046652093247836325571220380569768910765263299707287727524814020974875 557383680000
144858731213789392652940543353445163735512483094086406454130 796262400
1495295302544043718536006527885440314036069321894196252396627036725 3439853568
128995164637451386870050010473501694448469570097229804288234017109173801577265364277500 1653372000000
173769534061616268560156669546317492142287806417180 509607936
19464771361 72
45512298341877198269828583588532040220330 8398080
317023344797545287500083733670655740744944559788316201388738259593048836578872057533060 859963392000
20285124637441690943449 6912
748518964883275543072096001055665390223046554960 74649600
64243285 32
4181586204441171433642948390107079976037956510666967266468268 644972544
4688737210546247406534962763932016247157662235312840943142825202175025950442201894115910613050 1791590400000
286809793475551906067570910889564100723333250970307236364882082590078967802387878782655896680200 14447384985600
64253790815013826981937195734767789320022391655480629991165202166837040 71663616000
21467002014999130747047497824310881347560 31850496
3913025309615650064806562528482894291973501330 17694720
11203233046193742676707617548489298715786398076752455657104880834603629929612029852811100 2040733440000
188080861451028457436370059433010143324429617032693958815972809818911970978187672100 181398528000
1503442474715119374526553783030488964524351327705473571888879505984588827345752437250432900828693750 7644119040000
23286532443034123667474053914871871526193170322750 117964800
136355740151822639799134784130974083213243170129367204877949974298939233680110013543507790 1547934105600
185064243984908031 648
56465115893265840804992809377582514540 3981312
2248078865284771425563567269718366396535698760229661910150222057055980413925083530712314200 4478976000000
87877507828362191944444440 663552
4206736653569944403 3072
117371722786 192
2743267628798323823673832845 73728
436199695585511195915701282080047899129529652299074221667498698900 7644119040
3880076723409504902095086918419472494186275063966840050 895795200
189806861626181754902594055634759303439504979020494560390870644045323500 114661785600
3799606109 48
261064113071802785745 7680
23244031130002481942925410019310894924033700 22394880
233935485794186143252159869404633733580338648484788032621152984153050 15049359360
250292780504917304934948455236061850465 7077888
36364944275921975282330666905 69120
18471224026018977441679403008209678419796049966134340618217102941118888762908245870000 285768000000
20210178888595570053355445461270870583850693649917818260520445045422018242639819644749517573160950 10701766656000
988205722469165931368 9216
37644176301750804391930626244943 373248
894340074882704485875990948135 373248
1783213 16
6087716777078 256
331721098906136240624180489041825134111902220628178605148025400262075662530630 49766400000
59289176059010686124992938751869213366655695867804757060687596924605165688758892208201681908300 4232632320000
30390928559143277897020804347972465 829440
282056202243705563204297480948611606148994185052820626278310154375 4478976000
9747440840349003877107050704285320364143562620329339177385675 895795200
6127561059505872989434459767182742025924796905307521422608522159504659885897024964634976206416 1866240000000
146624954862990521349322870931382719508322744003592154540 318504960
11547402742329544580130676594933587735319322437920910321019113278143300790901921387500 308629440000
65987729434315219269387272278524098483080965355682850 382205952
13461738782132835995627365493626935329187881834055734162079829369860 5573836800
19112115169240843150640017868494217481925480646427527780739250 1881169920
423061398959417730602786337218930764766413257915317857864822072916276220000 408146688000
1364315298619835409635146333702 165888
138839287681491339 648
5717887806024993197071201373254651976577139141673487794415446618273325091788 37324800000
120048791779949595700 13824
1447827036798680775289240148202207479978142206303618715529874789239531399536 50388480000
1108772093454435541860518014773673096610610815898944142362029766297376206261060613562019589600 23219011584000
228444422021358555256360812725700 746496
15501686481480376469148055004487883076998578485395580664178872 238878720
435343528533437454938250585245085859690055622988050237508916342432117025 3779136000
1087313704079208927938919734782645234559029698450 44789760
27770736868313039121776838971217830 663552
248874401706313824188133001707091 663552
75417766570 144
2203146242474371183421952442918509520020300 23887872
5629391420446426644035732945073631025 1244160
50570091330050742299717 5184
18069537903970129016361025088998176772464620867514154872909354135739155487989792080460 696570347520
695561140254713453061980548414816858340904647244250273036943637 1911029760
63656578521208772891548415002147341095701437643034342594774236400 42515280000
3766400581275697355804631721004554647895368986016666108741445481188654301734569160125 70230343680
17301803430147392398051385068821659171677714994388863957383118687187001084067746947879190350 2038431744000
141474223724172913617366445676832516744272239200 100776960
56222131623541811317 3072
6106278848970358522632679643018085524325 18662400
514478483277510045218671741100100863550 4976640
188482707568329826019729418606854615396618662666936518421875 783820800
3300231328927 192
981345019608995379677564297201959261210214552338522098673875 1337720832
51593167911159624020967975395055130294953274425 134369280
26156079003065178163228457686534168044501680383392928063460835977772421027764 58047528960
13414831075609905240635156082039477 442368
126003608246222544974170305525721273803172176 29859840
1001797738219758500052170136999191019558514087005909604475 179159040
12627046135130179082693618542856473426604731302500 119439360
14673911397261784860159825 82944
434284476933899108517811655273 69120
55228664767393200673074880395 552960
1234927336992069848751708336763676807678363506075282768555107275290950 6370099200
