100
354562782126334558445732260145243056186746621326220375270842606788320048534793741120 629173642240
20382199118549656499241507162 55246
87980454206484842739562553364809129861464795523473981376971994326925 9674288160
356548950532771348215055 36364
34731540518256720589072861755 803680
202365574752811195 516
409808049897406681 1928
404265151484938293768669666798145089363799639048539145604627 644672544
3186729862162217136516694148704852778780759155012461384342831902628521219546750 171992678440
703802449919182415756084430 294911
174694124293555365175155765780523511460510501101097195217227580690750 17815904000
2629725257261609073619291696003825 995028
35597479503171215159898052698770087614970217214319104639927537986882801119000 266917713920
4768636125817740628166 24516
1917933831785834793395271026077234080279123505822126866913310 2675441644
1852040538568085383533908431955350900316141267556887168017183041192688 21233664300
2194729880924051706617266865598398533412666736427251254237672555440 19110217600
311846444278227690282611262847192833551086057483868612682825 724416000
316454058340078111040619904046533439252573504547130 253894400
42189874441674 332
370488908219850401975486 20648
124085600239203978849554 33864
935097771437105367302037150929589470759968812626109575761224226600577311294012663600 661873817600
220896873469663163504364062387025803464123429540895165758670487600 32651235040
2212837556744562465519197626541083430439314197503741989777026633793737201790902722445848602150 2809369088000
2972886239430436800249226 37648
190781417192994554809691243928674527401174800910912810377955492626159011081142591800 557989017600
125898783029679802 5096
2681207669943395 1736
5284067128648114302724681048882800647852661250506159521259505359743856872266835234591792788125 917294281800
6677737470236129045883606218685087643253452082387022234619305371743354237218243565499731650 8149908480000
38075640326 193
300721285667974438474950444965834047339641073429561708 644970544
21637442928924789620864315110 294012
1306753 11
11799426489582038453443097813559480339568121800310 183327232
693714021043225691723605894081945906904911146800 559472000
308757507893590448738743217087400853443090 7814320
572237470838055478673483776326999211216045552610 23887873
2566642729421471812215836284117221638271643277260325278649743786012649289632369835599750 1791590405000
110636863708821845 3073
32053305 28
750546262105128807205340 82904
855721742592649663211853820409177243222493794369019777367626506937703984077326900 145148822400
10750171337251420340088144920008022789061533556717109700 835795200
53478649668789829042386603198184751 663352
3583429575739247248372982013796877241467049289244135522620725496916258534019893375 365499432448
25260394754240591988505201286042865005098095450853883428259689666818795342000 17418140000
102024647353504230396855316257630 276080
347631420873982799056062861 247456
42406411882753866413127610902333482801879063234230726080025159661212767278941994917442670092842440 17199167840000
2249906590293 532
870643499122154 1524
361284906698516417223698699287534020415931226921354501181811898651669026973192606491671370 451480480800
5446644580559496667924683472401426730 5971948
147086245032540466307631055265624204486726843657452919841050957406330 2777574400
2644320303235627497822185057264723221629817236296811405139097939544955 15188238080
1977445 37
20758196495834328548201897826457788446543902326556752340964827308067675 2957952000
35102995825091908351519359810883096258057796785195674161839606656153873774240113206545360292821192 1255648563200
891249356386451914877620936058722163669483363304088035899792725853690854266150 20095200000
1052098751216785844710207185900103408524306511395534213482452594280035602613727500 705408720000
48931103426667981963820563988399560636536276184312710849332792069664184 35831408000
79615541 35
22056642804220278183762693052297956069075348169111250 34560009
50720603019984200011596304280001341347520468072611507004225275183000 39813150000
10617039254204688963406479097698026130308997166249511751637097987957655286480244919460 190468444400
1641750816852161450405959085417575472244680102974816069735057942852 7962524000
41057367452179366053764947796429607806763860228952180789706721630400 15046068736
85623449291676972513 3092
371082237849823 283
70469349 64
382398771227349885401783725492349604810018548102180 335923100
11386906181224076003441756723020477092143676467616994237856101399067042151412101065600 1146517856000
72561938941672138914 1721
559973551 42
404044213 22
60091592558137944228345351488260427701764603568064914927565593181088277837716146750 188116942000
12901984143885044311274317844441104743296509568292473711337827050 5662610400
342530267713781212741933619423456135564833428063460013900150942237057581517949900 344173768000
20266409158959933973715272880754002938047443908003426983383746419669856125 82516485632
6829779891978883784252196429484 186694
105138463 82
3906985791900425693 2364
17096129076592366115784208125006414643350109296378261993517695 3448880128
157217518729796252619175860603467410 1666240
61676168140455624248131663020 829240
42026877553890907482410281172353563656742567475 17915604
4093511267336937685695001650653585044623585 10610832
13108703412322654715789173422 510592
11417813318303983964016257355483555927531332699439475 226748660
90501542510441587477506408457913082838095284801 62745664
25386127708209400881605848095676246398796979478685533482845355698737485445624888247727195540650 3483148000000
466109871665603492843367952746579252262967625 60616832
185214257356876 780
2592409661933806777146877844863404657235467282027355864437391047452876138093154158816399500 1904684444000
46692521827708859455570706974560085 2985989
103240563195237400405336447595597384365761774147064081399238 937009920
1390007518451390562049033437907440581107177103768734869203952440447843214340020 385263599626
141613718662325244 1788
