388874769407001656136224872815939883729601119869375 199065600
161898779541541190627662108128173435554252867711731134558682133171377014670758821477500 940584960000
150010724185284704279399282566950496354929243775786400806033573443665144808 20384317440
709961876899 192
248529316862740514624083704957411887652770811209877959628319158155794713367631150364862039650 4837294080000
18621698074509504138967640272817577654009346785466848923704054378320 20155392000
28643917870909859340556621475562975 3932160
23832898340737884311275362 93312
4715561631125922305229745556812500 6193152
2759419667822891345535 4608
86213078950404714 3456
9315563380206920945205031262268936288475 1036800
131002979602117552912265325644189414592742010820776153316645753649986855048003322047537600 910393344000
199723880122497227618629400342580 442368
7642515274382605011806190764133316428811347048256650324567195839777640081627073680 201553920000
5322657050865323944620470531942622934645210959757811100 476171136
20131341430737853321893428016063048735942259242291793366286901343181654065650 167961600000
8032520200622373935032861689422634 2239488
159449061818945530372359906965677743554824291697118567037905328130933622821726617435950 1741425868800
3240302325758383062197911091623536306810014199477652778497887646121475832942920 265420800000
2165934411796113 864
261451385209727959797825486893506179233015604211858289373997196512186232160 286654464000
10297356303429431090495913985642356805233113304376847344500809733238548835303633658400 5159780352000
2575003058342878253657903407290042171382122693110602364141689945736872250350496290182365579737500 18962192793600
251080362401135813382599576612426264068648437876655 80621568
6275357145809787369499613627731372358879216204537208 716636160
135930216670626587409452 20736
78803527 32
482138436076890007307136330540702184271378265920292157679922505700 4232632320
6392493664026678683394812776299860401410122761035503555390474393295774792 275188285440
3510748407048320068621451116186196562145947507605085499553500030142978362780193308681869498568500 36528696852480
146115909659076883746770 4608
4015772934600402016123649 2880
15311158478 256
165714985790243589074625184015788097000651228546145654605947577368 9029615616
243313732066293384097202750217205603124876837771006231894097125 1061683200
1033761792872805304716496101702154941401947356846185846269797569946004981050 114661785600
136994776885209336979437891594345412908839435 9953280
2465276193321382406753080084 82944
1195984083190263597315576550639525 248832
13724057460689601622213029266839881241249072962875853655070794807939115089760471294512500 644972544000
9466402113055364872112576342192603298406109514860589722015676044671976553450 185752092672
2037491734990569555311622129 31104
226199127546279853 1536
43592544021104718158169063270 248832
59120133983862 1024
12437657878356714495630835393870056042857064119307556007903988749551944386126408318894313120 13436928000000
1640254903600153607218272175791988230125 294912
249277871395852166295307706512709100 2488320
19884774049386199638253749411623610010078378900901049153478552209166303313238 48372940800
8318482306521113882995709752002479172694412094383204425878452352717750 31850496000
223345083911129325073907656074509468140963413675809409366564356979860661090 71663616000
6813275141934478632436958110881209218958715826002007540 223948800
2057206779459565118999694543765498099337961800 16796160
6265944303025951446965260927400141179974088792500 318504960
494235801775618818825 9216
324545084373396584286564619617646840370622838290469035929363380752045518981472308228207079000 3095868211200
433625416998110711 1536
1209274868227120074607631962736471700225 9953280
59981354736235710194433097111768455300450 8957952
4347191732371877106996916 9216
157650513537894502230981497789902471325666511598688652444673036581243839711877299374875002665800 10158317568000
436961490425609015069964065633176886064038592316320769000203838715286034049037000 2612138803200
67735383168024471424330182920610369046344562874238082058489448451427992701229202027923860197653500 43342154956800
3559565933775682 576
5049606354079710800777835355789483034247062935513952142999452421090655054686261646366392570 1433272320000
365781827644357546248670704237910371216319709878805475115184850 1791590400
34756488264018823384433956579375188922251259706766731185965 477757440
13143149042491880264924919030685103744668259918318297558722288977261797146428894982590902587179825 1083553873920
11524671662219058 4096
5103484557352581799872796907166809043359841607865733415140 382205952
574387614789441382666637816842865687433074923110771587573543115424245197625 171992678400
103496440840692970939824892219617516 1990656
3120757055151208013365540420904431590222270551651108282786305062674188844905308683434338968550300 15362887680000
83705525707353333883 2304
582746329195242877 864
1745672259942972690932703609840701091181845 4976640
2094570029639356613802854 13824
8593887854645730872795126450365575919024815 8398080
22050539378704079328118641970791686434023231 17915904
134494574598411851054540472242430802101352029353401796455748365621500 9069926400
6803651114352928550 3888
128635401149393099229955097686397694 884736
642943736658958421751318648630444533460599840752219359453881597305332394511493156089638491107125500 1289945088000
34124149098213432798877820740094838 1244160
8364158777 48
11313207522646339115175060229666482579702088692124811059836633447247890 30576476160
18587199476340560063904107067104810790451434036543013732721332038 2264924160
149859288386935661058410543909130146045196343639943494265000 4299816960
17132620522683681631320136231800 2985984
186825823239480182334126421558942246289106072140578068395881944865922395487042563100223144971629920 15288238080000
232867373195363682955288653776033577507380214979642959157796168273961539184196342947607539600 8162933760000
1019494929440882952850030224940361568702581571025130707355259342341227383513384 90296156160
500529137949756020709547369671740459308098495700505490901938036132 3439853568
10786690461385553547512398276756780198216876711777367025 265420800
19434281725317209927517982207652755180419684368557575906132354844128066551692867275812773776 1492992000000
748548312815174619357589607654052926005462499918193935415540330154873199327347492568607720 4013162496000
91046147728227561590600436891761258354002734891259025774590629684775249698950 137594142720
12386510542106457795957619672829286092756725867252520470308609243975 9674588160
200051863289205905295115866784372494793946760 71663616
