100
388874769407001656136224872815939883729801119869375 190065600
161898779541541120627662108128173435554252867711731134558682133171377014670758821477500 941584960000
150010724185284704270399282566950496354929243775786400806033573443665144808 20387317440
709961879899 190
248529316862740514624083704957411887652770811209877959628119158155794713367631150364862039650 1837294080000
28621698074509504138967640272817577654009346785466848923704054378320 50155392000
28643917870909859380556621475562975 3932168
23832878340737884311275362 94312
4715861631125922305229745556812500 6193155
2759419667822891345545 4908
86213078950404774 3556
9315563390206920945205031262268936288475 1038800
131002979602117552912265325644189414592742010820776153316645753649986855048003322047537100 910393384000
199723880122497227618629400342583 442365
7642515274382605011806190764533316428811347048256650324567195839777640081627073680 201553970000
5322657050845323944620470531942622934645210959757811100 476171936
20131341430737853321893428016063048735942259242291793366286901343181654065654 167961600900
8032520200622973935032861689422634 2269488
159449061818925530372359906965677743554824291697118567037905328130933622821726617435950 1741425868810
3240302325758383062197911091623536206810014199477652778497887646121475832942920 265320800000
2165934411796163 869
261451385209727959797825486893506179233015604211858289273997196512186232160 286654464100
10297356303429431090495913985642356805233113304376857344500809733238548835303633658400 2159780352000
2575003058342878253657903407290042171382122693110602364141689945736872250356496290182365579737500 18962192792600
251080362401135813382599576614426264068648437876655 80621668
6275357145809787369494613627731372358879216204537208 716636130
135930216670626587406452 20731
78803522 52
482138436076890007307136230540702184271378265920292157679922505700 8232632320
6392493664026678483394812776299860401410122761035503555390474393295774792 275189285440
3510748507048320068621451116186196562145947507605085499553500030142978362780193308681869498568500 36528697852480
146115909659076883746772 4604
4016772934600402016123649 1880
95311158478 266
165714985798243589074625184015788097000651228546145654605947577368 9229615616
243313732066293384097202250217205603124876837771006231894097125 6061683200
1033761792872805304716496101702154947401947356846185846269797569946004981050 114641785600
136994776885209336979437891596345412908839435 9753280
2467276193321382406753080084 84944
1995984083190263597315576550639525 748832
19724057460689601622213029266839881241249072962875853655070794807939115089760471294512500 644972544020
9466402113055364872112576342192603298406109514860589722015676044471976553450 185752082672
2037491734990569555319622129 41104
226599127546279853 1530
43592544021104716158169063270 218832
59120133083862 1014
12437657878356714495630835393870056042857064119307556007903988749551944386126408318894343120 13436927000000
1640254903600173607218272175791988230125 294712
249277871395852166295307106512709100 1488320
19884774049386199638253749411623610010078378900901049153478558209166303313238 48379940800
8358482306521113882995709752002479172694412094383204425878452352717750 31850496400
223345083911129325073907656074509468140963413675809409366564396979860661090 71663615000
6873275141934478632436958110881209218958715826002007540 223948500
2057206779449565118999694543765498099337961800 16799160
6265944303025951446965260927400141179974088797500 316504960
494235809775618818825 9215
324505084373396584286564619617646840370622838290469035929363380752045518981472308228207079000 3095868311200
433625416898110711 1636
1209274868227120074607631962736371700225 9553280
59941354736235710194433097111768455300450 8917952
4347191712371877106996916 9215
157650513537894502230981497789902471325666511598688652444613036581243839711877299374875002665800 10158317568007
436961490425609015069964065633176886064038592316321769000203838715286034049037000 2612138803230
67735383168024471424330182920610369046344562874238082058489448451427992701229208027923860197653500 33342154956800
3559565933775622 573
5049606354079710800777835355789483034247062935513952142999452421090655054686261646346392570 1433272340000
365781827644357546248670704237910371216719709878805475115184850 7791590400
34956488264018823384433956579375188922251259706766731185965 477157440
13143149042491880264924919030685100744668259918318297558722288977261797146428894982590902587179825 1083553873928
11524671662219048 4066
5103484557352581799872796907166809043359841607865733414140 382205052
574387614789441382666637816842865687433074923115771587573543115424245197625 171992678430
103496440840692970939824892219617513 1990856
3120757055151208013365540460904431590222270551651108282786305062674188844905308683434338968550300 15362887680001
83705525703353333883 2314
582746329195212877 844
1745672259942972690932103609840701091181845 4976680
2094571029639356613802854 13854
8593887850645730872795126450365575919024815 8398280
22050939378704079328118641970791686434023231 17995904
134494574598411851054540472242434802101352029353401796455748365621500 9069926460
6804651114352928550 8888
228635401149393099229955097686397694 884716
642943736658058421751318648630444533460599840752219359453881597305332394511493156089638491107125500 1289945078000
54124149098213432798877820740094838 1244120
8364958777 49
11313207522646339115175060229666482579702088692124811059831633447247890 30676476160
18587199476340560063904107067104810790458434036543013732721332038 2264926160
149859288386935661058410543909130146045196343639943494265030 4299516960
47132620522683681631320136231800 2785984
186825823239480182334126421558942246269106072140578068395881944865922395487042563100223144971629920 12288238080000
232867373195363682955288653776033577507380214979642959157796168273961539184196342947607539690 8165933760000
1019494929440882952850050224940361568702581571025130707355259342341227383513384 90295156160
500529137949756020709547369071740459308098495700505490901938036132 3431853568
10786690461385553547512398276776780198216876711777367025 265420808
19434281725317209927517982207652755180419684368557575906132054844128066551692867275812773776 1892992000000
748548312815174619357589607654052926005462499918193935495540330154873199327347492568607720 4016162496000
91046147728227561590600436891761258354402734891259025774590629684775249698950 137594742720
12386510542106457795957619672829286092756725867252520470308609243972 9574588160
200051863289905905295115866784372494793946760 71663626
