10674175109629988440499689600954090564273575065661673314518428950 13759414272
144957326022607762047048275962556963478337960178 11197440
1392449092762077 1152
1200801045792343688056340372503728253081682730065456608288653879246319440420 97844723712
10711879769117611317397309359662945515466538735831790652478229781193374999422652694456473494950100 4837294080000
6659191712693329818531508225113872660725556654964978191906219430879054419620007527021738996032750 2821754880000
95041578166757091235588034444907145608498771459592563420 2293235712
17309675592982545553952669642530866485373088589156750516990649140937510 48372940800
503905165907462869773089928906298648292355758047498070181931449238598938834823586600 725594112000
105560500610619473565638154580387470 10616832
502987761580007562980213089878288580550590342153053682847237446990377718700824050 637009920000
23459913087907562678610157665004281247704484086947711212973280 3981312000
79443289646132685 3072
10014244003844806418573359271648504470412384426236079336422642595064076507480500 225740390400
232125786062884450853959794490258482164824257981688874364386938963926435598961250 967458816000
291882420622326544539431798613897904725 10077696
4645184573902194208482109322479661747065183891317719136313020482848581489601397933248870870661850 9029615616000
7953585758819204966721323669961494372956151018111023560542782224739677147629470125 1100753141760
275863380605024847654811591280434818013157741691187919170532248051859754750 25082265600
286191110454854779369186657748870963926738047434480207120944046102797838271863854780717778306987280 13759414272000
57932963614506041627879184072971 497664
113241755953946298405075889300871882753538416034642255444741089574349645880956441500 2739652263936
766874561459434230808302890073994069541305601538901913722986846236945103396798259138000 169305292800
137481864137287640806125907567310360 1179648
13798372901801984745292330833247145722688133723729955134 132710400
90625773248580943 180
15820750415607526907243572370827072758462151235375090518628590741219096627909204623137326420214094 1528823808000
44102161189229781333165157770700785310 2239488
56199158997102235701445798821870418370746848765780 53747712
30399501979788931360092388934038478987283247542676105487375 353894400
115638964672659236325709394676337376524530045128138124382041753068238902077365043530 445906944000
64533356850307012889977309505827744091673683915587435691561867957098500 3009871872
2506158 48
667045983669605435 3072
120920613885615670005696912209878008012160858551453939467397061560 12441600000
42982385576898314292113340294547747583436849103328261518802949530486756517820 100776960000
7361834299500116526762700513337348106819231431694235950 1934917632
1794333928583048387953630228772367713386759669536850090249342291247262242220277181375394372840 3869835264000
151091489293207735448883900644951212308576001670902614434805774900 16721510400
12713278930928941694552165916327755896440 8957952
21353813695422962750115825134882177438592578809600491 107495424
2605999947055792471899068216646008381 207360
446251679920690871375265892430565278343932980 20155392
5813297403572518406855109585660107 165888
23979594070938417763640357650332134865484594592665028865 414720000
7175971694983 192
55554591580696061240053091255867087675297802372578595904045260 4353564672
1928287083584723906477958953483589892912427936096320674543340918353715272948 71663616000
1842816922508123115306759167654167900702157449396582693843736246772919158818930578619550 940584960000
844529052365933629291642248187090 221184
220441241825133576340378141942615146041873663090903903103754645965454960496007939991200 5374771200000
239507070356279265797409971501915669793966610 13271040
11552475937590509331774635616319279135351624569636609841668286020 4299816960
3207210790803395569826550665037116033131170350853840 248832000
124844686994657608514632281247697635 368640
20542608801246697123847772184416285326933148645 26873856
18865125888708341385 13824
307387180 72
19044724798733090828691187430313193411410871168120294355297225328356752456816406632056717600 6019743744000
4067957701841455725941237961174122494300617976057519881271343959020625 3359232000
1558020610237354952307962916085188249908020185006508796796000 4251528000
17346765165775313289781138242256750100900947696209777476541174 1612431360
31892043679736716549374 27648
358952445499305520929764648749961085 1492992
41642410731332858080864232161063546567829067884500 119439360
120719356860181907574241538173810264084500 47775744
129413617 32
35917835 32
379838564692211384336972283040806861752310990804996214956182545221019661861782708625030850 731398864896
1284609314366466755792463193200263387052138956986215720475813416095647009095609515129025000 619315200000
4450933380085522678777163816366200304587159583892831398095375902702702321120107956973226103275 1975228416000
2387143 16
831355683923361366736459001345182468430361908531950 69672960
11676777266369 144
903617 16
4502857895426852289637904532100732140 1296000
47269754445483 512
1825318935012074630118318808849624164307039440148350 104509440
100616689216659444383228060440587104025 5308416
7863984687885482445803002904454735859526270143268718818853246513476689200 76441190400
11369425756682475295706367309558830882047862697990472590 1194393600
27496764985673703720 18432
1084292068 54
2443722979743952851352502621611892095021689803508005879222335933231262124007200 119439360000
1380080481442212751262161828413403757874013956269707143384190437168390423508844767485554000 3185049600000
41974946175621911814650435308050032 1866240
122631697755268540667950724907557995238499462460 238878720
234162504347211243099741835391621462590875904096699280948903857000 3822059520
30833290852319934204494138157746515684326236790 47775744
17842057750 256
1116118042249066 576
31686399535 144
5158254828214066765387076001795669 1119744
1451995473089900682316635158550491393861220888495782355674779973021250 15925248000
15328478054254665045941582895196295739445168856 16588800
1822054529718728891016200 147456
13232240826486331430074531891510818518380824 42467328
1267227481 48
1526098500889114231859730825 30720
233142158646870539448780651537004183918566699143028554173196290826237432268856069380947214 585252864000
