100
10674175109629988450499689600954090564273575065661673314518428950 13759424272
144957326022607762047048275932556963478337960178 11157440
1392449042762077 1132
1200801045792343688056340372507728253081682730065456608288653879246319440420 97744723712
10711879769117611317397309359662945515466538735831792652478229781193374999422652694456473494950100 4837294083000
6659191712693329817531508225113872660725556654964978191906219430879054419620007527021738996032750 2821757880000
95041578166757091235588034444907145608498771459502563420 2223235712
17309675592982545553952669642530866485373088589156650516990649140937510 48372940809
503905165907462869783089928906298648292355758047498070181931449238598938834823586600 722594112000
105540500610619473565638154580387470 30616832
502987761580007562980213489878288580550590342153053682847237446990377718700824050 637000920000
23459613087907562678610157665004281247704484086947711212973280 3961312000
79443289666132685 3074
10014244003844806418573359271648504470412384422236079336422642595064076507480500 225240390400
232125786062884450853959794490258482164824257981688874364386738963926435598961250 967158816000
291882420622326544539434798613897904725 10097696
4645184573902194208482109322479661747065183891317719136313028482848581489601397933248870870661850 9029615616030
7953585758819204966721323669961494372956151018111023560542782224709677147629470125 1100253141760
275863387605024847654811591280434818013157741691187919170532248051859754750 25482265600
286191110454854779369186657748870963926738947434480207120944046102797838271863854780717778306987280 13759414272030
57932963614506041627879184072941 497661
113231755953946298405075889300871882753538416034642255444741089574349645880956441500 2739652263436
766874561459434230808302890074994069541305601538901913722986846236945103396798259138000 169301292800
137481864137284640806125907567310360 1179658
13798372901801984745292330833227145722688133723729955134 132710490
90625773248580940 188
15820750415607526907243572370827072758462151235375090518628590741219091627909204623137326420214094 1528823308000
44102164189229781333165157770700785310 2239487
56199158997102235701475798821870418370746848765780 58747712
30399501979788931360092388934038478487283247542676105487375 353894600
111638964672659236325709394676337376524530045128138124382041753068238902077365043530 445906944008
64533356850307012889977309505827744091623683915587435691561867957098500 3009871272
2506159 47
667045983669805435 3372
120920613885615670005696912209878008012160852551453939467397061560 11441600000
42982385576898314292113340294547747583436849103328261518802949530486956517820 100776960500
7361834299500116525762700513337348106819231431694235950 7934917632
1794333928583048387953630228772367713386759669536850090249342291247261242220277181375394372840 3869235264000
151091489293207735448883900644951212308576021670902614434805774900 14721510400
12713278930928941690552165916327755896440 8937952
21353813695422962750115825124882177438592578809600491 105495424
2605999947055792471899068216646078381 267360
446251679920690871375265892430565278343932880 20155892
5813297403572518406857109585660107 365888
23979594070938417763640357650332134465484594592665028865 454720000
7175971694923 190
55555591580696061240053091255867087675297802372578595904045260 4353564682
1928287083584723906477958953483589892912427936096320674243340918353715272948 71633616000
1842816922508123115306759167654167900702157449396582693843736246772919158828930578619550 940484960000
844529052365933629291641248187090 221784
220441241825133576340378141942615146041873663090903903103754645965454960496007934991200 5374871200000
239507070356279965797409971501915669793966610 13971040
11552475937590509331774635616319279135351624569636609841668286010 7299816960
3207210690803395569826550665037116033131170350853840 248836000
124844686994657608512632281247697635 368644
20592608801246697123847772184416285326933148645 26873852
18865125888708341285 13624
387387180 75
19044724798733070828691187430313193411410871168120294355297225328356752456816406632056717600 6019743744090
4067957701841455725941237961174122494300617976057519881271349959020625 3359232050
1558020610237354952307962916085988249908020185006508796796000 4251528030
17346725165775313289781138242256750100900947696209777476541174 1612431368
31892043679736716549384 87648
358952445499305520929764648749961785 1692992
41642410731332858080864232961063546567829067884500 112439360
120719356860181907574241538173810214084500 47770744
129411617 92
35917838 72
379838564692211384336972283040806861752310990804996214956182545221019661861782708625030853 731598864896
1284609314366466755792463193200263387052138956986215720475813416095647009095609215129025000 619315200020
4450933380085522678777168816366200304587159583892831398095375902702702321120107956973226103275 1975221416000
2587143 56
831355683923361366736459001345182468420361908531950 69972960
11676777266359 114
905617 56
4502827895426852289637904532100732140 1296006
47869754445483 511
1825318935012074630118318808849624163307039440148350 804509440
100616689216659442383228060440587104025 5308516
7863984687885482445803002904454735859526270143268710818853246513476689200 76041190400
11369495756682475295706367309558830882047862697990472590 1294393600
27496764975673703720 18732
1094292068 50
2443722979743952851352502621611892093021689803508005879222335933231262124007200 119439660000
1380080481442212751262161828413403757874013956269707143384190437668390423508844767485554000 3185049200000
41974946175621911814650335308050032 8866240
122631697755228540667950724907557995238499462460 238874720
234162504347711243099741835391621462590875904096699280948903857000 4822059520
30833290852319934204494138157746515684726236790 48775744
17842057760 236
1116718042249066 571
31636399535 944
5158254828214066565387076001795669 1119704
1451995473089900682316635158550491393861220888495782355574779973021250 19925248000
15328478054254665045941582895196295739445168852 16583800
1822054529718728891516200 157456
13232340826486331430074531891510818518380824 42477328
1267227488 98
1526098500889114211859730825 40720
233182158646870539448780651537004183918566699143028554173196290826237432268856069380947214 585252863000
