123913964123618680190877407065645960716045 23887872
10630933302135844358016459695084282526165 1990656
12573193529191420945342901720619667340648152872524154756791777945250 4877107200
18420756697080277212297206752170 1327104
3227126513350451560700280 138240
340512958656412668209692459692005763779512164281669220 796262400
12125580931276396178023335150243918506788200 134369280
5422877966390703 1152
41585493647029691323564007380858025300569536193100862664962125 622080000
16915604603020429157616930004675426742290433271214418452611197463980687598865595765750 501645312000
2078080491617939022811366092510404117540704387009974213000498421038314917340791625790133875 783820800000
6996323491523898102941556507382721143726313929556638940 859963392
52544660343497371621 6144
6127033494976472387399883656009900231131549003043492666289786511060340810625 57330892800
984668569536842113974817208194249123403666141181106378994392046274693414312971464434216211792620000 28894769971200
4232967681563028799416573186257138515450 6718464
63265524636226420215299567041 13824
1016437472698065850224808713070569258171750139417791048627325875 5374771200
15401119063168534727059751833751082104690416681618516987086199439032118784637481604842250 1911029760000
17994954089884147166023174431063899488983221557071483839899656206043023077660176748031470332382800 14332723200000
130014369128714303472194517881120945042979933224328783364075443331240731809797468772932725000 4702924800000
83354774243653716389473338608180742815995244839590212219541633727358270782483165560000 1003290624000
2910001501122885464978319948586870 110592
209963917855642476153860530214185248605692385240119396629080899114471856250 85996339200
45436592572401558090804670936129936439736352012708206568800 5971968000
4969625340533611048385629300897164812949525765288073005363716537108026647657342040 475634073600
122067359728838943589360564446505654166980606417791332059157514818288500 15288238080
196248215609804557624785368812022823052016791653366018557475 2866544640
49096537521887701147405431155709935673004902 3456000
214610489093 256
4038880522525266756277479487049669228127066083578723535804330063024740073960 34828517376
1933666498689053244392951324359678097898315971249379316618427251680 39366000000
8511429253118227588605469581792755 248832
2786915137076987891848490192154325369684546763529308997311628839968691763259108133062519937842889700 13060694016000
32065895509132195491273220 124416
11399449464318220816118467911713321936713097730306353308127244979104104670 57330892800
15144260587834532541004010855506274436319893265984490287783731540555901576176966122400 2257403904000
156858430194094535816664148384485 147456
2539212802410034379410564540668135917476547419886102246323976662775870885828675 21499084800
1481322497 32
12998967265833095373467146755033693813854972571768428833405808874301078511842357548217500 699840000000
95660123109805201626020836849945080843824908695797089647427939504309379150034069157427963475 1911029760000
8544634651162645690662 20480
5845628669080585 2048
109917453155054044200958552295 30720
4267973441006117665469535653956063238738037399977815 39813120
4471360767142687 768
22954685751110137358007269052725462337409123393944103417619391599667441455217819224739291600 634894848000
23864126440984043837218192518116923167409131462611565821689048798279098344296287645000 2194698240000
36165385080575453409853724874330161403881303189448435004541274798307269500 161243136000
15356413069298807167953624600916649075254659621719507152261856226995600241313086000 963158999040
1422384434763803594748030668473588589172 13436928
8497845704444447340235139749295814440 3981312
105706701536064348494984939115955694152755 2654208
1245328214888711527524197399483949027687765512637774081182221116300 5374771200
9570776405713171 576
21552963959070148228962611 41472
135765355147883118647559014949406969203827540070626654076703875 3439853568
33226228612247109443625373081709006346051078559743481737841196271251670231811236141584243892600 18895680000000
113794406413836739745184295984053195596758169292132487500 143327232
17971362494367891769425418397506761677124115258962565201433564534554660 22932357120
6141574777115562960868500418 73728
334804716637203917920258264213751754402930 3981312
289982134778872624949 3456
8700093838077368479348411022893513396166667731042087492445660000 35831808000
116336086538275997798881059675 663552
353823486233140344789309330416990625607450475593218628994641692056287316824369578420 199065600000
20349589544994695725870318559535226506722855640143760680 967458816
99141127104953129368171331243085111565693726672260399150 1612431360
21116344475308075981303082622842391571863060 19906560
38757651596065945037575850 110592
816173935696240863679974135631507946269041186375330623324994179497575 22394880000
76676261652238097777041186425752539916536665650306811768731893971465864690 31104000000
324544996950478963173192363747228372226535355741639110048787639666152521059653674009792050 2239488000000
1467954317009945640671652788153301157650 8957952
110167996042749984355868539631889374515887125 2073600
24274610422200544448274456 110592
206567083647489738622520349911955940582058107906459582925 322486272
50640407719027485493828901651169757005849567 11197440
569467468799992919187439374677304153929416633331802477352371765961484605218359129879897250 846526464000
2336274963466090668571939672088403657642084592441838487000 1592524800
128346996206953 192
97002417453939989898587326613956696145460028714071704340 382205952
332831756549418 2048
1526725465967 256
109947243661200657805116681802593012707040975 15925248
1137034928328253467362511605160704775843331619685404967017064937017542565423765998100 453496320000
511963963148485078 2304
286736755457564 384
290598041752265194069567090846728 663552
11437572994086505137187725533869585366284588027198 111974400
1235627532165246180300538170955413274120196041347839109153664941795943626151785177000 125411328000
12278313952709078426213878993720345226235165693306387722303 403107840
9433851417054428061728830846666136859313309905869610 358318080
14310589214631627314580081064538975216952 4976640
26092754108825878422411701671866447263782062786795738376380 503884800
3162322517160428264593453650 248832
432839873173990145329337200446927909330 8957952
221429504483093328212223674500115077141122130523680350506755707547232142754875 305764761600
44388639542219484299353546938511884642096493942640598559059847155 5308416000
