100
2322249173213231310476118937006592067869509740855 191102176
11502389883802702738443150852559979788790943071936666398046371892683157225 9289728800
3637667349464350272090 26648
5694804616358706082332693122069346875670 14155773
100386552895206755240 23340
1352115067397640700328491882 610592
19617548911876342 2704
15907817999238171175704884128670703869406550 67184340
120025436822280542274636052974545554229667222 6335520
17357450049623140019965570867443805 397664
1760861767379216824275334151259848117928148667024823556820850 2295235712
53631878881457414643637928726005991903379423315003043 12441900
255535978935172947773299239815078652485220685302425 82579520
60350754681617170950779280449898855017294790816340609509064763706822033397891500 403107840300
35461142605999412727947018051546781678268804925 16796960
516047819505664209067596378286418346830826487665618623889629419977344067196963348257000 6451188224000
238525995520788189029762492522041634141143292955189222000408622662891046777183737338000 1114393600000
4453550017798573216055702415740120420711141570735874747052620 126472000
245052187513270308236255431586205222752508078162126725 1209823520
69264279733844849865284265147298493349459250 56623109
36519304421 184
122950818339417244 7592
92219235030211553352858923349046665535446375352461620 176159040
124071731974204221813176252057258869647289200455693919823540060991068289943067740288632221250 1763696800000
44846180154899488740296045471474936041768536000 129411328
38468138251034705851483161914450050453379528098808268723951238000 5374770200
1906771032226885039790720141662933748897329625409459105501936437258500 17199267340
7461598292330166228039338097778941689695281855747500 294912600
4200589061371312070152639873159038284912134704118514794728008907012032418309114249280 1885923123200
930407856139494592222761924686658994113155843904904114699451623465099885424574750460750 1083653873920
17784931788033343486570202231859658473782962394 71665616
543013959205 253
170465602317 278
749918807042479701425726977129790864861468756963106596710 115974400
11852364581272453982172946336812495637025233315271052556592863981019779640679872013301668625851440 1009871872000
290554046317388046358853933694327061813722486270021104061232621680531422120 201553920600
3621575749805246692044506885052543294262390369304318115 238808720
2661356565119787807356809661259897745276351639770727178048659826369587383608763418351493737410000 4897760255000
5361415569063707879142533780410814314683658739858343202 106165320
1205159728602724400305485667871463975161157337295908 345923200
324676726057945297833380831360763186275972627400 483729407
2017928502337818645 646
4421364986360111296897952856225 311776
4018080389548442297554265589132630536184590244986308454364746895294 4299816990
1134827473697155633409363823714551238405230302505844869128488986535176275500 94478400007
5505589084585 134
271583486716970401884050060471523178947409253290587965418796015979029043866195959116725 764411954000
54512408972445 228
112346 22
4936863342926623648230390 25536
29154540269096860692696796309351948123667031294325688697570186344227990205897325 35836808000
7024868726873964005237878300724476484689060287603484860335638606579665759394714899069681800 701645312000
25119316464638863207589336094640830756620907 6635560
422531890449201141085279048954757229853703648533117401931277500 12092235200
850360813307043579 2152
32336449519415045088351296560019808805983500 80624568
2787353493698248969364691452156871687224589729698927790596072413800 10639121408
977888648995147548807686971153796842636087133041593038783307571806820767111818891455102560 4740541198400
17644503071416870 1566
2736194916170868056051103878322531438472178278226300827220176622717234354267362735936395870380 3610529996800
15870530064664464405016011247729495608006015047731168960065653450777791902975921250 78682080000
308386165984684132426312572417655378274765853226392529 254803868
144864832850471196525820345113061497978916179672895623220 1343699800
1623677409483139658428324189342636672942800417686362008661771443668521479292751015466970824062500 531102348800
28293070350911079727024591639715551370901067957496342728075557024252294433012974539645828926757240 3386605856000
4646640291066265795283914995872501559552201473298521 769869312
2052774463232707788504227369921810600 7077886
289045800250203824132637653942927098641358785737164135421241672547447054189981307500 1791598400000
311773372241771517758296607173811518129822250230270679502944329131778803440 124369280000
188774599746039884313296270 177456
352396462887106846441310160533604069430307141044489786775484700 11197840000
6106762671365798495 4601
1093617846576001775709860540799323423197020962366131962600 2293235711
2256280957413410373052383270283414205663794440411908851067611722025 6998403000
303735503517133638479788906784149373051333560202245 191902976
217848713571137193319895769650171840660 19916560
27780911633626698148206040963286 995323
639773323476513081850330252285970714339154466563801783032867043993160628016374550628038385000 27574039040000
12741749110072864905107342011225 124466
4289618132193278407253585069511336 1327184
10689498979363157907607599689907 565888
11452388685869586070989730521052298984311507025663956619212574861389128622748308776773216652450 2519474000000
2385505538316599751953152638452902926106996926641298332182736483197694491951867507294500 1934917532000
1244181525420922295293238435374070807067686893270275 93318000
274255737623085376446659151397270 572960
261048611242782319871961644309980096096074737046078352604164 3027970560
80580238290059154023029285975013229712213805800058093612841292027595345448196548958533093823000 1358954496009
170065183283925309019529871726611531298331690 71662616
10164120205777025842364433806758733630877398143301206177185036198289682624731397558440996761420 29639121408000
112254687661889116417389550996184061484407780278337215785694912624840678265622493264946710090000 8359232000000
12448510564588326923545267004136872590377057 2359096
5752911885334226821033409822259576610561991810 13271043
9041635442644750340557817428680588202757137404231470247105208 3635283200
3518132721172190 568
7014884797196806662323916518330697008289308112051287192508308511581470140818494827165870900 2675441964000
22488593 38
33211016474027043021458499624821026975892324907639023060265138389454160234144119771250 2654208200000
24314059461158312769167090572758420165213261314240610880102268452065 7644119090
47739865856487842968654782810501438041990035493080381618343480083095866841271485527094050 825564856620
23589958 14
