2024
5801 236
3036 7889
5792 6190
7785 3641
1723 5513
3081 9520
8544 4535
1207 2386
7545 4731
7381 14
2152 6750
9084 6637
234 768
545 2519
8010 8867
4914 5279
4681 4789
1335 2845
6108 3904
6440 2885
269 6894
8231 5390
6647 6223
4231 3097
5514 8851
4357 6040
8372 5319
2628 327
9548 1307
9773 2317
1366 7096
2544 3082
8730 3998
9164 9960
9464 1954
2041 4779
3024 9795
7237 8083
8889 9728
7784 1294
8234 704
1969 7639
8982 8729
6167 8844
1553 8054
9574 3179
3390 10
7940 9244
2105 8316
5907 7300
9584 7568
6113 7069
2139 5135
7450 8050
5469 2476
1988 2473
4611 3105
8521 8370
5989 4426
6520 3099
3095 9617
9752 578
5599 6858
9383 9554
169 8295
5374 825
3171 5379
6767 8486
7855 4529
1381 5778
6146 1463
8791 4668
6516 5672
1251 3974
2402 125
5735 8271
3776 7880
2374 1560
1148 8021
4619 7249
1963 419
8292 7631
1635 1397
4098 4206
5489 9269
3776 3480
179 175
6898 4587
2254 8060
6473 8121
2583 3905
4011 7249
7055 5898
622 7992
6750 7214
6281 6240
3697 1644
1232 35
3031 6373
3402 66
7364 1553
8933 6796
5121 2433
1916 7061
4465 3446
5045 2545
2758 7632
5376 4048
4375 4237
2562 4330
3420 8759
4392 6340
5068 3635
1911 9507
7545 1316
2492 7053
8947 2145
1466 8477
6382 6443
8591 2991
2678 4844
5327 1880
110 5288
6122 9235
8603 9279
593 9826
7466 3579
5014 2373
7971 2126
7280 8864
8536 2772
2131 3055
3736 9593
4372 3388
1064 6203
1101 4115
23 5395
6378 9481
1577 3295
4252 4264
2047 3441
2727 1185
8421 4513
7796 4508
9369 292
1235 7381
9627 3697
5920 9217
4143 508
1916 9101
5533 4948
7743 7673
547 1656
4067 2276
4683 6346
615 1053
1659 5704
7058 1688
7616 2012
2188 5665
3810 6544
1310 3273
7769 9566
4647 6464
3496 6277
6674 8169
7461 7367
6593 2139
7378 6267
1192 3435
967 415
6036 7507
4874 547
8777 9662
4101 3372
6270 9350
6753 9899
8099 9002
7934 1919
8018 5424
1073 3179
2428 4289
4661 66
7230 5969
6488 7779
5530 4265
6059 2210
745 85
3789 5316
1048 8898
3917 6530
8635 8118
3699 3147
8942 7147
4499 9215
2903 8478
3987 2592
3462 9848
1500 2732
5022 9113
6146 7748
9532 644
110 8109
9395 1692
4746 6970
3178 581
8949 4772
6617 2599
7978 5137
1216 7981
1729 2128
306 7663
2452 4259
4327 9757
7462 6906
8698 9954
7682 9699
2371 1618
8119 2174
7200 6987
9767 7630
8308 5074
665 6343
4643 4996
4057 926
32 8075
3317 479
7087 9634
6945 3382
9496 4707
2663 2870
3502 765
8585 2660
8368 8662
5679 7367
9312 4586
4292 4277
3411 7555
613 6145
2040 409
7931 9143
9907 1294
6839 4405
7860 6994
409 5927
2046 2233
3226 6272
1027 8979
4017 3374
8312 3712
3070 5799
7983 2375
6687 8209
976 7585
2878 7590
5464 5818
9421 4304
3137 7979
6948 4479
2537 2418
9658 3278
4050 3015
5495 6585
8134 1570
9194 6339
5000 7565
7932 1014
9277 5545
9087 9994
2992 6648
2236 1377
363 3252
6827 6084
2521 2973
6787 8794
5522 581
897 5366
6851 7434
8856 7583
4129 5244
8996 813
2143 6737
2842 9018
4119 7230
3889 7425
2038 8873
3004 1671
7808 1201
4348 5969
9745 5181
1307 788
618 4335
7986 9302
6097 261
2665 9699
6208 3767
8321 8327
9713 75
4676 3341
1050 352
4394 3679
3879 6843
4848 8356
3915 8715
8963 3727
944 3831
3846 18
2772 7556
8167 659
7680 4112
1031 2903
8445 9431
6538 8655
7974 1528
2307 7076
6092 6721
4028 221
4016 7625
1186 2708
3656 7824
4113 7720
6512 4103
6806 2627
1342 2152
2491 1071
9419 4109
2597 832
165 5365
9617 8783
9754 4595
1343 895
3374 2562
1142 7313
7798 9055
5936 9770
6777 9924
6515 7444
9581 3359
41 8796
9984 962
7202 2017
4406 7989
3649 2788
6593 5680
3936 3660
3696 7908
2794 8931
4415 2334
4373 4399
7139 3294
9581 4801
6599 6133
8015 165
1586 4863
6697 2621
2357 6954
1360 5021
1455 5735
7954 6698
2867 4038
1315 3506
409 4696
6596 3806
6092 6076
3221 7965
5782 3192
437 27
4249 5857
360 2825
4106 4518
5992 1288
4222 8459
8545 4161
6245 7513
6716 5342
632 5687
1069 7855
563 8875
1063 7817
131 1650
3910 2041
9481 8017
9452 8450
7730 486
7954 3961
6189 6559
1953 5816
577 5254
5821 8907
5849 5588
7851 1671
7095 1288
9050 4747
4190 137
7062 7474
2248 6159
2035 8092
7595 9975
398 8056
5219 796
3500 8876
3465 6203
4011 9582
230 2584
7507 9667
6164 6380
5277 285
4420 2645
8455 680
3711 5063
6175 8696
8404 5501
3948 1709
4655 4194
1034 5748
2641 3882
1278 1184
2276 4400
4862 8866
1497 7036
9443 6806
7764 7112
6021 5187
6961 7164
3479 8940
4702 1151
6651 4515
1109 8322
7530 2059
7355 1052
7579 9749
2088 3652
6385 2519
1942 2815
4156 9665
7317 9324
7914 8441
3619 1487
8808 4165
6614 1817
6469 5844
6868 7808
2396 8957
1700 3211
1758 4390
8661 5805
2299 8296
727 72
9238 1303
4526 6711
3964 426
4354 8256
4104 9375
8151 7157
854 7799
6532 6352
2377 9529
5214 5246
4597 812
4655 9352
2071 5475
7810 5611
3633 588
1113 8209
2773 6620
8941 6818
9130 8666
2048 623
1059 8129
4210 7061
4411 982
9485 4138
5144 5526
212 9179
3433 6283
2160 556
1825 788
9769 5819
4459 9569
4091 6215
6589 3716
7336 1330
8300 467
4651 9130
9243 8542
4314 7628
426 5135
1675 6525
4457 2883
4734 3344
5932 7046
1457 1264
8295 9427
8928 3632
7543 7379
7282 8364
2560 9398
1789 6477
601 5248
3004 147
5915 6701
4383 7524
5659 4790
930 2822
6903 6233
2769 641
3146 5367
3249 8028
4692 624
7601 4147
4678 2135
5950 9336
6968 6169
9058 89
1391 8052
4567 6857
498 4140
4552 8770
2360 2437
9367 4659
6340 1401
2852 3798
9058 9064
4529 7544
6916 2332
4246 942
324 8108
1057 7333
4269 7611
3631 5626
5004 7945
1564 4575
6222 5345
8060 6325
6849 9476
6215 6641
6139 4065
1310 404
8073 9306
371 7465
4236 6270
7398 6101
7133 1720
8059 7916
6833 3305
2987 373
9545 2180
2964 8787
7142 7709
4408 2935
6018 6703
1378 6407
8718 8144
351 6670
5012 9512
987 7943
1435 6971
8121 9366
8799 2224
1320 4652
8128 7455
7766 7542
9432 9604
1234 4548
3103 3619
1359 5026
4308 8507
6940 7051
3026 538
3237 5013
5030 2686
6762 850
1257 4040
1222 5454
5346 7489
9189 8795
9811 4721
2245 8442
6283 3460
3130 1668
4021 5210
7180 7957
788 1492
1968 4849
6863 1399
7550 6337
4674 845
4423 7980
540 2895
8789 9677
4511 3726
2648 830
281 9705
6511 5531
9083 3109
995 3349
3511 2247
2818 3112
8510 8114
3204 7991
3376 4590
719 7684
9458 8926
4505 187
6403 5949
9179 9239
7907 1811
6865 7137
8900 1112
4584 8380
6477 612
617 6950
3939 8236
4346 5365
4683 2318
3361 5910
541 8855
8902 6817
542 6847
5540 1592
6791 6898
7546 1761
927 6412
5910 367
4529 9582
9799 719
2582 1418
3278 2442
777 8713
6805 8700
2321 3862
6860 3574
5077 5418
2597 7128
6792 288
8691 156
4021 7927
3023 6899
8775 1509
3327 7761
3593 7821
2019 3577
4927 4968
5808 1065
6035 4066
9359 158
5611 9180
6107 7025
5499 590
1224 968
3910 8181
125 8088
8079 1902
5434 7261
7732 9153
5383 8190
2890 6762
6141 3660
6128 2757
2630 7487
837 836
2072 1937
2851 8740
6490 4121
9487 8021
8420 7932
6646 6786
2285 547
3884 2663
8109 1644
1926 5436
9862 4455
8033 1576
8361 2270
8199 7974
8282 9726
3075 9199
5843 4677
4458 5428
3143 443
2731 9254
7818 6151
4364 1954
2586 9527
2233 8648
8352 8620
1666 354
4006 9137
3177 9132
7712 8751
6309 718
4442 1968
2181 5902
7928 9130
7268 9511
7984 4560
5363 7607
4949 477
1062 9271
2206 9152
3728 3189
5797 2936
3086 795
7520 9905
6247 203
7766 9619
496 2463
385 3332
4750 6772
3542 2352
3614 8270
9725 5
1190 8666
4798 1334
522 7811
8539 9462
2112 4600
5158 8711
7102 2680
4399 9837
6288 4114
5638 4325
6808 5602
2550 8356
1016 2083
7311 9952
3702 6491
3166 1976
6518 2346
5534 4407
4389 1293
5460 1190
8586 4102
4939 2660
4087 1018
6197 3428
6444 6936
9615 4325
8476 2156
527 4682
6264 4458
7705 16
6410 5322
1750 5102
3038 3073
6093 3454
5255 7172
445 9622
1822 920
7237 2052
665 8872
135 7134
4236 452
6549 5870
7350 4296
3011 3038
7608 1220
8188 4009
6581 7094
5537 7655
6566 5427
5950 5533
4943 7669
2997 7264
6893 1672
4514 1484
9025 457
8905 3069
4833 591
7114 1115
1379 7965
6332 2856
9297 3934
4410 4245
7417 6636
1263 2185
5466 1730
2559 5121
6819 4406
9944 4342
9597 7240
739 2072
4778 8597
3295 587
4385 7803
1560 5266
9832 4618
7011 235
4246 6823
6833 7840
4206 4393
5254 9774
9737 1083
363 2787
7109 359
6312 5056
9748 3351
1677 2002
7274 7676
8732 4458
274 8208
8331 2267
4460 7320
3870 8512
2734 9128
838 7177
3788 2436
8817 6958
8219 1861
2047 4231
5508 8892
4651 396
2701 8750
6617 5693
2884 1042
386 1945
643 6210
2357 3999
4098 1613
6700 7611
7433 9991
3220 655
7656 6659
8901 4708
9117 759
6675 3476
5549 7187
9929 6988
2719 8927
9836 8240
3487 3298
2750 6351
6293 1766
6731 4366
1571 5970
609 2270
3752 4698
1019 4635
9124 7273
6450 6249
2004 6481
4948 5958
2967 5445
690 7817
7356 3263
4 3548
9639 4867
5311 9311
4710 5933
4264 5904
1055 5121
8864 7041
2571 3893
9823 6006
1381 6490
3428 5615
6178 483
3820 7793
629 2301
2902 987
9530 6970
7804 3753
3430 8459
1982 115
3151 705
6244 4981
755 128
4746 3735
2455 7067
8275 4678
4298 4902
4706 9158
8605 2898
1408 4814
8918 3711
7473 1455
7695 8080
3294 1930
5448 8670
7698 7426
9482 5494
5718 2115
7581 9357
7624 6556
3581 2354
2289 7737
7046 3769
6190 4345
7013 6131
2554 8
6759 8449
8163 2785
3134 245
6951 8224
3456 6193
8130 5060
9467 9316
1084 8663
821 749
4994 6576
5063 8498
1412 9708
7821 9823
8888 2278
3354 7937
6803 4408
7662 4378
8359 4621
9361 8560
988 2799
7338 3078
33 6144
5839 3361
2948 4943
2273 3990
5576 2168
7770 7330
9687 6248
2403 6457
1892 5237
808 8560
369 8398
572 4452
6456 9758
2315 3000
9239 4245
6306 3767
5698 4252
9100 9238
6983 9947
5787 5957
1935 6473
1010 744
7192 9386
7466 2800
8267 7109
3044 1184
7631 38
6106 9482
244 254
8266 7903
9551 8073
423 1949
1153 7988
9701 2862
7938 4657
9916 2075
4557 9865
2460 5757
7132 9756
2071 4419
8324 4126
1418 3541
2199 25
5385 6499
1778 6891
7771 4933
5518 4994
4695 485
784 6013
4464 9025
9465 5802
9547 5713
756 5253
4796 8085
2236 2416
3368 532
9459 7741
7670 9965
5397 127
1380 255
9146 7724
2369 7605
2502 5651
917 9804
5287 2161
4789 6709
9563 7181
8604 9840
112 704
6000 7673
7151 2174
2719 7884
1128 9327
4625 9275
9221 7924
5439 6988
6047 8688
8147 6300
2549 821
9578 5665
7622 8159
5062 6624
5888 1188
6808 3852
2736 146
5295 5891
2575 7179
7228 6159
3040 5964
4663 5575
1017 702
3472 6299
2713 5508
5382 5197
563 3795
9158 5113
5314 3574
5504 9026
7844 5879
2483 2560
1482 9929
1785 7187
9300 3221
179 9064
2510 5244
5140 6991
8823 2624
9886 2626
166 7711
4781 6400
163 1516
9936 3315
4437 3515
6956 2632
4768 9372
7670 159
3044 3623
6503 169
4589 8161
5417 6043
6357 7724
3706 3674
6873 8181
7056 9412
3604 4742
9735 4276
7744 2076
4307 6716
6928 2557
596 5664
5570 3267
9525 3440
8760 982
5213 9595
7890 2608
8776 6457
2068 2513
8393 1550
3729 490
2837 8570
4805 8748
5089 9974
7972 3140
1184 9744
2183 3866
1712 1146
5913 7238
3920 1782
4330 3862
9997 35
7650 7337
5867 9114
3565 8490
6848 1510
4650 4271
3704 4203
9242 5379
6567 3164
9517 7579
414 7912
3528 5140
3928 1465
5782 2056
4778 9551
8998 2896
3464 4639
6238 9931
7231 7466
2169 7563
2690 399
9978 6364
3730 3665
5352 7175
9772 8568
8480 3403
876 8777
3083 3720
3664 4617
7301 8961
8522 1199
221 9948
8659 241
6849 8906
6499 7782
3417 1814
8693 1685
5211 6348
9738 9703
3167 6091
4550 2096
7349 5343
9924 7576
5783 7819
165 5892
2865 5557
6693 3527
3299 7492
4289 7599
612 2579
9644 5374
8838 1027
8806 5732
9389 6608
9903 2298
7090 1214
8701 1855
6589 7650
7069 1143
65 6071
546 1696
6089 935
7827 9566
6960 3704
3443 9804
2163 9955
1380 9876
5042 432
7750 2109
5670 6321
1705 25
9452 6321
8648 3395
3973 4284
652 4858
4174 7875
834 5936
8045 439
9071 131
9964 6285
3775 3001
3075 4485
78 7360
9169 4197
3026 9426
8091 2459
4403 4834
1695 5536
8452 4377
4769 4475
8081 5766
2351 6709
3262 7612
3035 5035
4341 7452
5793 6062
3473 765
6688 9903
198 4778
7011 4457
565 3407
2754 7979
1959 9005
6597 6227
6392 8283
3708 2865
480 7137
5927 6103
5875 5273
3566 5187
1207 6829
4725 3939
4779 8072
1154 9197
8775 2393
6595 4669
9136 9007
3993 8543
5717 2443
9594 9933
1834 7278
8064 9195
4492 4319
2309 3251
5146 563
9596 4989
9824 1733
2692 2957
2445 8903
8723 9521
3339 1085
6135 8942
6639 9994
891 7491
8530 4205
7737 3296
2174 5667
5289 1807
7097 2689
1459 6730
2167 6633
9639 2663
8920 2562
637 1544
6166 4863
3218 7602
7275 846
5888 3016
6045 4489
4129 1561
1259 1847
1096 149
4091 4010
4494 3523
603 9143
4257 8639
1979 7822
2612 1521
1308 2293
2282 1928
1097 344
8348 984
9468 3028
489 4857
5237 935
944 3070
586 8089
9715 1802
9076 9467
6904 9580
7208 5430
3286 3262
7262 7762
9109 1995
3566 8764
3594 6982
5794 8896
9342 6537
157 1278
803 8924
3312 386
9042 412
7889 2411
3051 3464
1027 3763
2610 1923
6777 7939
9549 4080
8839 2619
9750 7088
5226 6555
5809 2841
8784 6458
5279 4950
6906 1137
3460 8318
7752 4267
2480 6448
5282 3034
7464 2511
1772 5189
6781 2281
4361 8106
2224 2344
6955 5191
5147 1881
5414 5699
4976 5591
9486 8723
4003 1180
1975 9870
6280 7517
4189 4814
1820 2958
3794 3098
8839 3388
1226 4743
2781 1941
8943 1339
6393 4216
8812 5917
9510 3772
8567 3570
8535 6426
4104 809
878 6579
538 3017
1704 1866
215 8690
6758 1124
4410 2061
7147 9051
5174 4578
2708 9261
7029 6886
5481 4137
2733 3301
8109 6633
8914 1381
1821 948
7673 2812
917 1967
9692 6683
310 110
5927 6748
461 6841
8746 1324
4084 169
5918 3445
4319 3672
2107 5782
632 327
1200 5522
2391 4017
8202 8534
9238 9362
2397 1373
4069 366
3665 8184
5407 4424
6692 4979
593 8755
1353 7523
7186 6673
4133 1018
8082 6519
8213 4452
7850 602
292 6694
1186 1448
7614 4994
4932 8316
8523 2296
1145 1967
8854 6303
5470 9788
4458 4088
6460 5817
5522 6971
274 2690
1328 9553
1944 5282
7736 7649
2299 957
8223 1290
8751 9995
1463 3074
1246 670
8848 2000
4668 8683
1930 6940
9488 4768
9567 1092
2519 604
2848 4664
6330 8872
5458 8310
8009 9154
1215 7414
2019 3605
8761 2833
2250 71
2017 2037
7752 5253
4080 3035
7609 4261
19 5010
2598 1710
7371 1446
219 4020
468 7043
8161 2776
7546 8563
9342 4574
7421 5407
6165 5565
805 5410
1593 4520
1534 2743
9340 4326
4696 3474
9670 6680
8583 8085
1963 8556
5358 2256
474 5359
8027 5945
252 3740
2959 2501
3052 2224
8123 1310
278 2209
9553 7617
5981 8645
1377 6305
4990 3435
7725 1308
2390 1594
8146 1647
1821 5794
9733 8731
4366 9938
8343 5825
730 4134
7478 9439
6695 3474
3127 5503
6579 7352
1156 9447
900 5307
3911 1820
7394 8832
4693 354
2062 3349
8141 6327
7990 8511
1069 1085
7898 416
9989 7043
7439 6675
2775 9967
7930 3930
4327 337
5359 4106
1902 1582
7595 4896
3363 2508
8079 6770
5737 7698
1844 90
8392 4829
6816 8001
724 2320
8114 2962
3675 9693
6629 742
3307 5581
9907 2074
5061 4561
4297 7642
9373 5883
4211 4937
3812 7128
8648 1653
779 6473
6390 2516
5455 7775
8184 4721
6121 1028
9231 9379
8327 6625
4208 161
3194 7449
765 5815
1846 6315
3540 4368
8891 1224
7981 2381
1163 5663
9692 8335
9640 9034
6567 992
5070 910
9230 8112
8376 1699
7514 863
2775 3168
4572 4660
7696 6857
1576 871
2326 5465
9603 8176
491 6901
7833 7058
3171 7769
3756 5450
2439 8567
7704 2758
9202 473
6548 3539
8803 423
8586 9518
5420 1666
1490 3370
3763 7863
3486 9253
1723 260
7413 6166
4870 4384
3987 6658
3383 626
929 7157
9079 5933
1549 7484
8969 1095
5491 3205
9472 7078
5589 8671
4031 330
7013 8372
5770 6995
1097 9668
3812 1525
8961 9356
3022 1891
4751 2237
1603 3138
5576 532
8603 8362
679 178
2778 195
9300 786
9856 7918
8027 3971
5986 54
1760 2273
2988 1637
7609 4431
6927 1848
5437 7699
525 7614
6974 6030
4147 680
6408 9443
7891 3555
9497 8622
1773 3222
3268 160
7946 1098
1964 3573
2772 6663
3825 5426
4932 8273
2842 8774
4162 5877
7418 2307
756 4776
4796 2195
6179 1369
8398 7849
8106 3051
5773 8633
7189 2383
8803 2016
5868 869
1621 7678
3145 1658
100 7225
9109 835
1118 4662
8880 3120
9349 6156
8491 7016
3326 1911
9531 1396
1624 3115
9298 4878
2982 6690
8187 1494
3341 9316
6236 2151
2627 7910
1718 7130
1203 5421
1170 7104
7520 7191
3206 5981
9820 7183
7284 3049
5960 5803
989 5680
1162 30
2045 342
2057 5677
6956 7549
8342 5335
5190 5076
5293 927
2361 3532
3204 3360
1714 60
790 2839
623 554
6027 1002
7119 1968
1125 4128
4563 1514
3368 4442
3013 7681
3710 7216
2691 1569
801 7139
5122 2864
4158 3709
4952 996
7835 9791
9136 737
1746 5094
4598 4532
3636 4298
3332 2359
6342 261
9838 7656
7191 5266
3394 6193
3500 7416
8332 5010
6587 4248
1059 3823
5390 1343
1981 5906
8362 136
9417 7850
6945 7767
8344 9641
4553 1284
7801 3710
6073 3703
41 1468
7870 6937
8154 2865
3693 619
9491 8647
4843 3898
8468 142
9143 764
2437 1528
6077 5137
1260 3412
407 8543
2940 4394
5208 9482
8099 3605
4039 7264
9157 8395
3558 267
4324 7316
9310 5289
6533 6712
693 4196
3650 9439
5116 2220
1543 8896
7912 1455
3363 1400
9407 6403
325 525
684 6584
7057 9044
6521 8523
6446 4550
8399 6974
4749 9708
7700 1607
4358 6576
8381 5098
3087 2368
7602 3400
9296 6081
707 9631
1402 3856
676 6799
7235 7242
9876 507
1955 8905
8053 2023
5429 909
484 3788
1765 6480
8516 9276
5712 7814
1239 7176
7687 9181
5232 707
6975 8522
7009 6699
2151 4922
663 3680
5540 2842
2329 8311
3354 2636
2006 5277
5136 8042
2997 1814
308 8939
5537 1275
5777 2299
373 2915
6525 3160
9795 7542
4074 3455
6704 6171
4836 1706
1539 8734
8492 9548
7660 1384
7375 7782
5898 1024
1140 509
4582 9091
1746 332
119 4173
9042 9789
9086 6085
4906 2169
8814 9216
851 4071
2077 5067
9388 6667
3344 2644
3944 4520
9704 2384
5441 6361
6382 3795
2645 5466
1246 1423
8321 7402
9084 7946
522 7365
1159 4024
2779 8973
872 8635
9799 6555
739 4881
2432 9938
886 3333
8230 5946
6643 9502
8804 7709
3743 7215
6697 806
626 5428
7452 752
7916 7192
3067 8127
3357 1867
9318 7508
172 774
7261 4415
9318 534
3535 2134
787 5075
5478 960
3251 6125
6464 7661
1366 8279
7320 3933
5866 9581
3302 5633
1275 5975
3300 8807
6184 9790
2606 9686
1798 6143
6546 8176
2896 2169
7654 3713
1949 6276
2650 5342
4270 6055
328 5114
9050 9238
1344 8384
8983 2729
7373 2740
117 9909
4298 8016
4181 7854
8751 4107
6232 8787
5601 8060
2976 6169
3968 9770
1418 1474
5936 1244
3268 779
3978 9632
4967 9487
5159 6256
2214 175
1788 1354
2298 6019
5798 9982
6035 7220
6058 8238
2721 3824
4148 3509
802 7959
7470 5656
8394 3797
4652 285
1228 5683
8941 7219
8629 2307
9956 265
4674 6451
8254 9412
950 8106
4505 3017
9675 3580
2283 5508
4264 4230
5439 8653
6425 1505
9388 1346
1134 3557
3960 9355
4431 5565
4983 7175
871 5579
4604 8647
4756 9013
5458 9441
7379 2789
314 6776
1450 4683
1959 8294
2469 901
4592 1813
8105 50
2611 6809
5704 4064
8954 6668
6196 689
2067 6824
9144 1982
1486 9913
7932 5637
3841 1337
6262 2547
8426 5638
572 4627
2117 8885
1717 4095
8156 1137
6292 5437
2097 9494
2586 1915
9878 2999
7839 3657
6377 365
4397 5677
8175 9026
9070 9911
5443 4926
9210 5709
3577 2007
3595 8852
8359 9889
4318 5854
3960 3979
625 2059
8432 1182
3290 7679
9868 2361
2208 7714
957 2938
7460 2300
2304 5789
2694 7511
8869 6823
1123 6469
6868 5258
3393 1980
2933 3899
9810 8775
2892 4435
2959 9394
7202 8804
3723 2874
656 8683
5556 3783
4520 9099
5215 4968
7192 1129
5314 6226
269 305
2046 8783
7537 2886
9764 5973
4526 807
6273 9077
9564 3839
7067 5035
839 6722
2408 4834
6011 4190
4542 8727
7884 1065
7055 6656
1895 6084
5256 2171
3466 7983
3981 1820
2414 6927
9868 4163
2132 9684
5702 6776
3484 9162
8457 8246
3067 8303
4135 2643
2922 522
2632 5070
281 7846
2474 1375
7878 4818
7201 7229
4715 8288
597 6313
1317 6885
1713 6965
9138 7712
6434 4793
9615 8245
211 4987
1732 9592
5688 403
7631 4338
2205 8416
4760 1807
3422 7153
3636 8695
7576 2803
3336 6328
8411 3719
1529 4258
9613 1963
358 2714
2243 7261
8587 4278
5353 8809
6468 3213
6948 7232
4088 4474
8615 4449
5882 1497
2973 7383
8893 9814
2281 2730
4717 3571
7794 4963
909 4616
9880 2139
7086 6574
2140 8304
5944 8227
8302 415
7613 3673
8620 8517
2601 8126
7285 7571
7606 471
6187 9240
738 3291
2949 4143
9034 3827
8760 1992
9240 8452
3074 716
755 886
6702 8505
2589 9240
94 1316
616 2266
5781 7143
5769 9892
5687 4102
4339 2184
2287 6459
7197 8576
2742 3221
2023 5681
5926 718
3627 1365
5089 120
138 7216
4277 2739
9111 6522
318 8603
3602 1780
396 8195
1202 9128
7483 9291
8420 8572
4553 9638
4966 1777
4504 2392
7093 8464
7426 3773
1895 4424
6448 4346
7127 3916
9098 855
5905 7143
9441 5642
8001 8812
2902 5936
8385 8394
5813 3432
5826 2275
573 5775
9225 7537
5000 6251
9952 2741
8694 7070
326 4004
1434 7870
4572 9502
9605 7762
2263 6986
7387 6137
4103 3752
4602 9237
9992 919
3125 5352
8476 6451
4451 7197
2825 6045
1427 7683
2846 7353
4748 7920
4347 6670
5652 1701
