2024
5220 1895
184 829
5313 1340
4624 5173
1761 9101
4342 8381
6649 3959
2334 3084
9737 3600
1866 6604
5733 2615
4127 925
6113 9047
851 2656
8022 5404
9802 5680
9686 5580
111 9812
2744 8237
5594 7399
9413 1567
9901 6772
4445 6474
7858 478
6535 2172
8164 9465
9151 4288
2321 5688
5151 5180
5241 6251
3589 8652
226 1358
1377 6126
9494 323
434 594
4133 574
9133 2193
3196 3283
2032 9330
7623 9990
8399 6803
1967 4625
3561 7995
4059 7703
833 5119
5332 2317
8188 1397
8027 9137
524 9126
9634 580
7468 1734
2116 7274
9228 2310
9558 9114
628 682
6431 9596
6149 8606
857 7430
2455 296
7671 9368
1514 7079
1333 6847
2463 8242
7497 7442
2175 4004
8066 9411
3554 5605
9678 8448
6963 541
6345 8244
5104 9410
5526 2760
6632 909
9325 4520
425 8286
825 1008
8389 3487
4241 2591
3077 8039
5439 7049
2799 5243
9029 9005
7934 4289
7294 4275
5073 6783
9891 1648
1949 9708
2237 731
9641 6597
5964 8385
8283 148
418 3975
924 9635
1541 7782
9727 7910
8166 2443
2040 6282
8657 9363
8881 8506
4467 3165
4630 9122
2006 5371
4726 2073
4888 4756
8686 7935
636 5385
3489 9933
4075 3254
6146 3196
9068 8933
2711 3469
1584 9948
4205 249
1487 6983
3351 4581
9284 4262
521 4277
5505 7078
1680 1146
4272 6004
6051 3025
6053 9038
8602 420
9172 2649
9864 9393
9953 7496
9568 2951
9150 6909
9533 8645
1865 3272
7514 2042
3198 9640
5479 9126
8193 7225
8593 1552
5748 954
5130 3099
9457 3884
6900 5170
4803 3027
7841 3002
3638 7452
4962 6371
9280 5029
2558 7462
2864 6078
6183 7161
5625 1138
1927 5497
3032 7253
6078 8002
7634 6041
2603 1123
6432 3397
1202 8530
6898 1058
9167 7460
3243 8694
631 6663
3896 645
6853 2253
5831 1026
5520 335
6209 6948
1208 441
5795 4296
5312 7666
1697 557
4779 6993
6501 6433
2228 2480
1666 4220
5979 5464
8487 6166
5762 145
5805 2183
7683 3273
3398 5861
6005 4406
6182 7599
584 7203
5514 870
2864 9159
3950 5917
6425 6940
8949 9864
6539 5417
8024 5778
7281 2289
6493 3092
2646 2636
7756 6618
1740 1465
1601 576
2418 7300
4693 2928
3588 8661
352 7213
1843 9163
3536 1786
8797 7718
1456 3632
1429 2824
3916 901
4310 436
4206 7388
2365 4996
4585 4939
4757 5259
5617 4428
3000 5692
3931 5403
963 7445
2493 5197
9349 4646
2828 1058
5050 4820
291 5675
1384 5314
2114 7091
6196 1457
723 43
1138 578
915 3864
1632 3462
9079 7305
8512 9594
8941 6665
6849 912
1388 3254
5010 4769
8863 4509
896 8188
4435 2042
5614 1761
8468 1603
5607 6594
8659 8689
5919 1808
3425 5738
8141 8105
2333 6581
3198 8847
3474 1141
7659 420
3268 3811
6434 3055
3749 2742
4080 7532
983 2613
1372 7497
1500 7838
5105 6258
5832 4829
5966 7572
2790 3464
6263 7041
9565 5655
1612 9635
6411 5304
8495 2440
4073 2106
4885 4468
5432 3504
4697 9872
3655 3873
9528 8158
1890 752
4338 546
5189 9694
8952 4326
6847 8937
6672 5386
2780 2102
6910 7732
1196 233
4901 3042
7661 9006
1234 4068
8856 3616
4034 7453
3379 9686
8912 304
698 7128
4629 4503
7086 1059
1715 992
4474 3323
1013 1335
6333 8937
2105 7755
6193 9061
8876 7566
7236 3500
9163 4355
2341 4991
8609 8543
105 655
8432 5389
1816 5071
559 3514
5254 6118
3685 9486
2384 5538
7572 1473
8540 8768
8871 4034
3940 3713
2216 3849
679 1196
1334 1983
1252 8971
9838 4144
5059 5900
9010 9056
4223 8568
1007 4220
4559 2480
1974 1507
1734 8418
2657 5677
7175 3396
3300 7887
3354 7338
8301 9701
1049 784
911 462
2188 1201
7336 4219
3545 258
2495 4466
9068 9323
5182 6619
5870 9324
4632 909
1476 7227
5097 5139
4517 9043
5939 3385
7252 3495
1201 675
7059 8912
2108 4452
9538 7141
7358 7145
8212 313
4988 9576
6180 5870
7987 9901
1666 9781
9485 1528
3623 1544
7201 0
3067 2400
9486 7033
6224 9594
5232 5561
9091 4903
7766 334
6579 2628
2222 549
3201 232
2617 1853
9088 7660
3675 8996
807 396
1460 9026
4059 9737
5595 2660
6338 2224
6045 6796
6394 1768
5702 9004
2243 3305
1234 2673
6236 2240
8846 36
7098 6455
7450 4091
8226 1303
6383 6202
954 9695
8132 1439
5994 9529
2584 7515
3478 295
9535 3630
4538 4065
3401 1193
8887 9052
6265 4335
2323 6751
6571 1369
1154 552
6791 8403
1862 5556
5433 4145
8807 5195
137 5385
9766 38
7010 6643
6084 6782
8889 2141
2508 4059
5193 4113
9452 998
8051 7502
8739 6347
547 6524
5440 7956
6771 9926
1771 7964
8542 3132
6217 6779
9850 4893
6837 8989
358 8432
7986 8770
997 9239
564 8028
2550 48
3838 3222
2234 8986
7392 5411
2422 1227
9936 9575
7696 826
2272 9806
4311 3504
6709 761
4096 8325
3331 54
5915 8180
2123 1897
4309 5830
774 1475
1642 1253
4265 1813
9370 2624
4184 9023
7773 9208
2090 8270
4357 5915
9031 7527
4757 5237
5229 3636
5162 328
7010 8582
1780 6327
402 3185
2839 9505
5580 958
3034 3949
5881 5349
6199 336
9598 8659
9493 3920
6295 7656
1080 1347
4654 4452
5427 1716
3694 1236
1712 2761
7697 9229
172 1324
7095 7023
1161 306
5257 7696
7073 1435
5164 2543
1683 4073
9503 3380
4992 3560
6607 8985
9693 871
5078 1965
2201 3573
3833 7380
4539 4885
4826 153
3234 1931
1667 1092
9647 8711
1097 3356
9044 3932
6580 883
7679 5906
6869 2488
3863 1445
113 6104
1601 6315
7355 2031
8299 9332
1118 8014
368 1569
7390 5630
3621 2552
5629 286
7484 4008
3188 8541
1333 1723
2111 6322
568 3281
4482 7977
8742 4331
1736 2065
660 2903
5591 3251
3574 690
1912 8485
2793 6231
2690 555
766 1311
9985 6241
839 324
7360 229
5387 658
347 8526
5201 4260
6862 8326
4865 2903
6050 5311
1273 2951
4538 6090
6319 5317
9952 5132
4927 3307
4743 1847
3171 8502
55 2655
6868 6439
6184 4885
8591 2212
4360 949
8652 8626
3975 9950
5088 9972
829 2677
4369 3538
3522 7554
8501 1370
2663 4345
2641 2940
2799 7394
1848 631
7742 8978
7300 9229
6655 192
5593 7705
1859 6787
3014 511
9895 5643
8099 2373
5681 3870
2012 8195
1282 5351
7188 3333
7608 7446
6461 8856
3128 9932
3427 6143
3293 3310
2475 8457
4848 48
3313 951
3349 5979
1057 68
8283 4103
7873 7372
9003 2725
7354 2299
2616 6448
5837 4074
7681 6847
3827 430
9131 2712
2911 279
4741 3596
5541 6465
2216 6293
6911 4030
400 1979
8924 1484
1870 1567
2073 2280
2779 9509
430 1128
5818 148
7513 3786
3268 2296
5972 997
725 5463
159 6989
8619 4604
8276 8373
2701 4909
3406 336
8765 4516
3070 3284
5704 8575
4558 8835
4382 7773
5539 2825
37 3139
364 6355
880 6730
6604 7178
845 6931
1525 652
4425 5637
5096 2474
8145 5176
7591 4999
3593 2120
7994 4014
1587 1853
73 3753
8731 5232
7027 7595
5896 2530
5671 5837
9162 8972
8959 192
8173 6693
8762 2809
1662 6453
7357 3317
9437 4141
8293 5140
5136 5930
3495 4878
9168 5117
443 6441
372 6637
9032 1490
1079 1385
6493 9206
5711 3468
2892 3362
7989 9740
5160 1365
214 2657
6489 6343
4720 2163
7407 5424
2307 2707
3609 839
9803 3196
1734 4737
5511 9900
1597 7167
2293 9373
4321 4111
4929 1895
3795 9909
6666 386
5870 908
2559 2795
5523 3732
6575 8498
2842 6613
4877 7777
2802 3414
7507 3395
9340 8454
5235 3499
9636 8549
7136 8057
2299 7176
2525 7229
3237 7198
598 8810
9168 7201
5216 5224
2960 6420
4336 6193
1358 579
1817 7159
6739 3559
4348 168
3363 8141
2193 7104
1655 2403
5390 3638
9533 8091
7196 6000
4808 4804
8856 1509
6047 3909
3372 7065
8155 7202
4166 9273
3751 6624
8702 8556
2531 7561
9716 4570
7352 1485
7133 6123
1752 1234
7385 4524
6135 6089
195 4596
2725 728
8799 30
7387 8780
542 4757
2522 3991
8975 5558
3907 2842
4979 6665
4340 3009
8923 9202
1436 8788
6408 7730
4788 9374
1919 9447
6153 8136
7380 9129
6014 1589
4446 4945
9891 2683
5763 8583
7836 6398
309 5670
6685 1551
4407 6736
4222 6564
113 2397
9400 7350
7211 2263
4233 6600
6708 4530
5546 6479
270 1584
941 1539
5529 386
8253 7259
3656 6474
8978 3036
2333 1289
7427 778
2394 5810
3805 7798
2325 8515
13 9496
258 1005
8412 5203
6226 1403
7054 5951
3045 9919
3014 9520
8735 274
2741 7584
6033 2806
2365 9224
1301 7156
1590 1411
7982 2238
5753 6387
2202 3722
9312 4937
3916 388
6474 7611
3645 9648
5663 8590
992 6495
1794 8939
2391 100
1088 6224
4545 6641
6606 589
9067 9248
1335 7838
5451 678
5079 480
8705 7830
9406 9325
5995 7808
4579 7523
9403 8534
3338 8315
2874 8415
1474 5547
9645 3340
6137 1488
4486 1286
1580 848
483 7384
7847 8989
6712 7351
2443 4583
4864 6986
880 1276
9041 3624
4700 7337
6081 6009
5899 6143
4141 8110
4150 67
826 80
1859 76
3639 7498
5901 7471
1998 9871
7458 9415
2501 574
3093 6960
2561 7138
7320 6304
7215 2592
8934 5742
3556 1680
376 8890
3531 4592
9995 2316
5784 1782
4031 4971
26 2789
1710 5444
6407 8713
6387 4290
5767 3825
9313 9033
4525 7537
266 5639
3032 9179
2578 4668
8975 8076
2498 9084
1450 6981
7907 1144
2586 4892
4212 8470
4093 2393
6771 7024
4054 3546
7824 9030
7755 9246
5921 8390
1931 9396
7681 5463
812 899
2693 9765
6690 2704
3500 5937
9377 3431
8167 3210
4582 6894
489 8624
9885 2632
6912 820
9948 6967
8752 6313
9867 213
7148 799
2743 127
996 7095
1516 3520
1488 9763
5226 2246
977 5291
4183 2372
9080 8187
7499 357
6188 3293
3012 2588
3438 938
6900 7793
4156 8229
2866 8942
2302 7116
222 5329
5300 3176
2926 4302
8843 9495
46 2832
1262 2671
2885 1057
9043 8496
3771 4733
12 4671
8784 9186
5555 3596
7823 6159
8357 3869
2574 7036
4938 1761
2219 6787
5774 4032
523 4585
8266 4775
247 9677
8071 4882
1615 6499
3156 1806
7695 9039
9462 2925
2131 2949
9504 3525
4589 6382
9914 8149
8313 9176
3299 9777
828 7813
7482 1105
5941 9795
972 8812
6356 1943
5171 8876
2610 53
979 5581
6496 6419
3843 6409
3202 5788
2744 9778
5957 142
2359 9288
2317 7834
7483 8890
1511 9906
4062 21
9676 8736
403 3401
6397 7224
2442 796
5029 4145
8924 9407
8090 3195
2400 617
7446 225
8600 9160
9479 5193
6211 4427
2180 43
5442 5371
5049 7300
1989 2482
8358 7608
3210 6153
1167 367
2578 8319
375 5140
8358 3992
3651 2835
7302 1574
1354 4542
7438 4597
606 5199
4495 152
7232 5196
6875 4772
317 592
1377 5968
7828 4543
9 1681
9369 3809
4636 6228
2325 7651
932 8028
1408 9744
939 4759
4460 8850
9198 5681
9875 1943
9970 3851
1350 5024
5297 7581
5693 6463
2992 8218
5221 4196
2778 652
375 476
6287 4757
6462 7787
7023 9944
8951 1319
3668 4450
7543 7549
1646 2824
8138 152
1259 3357
8628 1129
2505 8339
8343 4467
4445 4948
6935 8036
4602 4338
2470 8356
429 5816
7819 6521
8270 8421
7448 58
4074 9468
3500 6778
7348 3116
7894 4046
2947 7854
615 7125
8430 9591
9814 5411
5919 2306
1911 8855
966 1698
1511 5954
9937 9117
5678 8269
295 5199
6855 8855
6979 4485
4459 904
3730 9746
8965 7917
650 2125
1944 3373
9623 791
6370 8840
3320 6583
4665 7001
973 6259
5743 6756
7948 8929
8417 6597
6437 6095
2292 405
3481 7798
5126 6712
710 2751
2560 9032
9955 8002
1281 9117
7193 7534
9816 8201
8455 4924
61 7897
2156 3910
8602 6833
5554 5642
6981 6252
6588 4906
3883 7157
6464 8858
1330 6802
8168 6747
8689 1798
8949 4234
9463 8526
1452 4566
3925 224
1055 9797
1219 6287
245 3874
8013 3977
2459 6070
7198 3329
9688 460
7696 4435
7032 6425
4645 2708
9417 9629
83 8191
6737 112
6378 7184
3477 7646
2160 8690
3054 2921
6113 6168
3841 9301
4760 5109
9408 3526
2148 9792
452 3895
2485 4731
1207 932
7390 6463
1633 184
1727 9552
3756 8674
408 4309
982 7527
58 7633
1545 6518
5450 7975
5175 247
3554 3272
9859 5516
5507 1207
4079 7128
9924 4477
8323 2934
4899 3445
8590 3226
8727 904
5372 7170
2485 4598
9790 7390
6596 9476
9189 462
312 784
4558 9745
164 1329
9421 8884
7780 9665
5684 7679
8587 5775
2217 233
7194 3751
8583 7866
3365 3971
6755 538
2360 7471
4267 8319
4104 7914
3619 2773
124 1617
7588 4978
4343 6254
2618 1866
5762 4700
9449 296
4980 7353
9255 2632
3505 6123
7331 1310
3833 6
8776 9990
1252 1741
9293 7552
8839 4463
2895 9663
3667 1643
5572 9380
8635 2193
531 430
5439 5422
1538 1417
5496 9884
7216 4468
9170 9157
7215 3733
5500 4886
9670 205
5816 6828
1314 1077
8598 2309
3172 378
4580 1088
7141 5705
963 154
4404 686
2863 1102
7838 535
3730 9352
9473 7900
7034 9790
5311 4266
4641 6784
5696 4819
2856 8224
6966 8068
2122 2371
487 2856
4343 8658
9730 9820
8126 7708
5501 8290
6648 2649
4886 5083
1750 7843
4341 3708
5877 4825
1222 4524
7409 3235
2234 9096
5920 437
7715 9975
6189 2171
2484 492
6572 8666
6776 7463
1644 8723
2890 7941
5381 4152
8864 1558
9980 7035
909 9996
1010 2088
9731 6436
7988 7782
4840 4449
1349 7214
4044 433
1839 5023
7962 2232
6145 3717
1866 9410
3698 5596
1851 3642
8575 5772
5283 6174
7444 617
1284 4730
674 2007
1721 6380
684 5912
6861 7313
1457 7333
198 1066
2796 4252
4518 8725
4188 5423
2894 6330
9304 1760
8679 1342
9726 8156
1310 7813
8150 8306
2481 7835
4939 8567
836 6721
871 9934
6344 9991
9991 461
4745 5911
9184 2136
120 9935
1445 725
1739 3512
2373 714
4303 5765
6988 5184
6238 8335
7509 4886
5862 4548
5657 6592
3782 6807
7132 4784
8840 4058
4989 9276
7162 7914
6975 6165
7288 8639
680 1268
543 2107
2294 4326
7929 5213
9173 6610
5840 9705
5613 836
9244 9242
2797 2181
2573 1909
3225 6178
3828 9436
124 8323
8520 4739
3547 999
6181 8239
7331 6415
7430 5207
9715 4540
271 8960
1448 2673
7268 7322
8426 9076
3387 2138
2689 2282
9453 7827
3084 6704
3424 7786
5005 4251
7751 8550
7797 5565
8207 3305
4608 7908
8267 5952
4826 7709
2211 7937
6843 3046
6328 7540
903 1037
1350 7998
574 135
743 8331
9457 6217
4952 8258
6274 7528
1651 8137
5390 625
1953 6329
1997 3962
3334 6563
7671 6433
4560 2331
6058 9294
5925 7823
4490 8927
18 7532
4611 8286
9636 3625
7360 7432
7504 9904
2624 9268
879 5202
8637 9460
4186 6653
790 2597
1228 7125
8597 5818
1957 310
3323 765
132 1826
1688 6129
4630 6420
9987 8640
8591 5271
9627 4314
4552 5743
2027 4890
2499 8351
3589 5771
4779 4871
9786 5778
2377 5885
2388 4767
3496 5567
9609 5449
4133 2345
5132 8653
2478 3761
7755 1441
9585 702
8431 550
3779 557
4156 9966
6720 5024
9925 7174
4486 5811
5481 3869
776 4995
6514 3485
774 6795
5914 2755
8052 9616
7052 200
6346 7524
448 6622
3432 7865
9074 6351
801 8743
9777 5474
8956 2217
8615 5948
7581 1176
9549 3960
200 305
3644 8863
2399 7237
2619 1209
5661 2134
223 2797
1861 1272
9883 8230
5612 9452
742 8172
779 3363
4746 4531
9219 3498
5216 8860
1471 2444
5964 6876
6472 157
3742 6024
2527 5482
4397 3735
407 4766
8107 3290
5090 6154
1470 1696
8845 3899
1541 63
3267 4809
53 3247
1727 6485
8782 6967
1564 4213
1242 775
9451 2176
945 9383
7829 366
6779 9507
4100 4029
404 7010
9473 1177
965 9489
1400 4374
5909 7062
3975 7629
2354 1778
7602 1322
7943 9968
4590 842
7258 5660
9764 9068
5359 3837
4480 3697
8217 8643
8531 2518
7572 732
6139 9056
2499 1183
8844 4934
7249 4682
6344 5731
3431 9514
2661 8475
6260 5598
968 4246
8064 4240
5928 1615
8158 3708
6949 6010
4562 5860
5693 3810
1733 8227
7058 2150
1089 129
1200 2102
5429 8385
7163 8861
5325 884
5318 1345
9986 4649
335 6387
4 1964
4599 4354
5105 1785
9714 5994
4661 3704
7177 4346
7396 7118
3970 1643
4948 2494
9094 6052
607 918
4353 2844
9446 5850
2417 8701
2712 5476
2168 1255
4715 2228
5453 5582
5242 6033
852 9504
1250 4085
4102 5101
1929 9346
5142 3798
873 8613
9349 1742
5294 6718
6210 1066
837 7715
7053 4739
1211 5364
7710 8073
8661 8393
5690 2816
1420 9228
839 3707
9727 2029
1259 7821
2858 3908
3321 6423
2765 3500
2210 8279
2062 3283
258 5755
4148 8767
5584 244
1480 5486
9826 4827
7141 9169
7535 1929
6736 5616
8360 8164
3266 7929
1603 2142
2257 7669
8039 3959
8394 729
3930 7219
4416 9112
7279 2380
2399 8112
4183 7670
4482 817
1785 6204
6173 4180
6234 7396
5420 1444
4069 2231
1204 5068
28 2542
4140 9781
7411 8289
4230 9257
3624 1006
147 4228
8817 9351
6670 1502
8402 1354
1085 5372
4475 3309
1236 5615
1273 9352
7615 343
1786 3264
5994 9574
8397 8735
1430 3723
4249 8062
6908 8282
6112 5767
197 7409
3781 5841
1341 311
7629 6578
8014 9403
7238 9950
5428 6273
6076 1581
4533 1366
4092 7243
4134 1125
442 4239
9042 4127
1466 9845
7802 5295
457 8784
6535 5220
7330 1510
5559 922
4925 4549
6107 8139
3701 2025
5912 6919
4698 4689
2202 3933
9241 6583
120 7510
2939 9181
5714 3996
6765 4110
566 2184
4570 3736
4336 9110
9679 3103
4427 9684
5553 2622
6013 9807
3938 9615
8384 9137
1997 2976
9487 6393
291 7804
3229 6375
4745 6790
3134 426
3117 5832
5830 5953
4195 46
9454 5218
2681 1450
8855 7888
7526 6416
2176 3837
9242 243
8833 9261
623 8541
3741 220
2363 8399
65 2983
5106 75
2068 3892
3650 2746
1304 4095
9038 8170
6997 3795
3287 8738
9465 2628
9671 9161
6315 6111
2244 7288
2624 509
4103 9026
467 8477
1357 2151
4803 9073
510 2493
6976 5863
7425 305
9819 371
8980 7747
102 1362
9479 7374
5883 290
361 2040
3325 3112
538 8389
6424 8664
9402 708
4505 7995
58 4218
535 1047
7550 8722
2142 358
6051 381
7482 5906
4212 453
434 181
2661 7116
5606 2246
7882 7438
179 1319
2782 6056
4917 9436
8942 870
3843 9975
7077 542
6668 8797
7950 8346
5217 1717
5495 3101
7780 8442
1768 5079
7762 9817
6572 6294
8963 2126
5602 5813
3079 7913
6994 7095
810 4661
5670 8537
2247 791
2797 2860
3501 600
9219 2194
2770 8920
1682 9820
9081 4910
1131 2800
143 1154
3150 9742
8315 5041
8115 7496
2992 2188
78 4327
6010 8741
9356 9342
1152 298
103 4493
7569 7053
1112 1101
7025 2811
3080 2501
7667 1681
6033 8865
791 4830
1659 3297
5503 1346
6347 7229
2347 2107
4177 116
7960 6160
6893 3644
9380 2408
9880 3246
7323 9127
900 6373
5531 8749
9332 6808
8791 1742
1878 6897
4978 3173
7013 580
4862 1250
9179 753
3219 6831
9795 9945
761 2518
2062 6180
6016 8456
3282 3234
6745 1468
5555 8938
1028 2177
7976 6548
1380 8952
8175 8889
8829 6177
7838 8100
1821 5207
5776 7280
1686 1783
1767 1599
2024 1219
2418 4743
8813 9513
2747 1947
7836 849
2109 6042
5452 3248
3766 7140
2251 8995
6132 9676
4440 5223
947 8686
2434 289
2495 3409
4022 8056
4909 3972
7027 6298
7744 7974
3575 9848
7950 7755
5029 2547
479 4405
3371 7004
7227 9343
6770 882
9874 385
9826 5596
4333 720
1611 8338
5475 9940
5067 5476
5376 8124
1637 7420
9498 9531
1622 6475
623 1502
5247 1970
2702 4892
7269 1009
9117 3197
1355 3954
1599 3394
84 6133
1593 3582
5764 9173
950 3332
9890 762
4075 822
5326 3151
4293 2679
3999 2059
4392 7014
5170 8393
1135 7751
3186 4411
7768 8580
1892 5467
7763 6693
9171 4272
2721 5226
1693 1084
3919 6338
1987 5456
5344 8427
8052 8992
1190 9188
3744 4679
43 9315
8830 2897
1630 945
8873 2149
5354 9534
2761 4932
899 1189
3700 2439
3884 2496
7769 1272
9303 6358
5952 6965
4582 9729
1925 1049
308 3862
8101 790
3736 8962
1145 1046
7930 3671
2613 9634
1591 6289
9679 9208
9441 6021
6009 1607
1432 966
9542 4987
5074 1985
7169 8406
29 2720
3685 6109
3348 2145
8109 6800
5483 465
557 3176
2517 9411
3003 6001
8754 8754
8289 633
7344 5153
5568 2066
4698 7038
8524 2496
7546 5859
8554 9180
5153 2799
4613 6950
2476 3328
7003 3849
4044 5383
5024 7906
2714 3776
4855 1996
3424 9494
4060 3554
5312 2977
5576 953
9009 5900
7240 5491
2453 7572
7356 377
2732 433
7497 7049
4062 6099
902 4395
2383 5155
5860 9314
2675 8842
9023 7261
4403 3128
1907 987
3760 5190
2717 3631
468 6357
5230 1936
1420 9000
1647 857
3534 8210
5700 7752
7151 6311
6582 2891
5331 600
901 2130
3120 4716
1513 8704
7977 2682
9322 1070
1660 9054
6018 101
8352 7808
2549 6116
8193 1728
6930 9558
7305 6556
804 1096
6915 9961
3105 9823
8395 3709
7919 2182
1222 1876
1792 307
437 8589
3613 298
8928 7104
7552 3730
7437 5268
8021 9853
5064 6765
2782 3232
8584 9106
6822 3817
7797 3186
3984 8627
4036 5469
7415 3433
7927 5342
6322 9454
4167 963
7998 7341
670 1907
9455 606
412 5050
8982 7855
6499 4515
2326 3003
8822 6028
6172 8783
7086 9661
8521 8357
7943 1034
5727 7096
5808 661
626 1872
8255 7830
8662 3068
9271 6161
8833 2067
5710 339
2747 6880
8092 4053
2942 1711
3514 4409
10 3993
3126 4944
656 3816
9819 9198
8340 2260
1139 1921
9124 1734
5042 8930
8694 1621
9991 7728
3388 232
6402 8022
5670 5665
5603 8557
3111 9952
724 6544
1118 2809
8531 9179
7367 8952
4464 7477
517 6541
4433 5436
5969 9239
5634 1600
3938 3067
1451 4105
609 6294
3751 8346
238 2316
3350 8951
5716 9148
9002 5641
3288 8140
6614 54
967 3679
3622 3785
9833 711
8724 162
9916 7965
3133 7196
9808 8918
5315 9522
2075 1934
8364 4690
21 6814
3873 5275
6533 1989
9753 6707
3644 280
3314 6153
1480 2422
4110 5705
2996 8700
5417 5573
4601 3372
498 3723
7369 9633
9587 8030
8861 9986
5527 7941
7932 8893
1964 8913
6282 8452
7430 9004
8381 7475
7865 5241
8822 9255
8722 8107
9606 7158
184 5044
4037 9029
2987 5578
851 2655
2736 4240
3499 4368
2847 9843
5102 8873
9469 1939
2437 2807
1737 4604
4511 2877
8878 2121
3264 6110
6533 6923
3819 5428
2693 673
6593 4627
620 7752
6128 6
6575 80
692 8214
9264 505
414 5439
4309 7358
6216 7650
3636 9547
8337 9012
629 3151
3991 2281
6937 7512
2986 7968
8407 3820
9744 3595
2949 7778
997 3137
3147 5410
3435 9506
5020 6951
553 3567
1890 1786
1529 3657
