2024
832 8364
1355 1728
9668 7876
4309 2373
5260 4319
940 8077
9922 8380
2157 1462
1633 3539
7308 8208
3591 5574
1347 6158
5933 8876
3300 7517
8015 5509
4310 9609
7453 6135
3953 7953
8872 8261
678 8841
5817 7594
8169 3421
6001 1600
8503 8504
6844 2427
4014 3411
2146 8159
292 5380
9343 6093
6954 6321
5838 8468
5707 9803
2284 9414
2981 8442
6869 4741
7932 7678
8591 4187
4881 6715
1874 9514
7281 7498
6487 980
8093 6174
9322 2070
1723 8146
9035 1903
6422 9431
7836 4987
5977 6024
101 5189
4242 7304
8479 4126
8187 5538
5783 255
972 8072
9490 7181
8992 1924
1168 1838
5608 3644
6211 9578
4377 2817
5047 5621
8941 2130
9030 2334
9430 1668
6508 9793
7001 2175
2609 7997
7012 7611
9043 721
8999 4254
9299 5416
8323 4382
8856 1255
5920 6609
9255 1475
2956 524
6265 3621
544 9168
3676 9419
9133 5433
892 1969
1586 7007
6581 9802
3788 3085
4550 8453
6040 862
574 6488
9143 9742
2744 3682
161 3827
9907 9092
7805 2805
8363 7821
5421 8481
2135 6957
1336 602
9143 7245
2037 1892
8840 8830
3060 4962
5060 3692
7033 5189
7270 7255
8761 6966
5863 3243
4303 2561
9924 8174
71 1730
2782 5464
4560 4189
3978 9996
4738 3130
4390 1836
3944 3172
17 5541
6125 4435
5130 5491
2971 5434
7996 485
8301 4643
5768 9126
5945 4796
3976 7094
6587 8997
6120 8960
6351 1030
418 7857
2183 2501
5122 2521
9588 6457
7512 4778
8935 4402
6417 5641
1328 9081
828 9967
4711 2631
3620 5018
9978 4831
2742 6293
7191 5675
6160 1984
6962 2258
9633 297
6470 7649
1673 9456
7954 917
6915 1011
3745 2025
3680 3406
3931 8342
2752 7552
4715 9873
8054 3578
1397 6599
1482 2260
3631 8923
5766 1930
488 7881
8086 528
6453 3281
5755 2811
9632 2656
3009 1111
791 5541
1289 4185
2687 6890
7394 5320
4098 2239
3583 4893
7683 4308
5948 4602
9700 3953
9235 5712
7546 955
3440 8838
8931 1572
1804 6283
8660 4940
4095 4116
9939 498
9018 6381
9553 7165
997 2552
895 253
9453 7829
6056 4438
7939 5315
9022 8957
5336 8488
1089 8226
4617 1047
9232 6043
2468 7195
13 8761
293 9231
2124 2813
4548 2965
4505 1594
9417 9950
4042 721
5780 5939
8964 8686
1713 5510
4872 7018
3474 5115
548 2010
1931 1531
8999 4890
4144 6624
6772 7260
3265 4310
1599 3510
975 8677
9882 2560
750 106
2570 9302
4271 3781
8809 442
4276 4912
6943 5668
3941 6762
1638 2661
7500 5528
4757 8418
5774 881
7671 6697
9164 109
8586 6823
6259 4550
5141 7360
7826 9079
8827 9817
9496 697
8564 9616
3751 2948
6384 2197
1476 1158
8252 7501
7928 3745
6978 4818
7914 7770
6002 2730
1635 5494
1580 2892
8554 7976
7700 1108
1050 8037
9203 1367
4989 4714
8945 7501
9976 4938
7418 7066
5882 5445
1483 6708
5898 9872
8577 8698
2676 6541
6343 7143
5859 8941
8192 5697
573 4682
5573 5998
7842 2361
4284 9198
1235 260
7519 4464
7515 8365
5803 4843
8826 317
2247 5247
9253 6787
9679 9181
433 5023
9947 8453
6115 3002
3370 4202
3757 9795
3593 6159
5546 7426
5355 3179
256 9067
6139 3147
3804 5362
2307 2694
5484 6456
6734 8720
4340 2472
6068 8873
5598 3776
2604 6572
2038 1466
2612 8536
790 1505
3703 4374
7847 2408
7255 9692
6500 1550
3635 567
634 8843
3754 3846
5604 1405
363 8551
4942 5919
3784 5191
3285 3896
9398 6599
4511 3034
6042 2107
1073 4740
6803 624
2777 4077
6649 7312
8121 8024
3010 4733
7000 5772
8437 3590
3954 3675
740 541
1713 9748
3879 6273
780 3360
7205 3437
1828 2626
1214 6893
5173 7834
5204 3646
7630 5358
8430 2406
7279 1920
8548 6803
4353 4610
7417 641
4459 7677
6942 8548
4763 2778
8222 3604
1460 7121
6358 5023
7149 345
1217 435
8603 5763
6952 6455
6014 7225
5236 146
9362 274
7510 9302
3601 1191
3884 7483
8470 808
4483 4594
5616 4002
7282 2289
1601 153
2309 2768
2753 9949
2212 9264
6826 6727
6994 7797
2580 7325
9483 4229
5726 8346
1162 6807
9965 517
1945 7911
8275 471
5084 908
5110 6501
5561 6094
9406 6156
3346 2541
2124 6649
9964 3217
6755 5399
6267 9351
4261 366
4142 4452
5763 2570
5620 4781
4 2508
1438 8324
8162 2135
3138 7039
3085 9066
8839 8621
121 2842
4572 8708
1647 5510
8325 2737
4333 8047
687 8867
7503 1901
303 5795
1925 5916
1287 8786
6789 2835
4585 8255
3288 5033
1659 8063
4173 7300
2314 6853
1760 3812
5943 3607
11 4235
3244 3979
6329 6366
8864 9517
9129 3172
5028 3690
8642 3828
6961 1751
5608 1829
2986 1061
1888 8105
6950 5885
1146 7818
6826 5747
6927 2076
1131 3395
321 1671
534 3613
4344 5360
9313 4714
2821 9828
4693 4313
1177 1173
9738 1034
2165 9051
59 8090
2091 7715
8301 6531
7954 563
278 1525
4542 9367
1696 8912
1698 2952
8288 2821
6216 7057
7445 9780
2939 8443
4838 3279
9648 9255
1289 172
8871 9551
1264 485
7318 9817
8828 3667
1576 2333
98 9812
5156 7190
170 4258
9959 6826
9746 3171
9998 7590
6492 9417
937 3649
6237 7794
7084 6011
3087 8233
6575 1064
5588 7715
6598 5047
7220 9496
3193 272
4222 1972
8105 3503
1368 5765
4881 9744
4895 5293
8248 2940
1653 9768
1045 7103
606 4781
7960 4539
5591 5197
2860 8522
4812 6759
8169 48
7587 3847
8234 8856
1081 2445
5744 8929
6004 8040
5960 1807
4351 6668
9854 6383
6294 1540
8038 507
4052 3329
433 2481
3174 2146
8430 3833
4676 2473
7586 2817
2668 4692
1923 7472
6434 4242
1665 6593
3191 959
4597 8638
8592 6408
6790 1688
9163 6867
8524 2591
5192 3737
8666 5766
3769 3114
6115 6737
5256 5026
8527 4778
8150 9771
7009 3862
4659 6676
3700 398
1827 5014
2407 7633
2915 9619
1368 7993
2528 8299
8557 508
1182 6120
5851 332
6623 572
9248 3660
5924 5735
4268 248
9382 7635
2703 5639
4018 3638
4528 4655
812 8479
7647 6015
2600 1620
5921 1210
1606 5898
8615 8334
4207 2107
9884 8457
1933 8016
4845 2986
1657 2463
2613 4441
7870 8985
7724 1214
3138 1402
5088 6766
4627 1313
2645 5644
8066 2627
2343 1596
9364 3797
5786 4043
2538 4125
3849 2972
8310 7009
9504 577
9570 4009
9256 8897
5573 4900
5740 8243
9403 475
774 1338
691 6209
9456 6800
9761 6459
2934 1317
3235 9689
4483 2540
4372 6293
6428 441
9199 3315
1000 5983
4595 7289
9112 8302
5081 1915
7183 1477
3706 4944
9954 1862
5103 4085
107 4692
8700 5236
1319 2854
8600 2176
2909 1874
7295 262
1648 6638
3535 6120
5576 1845
7089 5895
2772 808
2011 4636
3405 7359
8692 7365
3304 6348
358 6123
1494 5915
7943 554
7052 1815
5381 9610
444 9475
7815 7947
2635 5690
2279 3972
6141 4487
6451 3938
9516 5243
9731 9257
7857 1042
4203 5990
3169 8387
280 7311
7918 5557
3178 7011
5415 1017
5377 1073
1777 8760
6175 425
5743 2544
9866 4819
9903 5108
1453 9857
4363 3432
683 7317
8958 652
3975 8504
2174 4985
5513 240
1700 3688
7290 2061
2387 2387
6865 4800
4403 528
9186 5290
3458 9385
9760 6393
4668 964
5896 4259
3609 5314
9909 5256
3970 8779
9370 4697
8657 1265
823 9212
519 3678
269 2115
5394 314
9718 8454
9907 9809
4805 8404
447 2069
342 2342
1831 6587
8147 8842
3451 6344
948 9725
2091 9100
9202 5788
2601 8549
6490 2969
1285 7410
987 4119
4153 4107
9027 5957
62 9921
7318 2219
6969 853
6597 2437
2948 6524
8016 5415
7726 1258
5166 2667
9140 9352
6596 7204
784 3901
6961 4530
1261 5092
1006 780
6542 1559
5494 7892
9082 3094
6045 9905
8082 7380
2935 9012
8261 8917
9350 7745
2675 6912
2991 8382
7395 3380
3773 3378
5182 6787
9918 1338
3426 6967
9978 8362
5217 3500
8878 9470
8356 1143
394 7188
8251 8840
7480 3735
2164 3270
7211 6619
9020 5215
2044 7933
7112 6274
359 2225
2061 1575
4234 4868
6397 1103
8824 7979
3046 6708
3288 5222
6872 9896
6757 8335
5558 3845
8088 3546
52 5302
5671 6391
6971 1521
1310 9088
6939 6607
8118 2038
4816 205
1552 5865
5902 5757
5362 5987
6482 9200
3883 2731
4848 6102
4879 4799
4338 671
5195 8093
7533 5549
3809 7698
1447 6668
6952 3
8596 6945
2257 8831
5666 2343
7255 6892
2400 8192
7333 5343
9481 9801
2392 5434
343 6597
7394 3348
5660 3081
5622 4022
4226 389
2269 5517
5369 3708
9573 7515
21 7264
35 1410
3475 2926
6169 9862
3024 5666
3215 2289
7953 5184
8979 1105
5294 1981
8221 6895
8854 5076
5815 4543
1888 3551
1240 1038
9998 6902
9367 1397
2476 6876
8405 5776
3402 1676
2206 5698
9428 1256
3972 443
9323 3117
5958 6982
1490 373
1621 5965
6673 2922
4012 1562
4741 3455
2915 5535
4668 1991
5574 4186
3725 9130
1230 8742
3026 3793
6193 1974
5617 1804
3762 5579
6189 7000
6994 9146
2536 88
8678 9617
9334 4643
8594 6138
5832 3151
6678 1581
7386 5151
1455 1886
6336 1791
9249 9205
6809 9996
9284 844
2460 8051
5007 3393
6481 7230
7722 970
6299 1747
9926 5568
3654 8719
8200 3151
572 5847
8832 7071
4227 2476
1462 452
6409 2987
9945 6966
6229 4486
4307 7254
6028 473
2072 176
9320 6749
1029 9165
2438 3983
4030 5501
2126 5598
5303 1505
9779 4198
4210 3997
8296 2152
3534 2139
8021 5498
2926 4439
2817 1334
2057 4469
3759 8073
1536 7149
8657 5934
6567 378
5821 6837
6646 6280
1923 714
3723 8325
8406 8281
2127 7372
3520 1442
6348 2499
6231 2674
6290 8563
9720 4292
731 6145
1509 9686
2117 2192
8559 6749
7476 3992
1384 4798
5185 5602
5603 1459
2411 9020
4634 6982
578 6640
8790 2115
8993 5336
1821 5002
7249 4433
4343 6022
4674 1236
2535 2383
8579 2933
4608 8301
1461 7123
3678 7200
9051 6944
4427 9519
2205 5181
6417 8889
3050 3939
3946 6013
4100 9727
9895 7691
9800 2261
5988 8696
7157 6494
1272 3729
6818 8039
9734 2187
8726 6989
829 5057
4512 9987
8463 3793
6274 9955
1285 6678
4620 8929
4813 3346
5869 2333
106 6000
8858 5098
1069 6546
5424 9205
6909 11
9539 8547
3638 4342
9057 6649
9656 9123
3688 4550
3500 9788
8721 5623
87 3717
8004 2584
8942 9558
4491 6942
7299 4868
5713 6772
1527 9639
9124 6794
929 8873
6111 652
2732 8481
8910 7350
3471 6448
3619 5973
7581 7629
4792 8363
5358 2334
4866 7762
3456 6904
3905 8520
7344 3815
6384 9772
4378 3368
1633 2315
5220 6673
9894 5229
6593 2180
6075 6912
3632 9106
3696 383
7759 5291
3763 9833
8606 1283
5366 8774
4642 1375
3941 1662
2963 9638
4937 1539
9157 9147
9081 204
7468 8953
7000 9989
6458 8344
8085 4095
2626 8868
3410 3072
565 8744
4776 5247
1936 4055
8719 51
198 2035
5442 989
8011 7869
1123 8542
7294 6137
5393 5532
3446 2134
6074 8490
118 8098
7275 9963
4904 9724
3284 6985
1766 1199
9503 7489
9936 5749
394 1303
2526 3335
7240 2995
874 3450
5982 5421
7929 7483
6873 3187
7723 5040
1102 9389
3459 2190
9789 1523
4269 4970
6406 874
50 2960
6340 2636
2752 4284
7429 6208
814 5930
4459 343
1383 4966
1845 9313
8696 2028
1077 7953
6754 3331
4746 4524
6499 8709
2133 9123
713 6570
4421 2140
6156 7749
9220 5391
1337 1276
3400 4651
5063 8012
1851 667
1553 4184
419 7907
3039 1072
9018 4213
2011 6489
4765 600
3088 2243
7764 4348
3761 7362
4671 3079
5751 7874
2247 736
4079 2527
6585 8148
105 539
1600 9271
3520 1536
6822 8441
5812 2297
1945 474
7916 6391
7038 2846
5056 4760
4721 6360
5724 1079
368 7073
7416 141
9893 8687
8486 8695
6504 4162
9658 4664
9474 1808
499 8045
760 9907
7865 5209
8174 3557
7027 4146
8964 8468
4986 7323
8838 4183
4403 203
6869 1962
8061 7940
9883 390
7458 7783
9118 4383
6181 7096
602 6036
2218 4873
9757 2910
4380 31
2098 6916
1198 4747
7869 8944
3979 2917
1857 1718
5168 7747
5788 9702
1472 2763
3230 4776
8189 9029
8943 9245
4323 5433
6960 7793
7251 7103
4533 2050
6219 7682
3810 4239
9529 8157
2872 3449
7239 8639
601 2676
2278 6548
3361 9829
3335 4615
7617 7617
813 9538
9079 9837
1999 9246
6624 1802
3207 4120
7833 3751
2466 3840
9325 9936
7079 6405
8965 4419
6977 603
3841 5073
8854 6767
4202 1385
8186 1334
4663 3988
2042 6180
4176 1298
3269 8583
2963 9995
6465 1628
1154 5154
8330 4986
9778 2184
3055 4212
467 1896
5887 3799
1234 9170
3688 4679
4536 9054
8947 8428
1054 476
632 6068
5551 5909
9600 314
9839 6045
5876 4287
2583 3072
2806 6082
1478 6263
9451 4793
6699 904
7952 4169
3466 4615
9264 5093
1179 8178
5625 534
9751 2393
5857 9084
7187 379
8763 3313
4527 8130
7509 6737
1437 8038
4413 9802
4259 5507
44 9247
1675 3189
6463 1830
2615 8102
995 7340
8573 1207
3043 8408
5005 9110
6984 5978
5762 9525
8852 4382
8975 9440
7562 7449
3838 3631
7258 424
5109 6044
4667 8093
1636 7153
7892 3475
2974 9102
782 5328
2174 9363
9952 7428
8994 5248
8136 1882
4346 593
9260 5850
5440 316
3712 2773
2313 6493
3709 4378
1545 9565
8026 1423
3689 5463
5977 2724
3269 3104
9151 8218
2425 22
1622 1277
919 4638
8867 9497
2076 9851
3063 1248
4360 6327
5668 763
2002 9958
6156 4901
5997 6085
4094 9398
6337 6216
128 5698
6829 7036
721 3778
3247 1245
74 3345
7563 5268
117 2023
2344 4709
2220 1204
6956 9627
308 4770
8282 5108
4129 2054
6589 5681
4387 5536
5400 3105
3605 3623
73 8322
7948 704
3093 1566
4517 9788
4970 3296
1910 1030
6504 2832
2045 1828
7369 7295
959 9294
3614 7548
8000 159
8076 7783
842 8675
2072 4614
751 9730
2865 3700
5219 9812
9372 4933
6542 5159
6541 3277
5873 3031
3856 3434
4525 6694
3411 9228
7 8922
7828 4648
4855 3522
3250 3895
753 7638
6681 8308
7947 5972
1608 3199
2884 8694
4220 3777
3983 8549
4357 6087
4614 4510
5533 2391
6578 9831
4691 9839
9156 4203
9631 2359
7483 1314
691 8765
5400 1872
5600 9864
113 641
4180 1014
6937 3275
4751 8175
5031 398
8792 6388
1845 3702
5586 9156
7991 604
5094 2215
3948 638
7382 32
8823 1451
2460 1019
8359 5248
4143 4759
729 5711
1322 9288
2767 3556
5767 5178
5121 5447
2871 8291
1204 8472
2559 6083
8613 1090
4793 2885
8538 7139
1250 8008
6499 774
4141 815
8665 957
2479 3974
3102 703
7679 629
4329 7358
9932 900
4985 4889
4765 9467
4993 9734
5708 8643
7341 6429
9695 7989
2283 9703
5792 1073
2443 1588
8569 2662
1585 2733
1454 3057
6554 6552
7362 8999
9799 5371
707 2899
82 9863
7019 4509
5851 7912
3997 2150
1009 8982
7975 2877
2276 9400
3534 1884
1445 3317
920 2142
3209 8209
3974 5616
6712 407
6253 2835
8098 1946
3242 9740
5403 3791
9188 9288
6897 3331
1237 5430
7822 5803
9352 5225
2644 7766
8819 9724
4804 9218
695 5119
9460 6516
7552 1912
6723 7955
8685 323
7321 5773
7571 6855
6838 1425
8493 1813
1441 7110
1293 9513
3761 9138
4054 8740
7667 7727
2490 4395
5910 1322
797 8058
9478 4797
1863 9608
3071 6454
6764 4797
5146 6436
2295 9408
436 1473
9040 5050
7209 9955
6244 2605
4821 9442
2748 4201
1440 177
9532 5995
9196 1798
3494 8852
4064 167
1834 441
5762 672
7107 6574
8698 3503
8420 5673
2634 7330
8501 5798
238 1698
9799 6437
2242 5846
8935 5265
77 2702
3867 655
3035 5775
8985 2292
6798 2154
894 9847
7089 7329
6957 3918
8439 6265
4361 5555
5131 4352
6155 7507
7467 7530
7767 8432
8284 4751
6096 3155
8966 2212
4043 4469
2665 1088
8595 5152
421 3978
3040 4264
4101 7885
152 9720
3387 7696
6291 7747
769 3802
3197 60
619 5187
7147 2015
6840 6030
1027 3439
6707 6693
9057 8838
22 1369
3192 5792
2725 2149
604 2129
6678 4381
7862 6485
326 1611
2119 843
738 8056
1980 3065
346 9850
7291 8081
1094 2776
3187 8377
5183 2531
1022 6482
9791 3644
7871 4584
4368 585
4310 5197
3614 3530
177 3078
4258 6580
4975 6342
717 9875
2241 2029
7523 8695
4325 244
2099 4498
222 7933
2326 6892
2735 7771
4722 372
7158 9951
7987 7160
6496 4764
4913 4647
4279 5740
6172 1808
2550 6633
9834 3760
5841 504
7482 3228
2007 5289
1883 2502
5979 1450
9145 9642
1440 4721
373 1555
2408 9424
862 7426
7229 8876
3788 1196
7680 5764
2309 9959
1862 4297
5517 4457
6836 8174
3410 6475
5267 8083
25 1646
2735 399
5916 8514
6882 1583
4296 3185
530 1143
5839 6487
5321 1046
5252 2949
6099 415
7361 5308
9456 2428
5216 6741
9261 8464
3646 5619
9828 5486
5832 5159
6288 5586
7132 8690
8251 2949
7143 6702
3885 2964
3553 2794
9731 6127
6900 244
46 1763
2785 7516
6072 5051
2474 9044
2073 77
465 98
9191 2257
2773 7675
3587 3314
1656 4700
7372 9074
4063 6483
2152 6936
3825 5751
3568 6617
3395 134
2000 6128
1453 3093
4620 7856
2774 2407
2835 2112
1336 355
974 8115
9325 4385
9698 7821
5897 8485
143 9149
9002 1385
8595 1640
670 2390
6726 8112
1915 8710
3883 5136
5080 5871
1260 8893
3778 2838
5449 8123
8648 5815
1482 720
5379 8572
1599 4890
8450 5505
3914 7549
4093 7209
5833 8255
9473 2303
9910 420
8434 3504
7552 3017
4800 9730
8199 184
312 2739
4739 5626
7111 812
5617 3243
1654 7081
3377 9560
8250 3476
4009 6721
2778 6618
4296 1110
6736 3280
4702 7306
4505 4908
2171 1122
3068 907
2273 1315
6687 656
852 6237
6724 3216
8860 179
740 1471
3329 3275
830 5236
9674 3183
2358 3543
4344 6743
3605 5201
1891 127
1499 2939
4548 9356
6587 2988
588 7935
7930 1454
5105 4107
6839 2410
4120 966
4400 9950
6333 3647
6143 556
5253 4097
3381 9069
8690 4702
9453 1005
6032 2757
3275 2870
5580 3240
8897 2642
7590 8623
9667 7881
7757 2910
8333 1019
7686 2657
358 4376
1104 7888
8802 4843
9130 6210
463 8177
5130 4646
198 2114
4463 1162
994 5054
2039 6368
9656 7623
5393 9186
9499 9217
2108 9091
3800 3421
4572 7
2731 6322
9333 3280
8773 857
9247 542
9356 3579
3237 7901
4583 5707
6931 8604
5502 9670
4159 2093
508 5489
7326 4878
4879 157
6813 1050
6021 2766
2841 6422
328 6502
5914 7993
5822 750
3818 4980
4078 6565
8357 3138
9249 9277
1217 9001
1282 2683
6912 713
6022 5319
5172 2279
4805 1868
7487 9095
4836 8535
2602 7428
1663 2833
5844 964
7143 9672
3774 8552
4539 4102
6672 3262
1314 3947
6870 4152
681 4911
1901 9035
5498 9604
8255 1920
8259 6118
2743 2966
8934 7704
32 8045
1243 8279
5124 3957
7185 6559
3745 9095
3519 8865
3912 2074
9943 9227
5897 6494
9099 1341
9036 7123
1919 1317
5432 7795
220 8565
4223 1660
2451 6156
2684 3778
7882 4169
619 544
150 7664
1749 2647
6871 6425
127 5122
1927 86
5943 3816
7765 2376
8883 7079
7485 8712
5797 5412
7698 7524
1681 7318
835 3390
4601 3816
2380 6367
7342 9574
2911 6867
2947 9766
8737 7286
2598 1430
5311 369
7698 2247
5797 7804
420 4903
33 4748
1197 3878
2945 2559
1661 8899
5681 1935
5017 806
1016 3435
1540 6280
4378 2066
9379 5971
8417 8759
2042 3720
4703 5755
3010 2758
8352 7557
5054 9537
4398 6489
5382 8396
138 181
7127 4397
5838 1752
689 8730
706 6585
1980 4776
2097 8914
9350 7842
2592 7888
3780 1331
2553 4956
4608 9708
3742 7890
7872 7912
1228 998
4539 5572
8152 9099
8309 7024
7012 2976
3416 4753
5626 1886
3293 6031
4307 5058
7493 3202
2028 9797
8838 3427
9917 7221
6902 5660
5774 8204
5732 7441
7429 671
1969 1366
2103 8783
9781 3149
6042 530
8565 5679
1004 5314
1924 213
2007 8210
3793 1902
3301 5618
8682 8437
6065 9105
3645 9012
1043 8748
3270 8063
4854 2801
1770 9965
9091 3234
8502 3166
5069 4199
4208 3930
6190 9485
7260 9562
5991 8781
2102 7526
5559 1039
6422 6271
4502 8006
1857 4222
4719 4285
143 7087
6956 847
8504 8676
5356 5768
1767 7232
4913 7442
7427 2606
9262 1762
3085 5309
8966 8718
2666 9714
8148 8330
8751 1018
6106 1701
1540 584
5334 296
6477 7960
7860 6610
4203 5775
9481 180
6577 674
4446 7035
7172 9568
5982 3146
4989 1827
3431 7755
5207 4663
8552 5325
4323 2961
4181 4201
1535 4476
3169 9303
6730 6073
9000 9521
6571 904
4496 2938
1185 1361
6719 1273
4328 6497
4159 8675
1362 667
1781 4752
6959 9370
4577 9438
918 7286
7104 8325
8646 7645
4165 1402
5142 1102
3869 6089
1137 9448
3920 7980
2811 2504
9181 6323
7713 6470
6559 6679
2246 7201
4754 6871
9688 3907
4655 4109
3522 9018
6642 7443
1579 8774
7145 6665
9719 6497
1023 679
8204 4150
14 571
9274 3952
9067 257
2696 8103
83 5549
8841 6144
6196 9800
8753 2878
3583 3884
6295 7177
4971 6613
2060 1852
165 8915
4960 1614
7570 6716
2556 2118
4957 352
2566 2505
8621 6530
3467 322
693 224
9004 9321
5836 3171
1264 8707
7267 7119
634 8650
3166 5830
9279 6920
1160 9394
8706 2454
6426 4965
2398 8015
8114 4308
1592 9178
1324 2591
7118 6865
4005 5757
4543 8117
3927 7823
3679 5994
9421 198
7523 2627
7882 5075
3335 4769
7631 3704
5660 8634
9152 7486
2384 4795
2616 8213
7029 5670
2295 8225
3992 7735
775 1209
6048 2347
8388 5052
8610 7457
2413 8024
9309 2704
6862 8934
7082 1640
403 5013
5657 7632
1366 3761
1112 3680
9994 9778
977 5607
2004 2111
4929 3313
2178 6890
5123 6421
5716 622
8946 1977
4868 6635
5440 6577
136 3647
6741 3145
3128 2706
1306 6395
6691 1381
1695 5025
8016 3679
7247 7161
9555 8057
9637 5903
8866 7979
1906 601
7395 8847
178 2682
9237 3447
4046 6097
1767 8526
7927 7380
2356 9401
5757 6175
1586 4280
8344 1260
9589 3642
7858 6009
5001 1803
5719 8212
311 375
8746 6545
6045 4235
241 8315
5399 1672
9273 9896
2096 7146
8470 6634
607 2202
2140 9428
6151 9585
6312 5998
918 5796
4738 2759
1569 3014
1379 5117
5966 5686
2871 5511
2462 5420
9906 8986
8372 7762
8352 9770
3017 2452
2803 5800
421 7310
9269 6393
8843 7291
2344 9437
2583 5742
705 2176
5759 7043
4433 7446
23 2691
5394 229
3489 9701
2526 90
1151 7432
5589 9329
722 2465
3314 6619
3314 7491
5857 9371
3918 8637
1031 6400
3293 2400
6254 7907
8366 5774
2677 5431
8195 3721
1687 1642
1531 8248
6091 9880
950 3592
3292 7455
6683 7535
6354 5479
5738 8102
1328 7983
974 1324
9380 7479
9457 513
8707 3388
363 1794
5083 381
3811 9143
4051 2284
826 2526
9245 6371
8043 848
6575 4542
4984 1647
3415 2820
3511 5656
7724 226
4804 8364
318 4007
