2024
1202 5065
5143 1241
3080 7094
3374 4398
9520 8948
6455 4144
5397 8937
52 3411
7278 7715
3046 83
6231 931
3012 2809
2442 2344
8606 7743
1917 353
2302 5484
8188 9557
8582 153
3790 5629
2128 7916
1472 5350
3533 2237
1206 4602
2285 5582
7021 3445
787 3109
6429 7543
4434 154
1071 19
1065 8865
1091 6447
8874 9301
6387 9113
8482 6765
9985 2062
8393 2466
7448 6058
7760 8100
1989 7056
775 5637
7141 8587
6774 3214
4740 1791
7007 2089
3257 8409
7781 7388
233 2715
4158 7430
5165 5686
9177 3290
5704 3632
6915 352
5293 4310
1235 5383
2612 2192
3082 5296
1044 8891
7993 2727
1439 284
1835 9416
8905 9454
1515 437
3510 7959
1599 1368
6036 1450
8454 3761
7196 6365
3804 677
5653 3119
963 1495
4419 6784
9599 9454
2131 9952
4632 1784
1452 8335
5936 2727
539 9959
3703 2671
7678 5316
3320 3140
8854 3067
1827 3793
7848 2893
5171 1778
3133 7193
6461 816
824 1284
9644 5631
4131 7993
3592 6690
714 9259
6683 2439
853 6858
6888 5143
3675 9125
1581 1871
3342 7579
5850 7941
5872 3211
6757 4258
9744 5327
7672 5281
4983 8863
9814 5434
229 959
3297 967
311 6054
4557 3581
8551 5266
82 6915
4514 8692
781 5678
1685 2738
7101 652
282 8216
5098 3780
5656 9876
7688 4585
8904 3327
6662 4474
4369 360
4315 2313
2438 5417
2899 3121
7409 338
1673 3163
4276 5356
5335 7005
3752 6535
5450 5869
1634 3227
8661 1923
301 4440
2103 7003
8897 1918
9866 8405
1514 3566
466 1119
7132 6317
9984 4392
6358 5607
8504 2346
2638 6508
2221 7799
1050 1154
7549 4384
3818 9443
3939 3015
3761 4137
652 7883
7929 8832
6517 5828
3521 1475
5337 3370
2865 4381
2782 3861
7690 731
7200 8951
4681 2156
960 400
947 4058
7227 7051
9948 3831
3614 2409
5989 4875
9124 3980
6215 8238
497 9689
7769 456
1242 5187
3763 3077
7794 8978
2498 1845
4028 687
3281 7173
3125 4114
154 8216
2502 52
8389 2245
1364 4792
9779 4103
5609 3206
5167 85
9073 2776
6041 2856
2283 4487
4162 8588
6248 2661
2999 9653
7064 6712
8955 2292
6952 8098
8199 1174
5596 9134
710 246
7178 4914
2507 3893
9772 1376
9984 6974
4158 7090
206 7682
3103 5108
1104 9563
4403 1430
701 5466
6804 9716
6247 7422
7509 8285
4409 3097
3745 5675
8749 3490
4606 880
3195 38
8347 6870
1901 2868
6134 9783
5249 888
3526 361
1833 5850
9389 3184
896 6758
3344 175
8277 7849
8784 3242
9771 1858
1561 636
6414 3791
6900 5634
4904 687
5496 1537
5958 5125
6352 9660
109 6338
9384 8950
3384 1591
3251 5402
1672 7413
6395 3738
8384 1027
4061 1121
2850 9206
5514 9438
649 7066
4680 9441
1205 9920
4481 251
3093 154
4519 9049
3492 8735
8700 5524
2652 5687
5756 3464
4826 7887
4101 4681
4090 4518
1608 4985
4561 4836
955 3474
2320 2675
2158 7219
8751 8323
7199 5815
9752 5695
5990 1463
993 8331
3029 8897
2515 9180
23 3261
5616 4700
9013 5451
5515 142
7467 8872
6544 8950
609 9290
6550 8793
6725 9835
4591 2242
7990 1515
368 1912
2699 3281
8160 5484
1551 8650
9274 8758
532 6441
9673 3591
8107 2617
5020 473
7095 6182
8838 3909
1160 4730
1134 6746
2903 7402
9970 8011
5832 3897
45 6500
5355 7133
9532 6487
2491 9299
2426 228
5226 7514
5580 3741
5998 3648
5952 1563
307 5245
600 9485
1122 3637
7953 1822
237 1917
3954 4914
5204 6985
2271 7251
8451 8556
15 3959
5299 4748
553 6431
156 9076
6801 3570
3878 2014
8328 3577
1589 3979
2921 80
7353 6993
1794 8017
3136 1675
151 4896
3806 2419
2578 3796
6706 3586
8194 936
3406 7686
6273 6180
3375 253
3676 7639
733 5560
7022 1783
6895 6267
6985 9730
4433 2443
8748 6368
2560 7189
9388 1483
6354 7984
1162 7742
5034 1732
4533 5520
275 9555
9764 8804
1055 2159
4323 5690
376 6475
3511 1896
3556 5200
3020 14
3492 754
9250 4679
3700 4736
3465 3984
6805 436
7370 2962
7580 5139
3142 6390
4915 9781
1606 4704
6466 5361
2740 4163
1974 575
4307 7973
1162 5224
3494 3294
3484 4685
2300 3013
8325 3227
6990 6841
9726 9060
7282 3695
930 2644
4475 3306
7463 9634
8280 7387
2506 8204
1827 2586
2677 9340
9357 651
4903 5686
3778 4680
5475 1876
7690 5296
887 4587
5046 3230
1404 5259
6696 3301
6607 3428
464 8548
1572 2346
3302 8642
5659 5932
899 5176
4949 577
4123 8402
9214 5038
9417 9448
9354 1683
1849 5573
4405 3883
771 1193
1228 9849
8323 7572
2859 5820
8000 758
9267 3289
2816 5596
895 40
9502 5497
7315 476
7004 5262
3689 1825
475 3403
9560 5856
2595 1411
8297 2990
5197 2866
9191 8594
6758 9690
3302 8741
2357 2639
3438 3085
7419 8266
6565 1643
4322 6229
4498 3173
6714 7679
6128 7027
8612 21
3434 882
8969 638
2714 312
3065 1067
196 9666
2447 2485
5336 2475
1944 1771
2399 5569
3907 3671
8449 711
2753 6258
306 3952
7891 1537
9923 4514
7789 2672
2413 4932
8754 6623
2929 9639
7649 9693
8843 4085
7771 796
827 1504
7731 5383
487 9128
4332 6664
8981 8290
7925 6995
4958 7484
1898 2252
5517 3488
8554 9455
2420 7679
724 8972
532 3939
6121 3396
249 1203
339 1358
1616 2906
8399 9809
3886 6242
5467 3796
1381 9605
7351 7144
5302 3140
3277 3414
866 533
6283 7835
6433 639
707 8821
5137 8876
1323 4666
8526 8642
1723 8481
4498 8594
5060 991
4132 4552
3385 3205
3502 5532
4254 8115
2159 2994
8382 3060
379 2532
2980 3022
7857 9909
1546 4677
50 189
2651 5203
2053 1422
9019 5775
6335 8970
8975 9789
6107 5190
9408 841
7262 4041
9273 2092
454 9730
33 2837
482 3715
7904 5348
6606 9002
4394 6989
8157 3177
9888 2451
9569 223
2832 9403
2172 7981
9850 8238
9645 1399
6506 2969
2299 3328
2761 3662
5513 972
1236 9877
8568 5591
8968 3118
6147 4958
5228 4500
7535 8514
7021 2018
4504 2112
6297 8082
15 3777
8105 9694
9988 1086
14 4538
2865 4549
8229 7737
9248 4644
761 9720
399 4573
1767 5687
110 7785
2250 9440
4727 4957
1959 6194
8069 9221
4592 8814
600 2120
512 2225
7839 9910
2552 7986
9113 1093
5195 4910
7758 4230
4820 5245
5392 3372
9945 2990
2702 7600
1027 7244
9762 7236
7854 8111
6321 1983
5975 9468
9641 7294
3523 9587
3750 913
5889 9654
4675 8472
3286 9173
1215 5854
9152 4874
9873 7061
7517 5692
1273 998
2899 6997
8691 3664
8564 9359
1998 8740
9037 5497
1960 3775
4767 8193
5993 9032
6880 30
1800 2500
660 3717
7873 3830
7692 3305
4445 6997
174 5122
9756 9817
2340 7854
5352 7786
4377 7716
1862 2442
8518 2767
9094 3279
9972 2429
2105 146
9360 7883
4436 5111
648 9294
6501 2368
1213 5248
4386 8499
70 3026
8037 2073
9600 7523
3399 6130
9464 9012
2073 1991
3806 8646
2277 5674
7623 6295
6219 6835
162 2935
5703 157
4387 6397
5116 1212
6934 8308
5418 707
3133 3495
458 6922
2091 6090
8255 5024
3391 967
3755 9124
8561 8919
6868 6258
9289 6048
7636 8883
385 972
4588 4626
8551 1526
7885 733
8761 691
281 8032
2261 7955
3408 4502
7185 1617
3579 9679
6678 1014
701 7816
9441 9632
9222 1523
5748 9411
5399 3868
3973 8551
3642 6338
7527 3190
1994 5160
4967 2139
9358 2337
7512 2174
5000 7705
8022 1600
2793 1764
3610 7652
1575 3466
598 6747
4715 6056
8226 7557
3243 3333
8575 7560
6081 9081
7792 4409
9846 257
2333 1419
7481 5776
8816 2976
7483 1672
1654 722
60 563
7118 165
7300 9010
1487 630
4947 4449
477 1544
7274 5247
9244 8497
3878 9878
169 4911
5242 3965
9131 4523
9731 5825
9635 5442
6035 1497
625 1850
4454 5179
7706 5891
5039 9507
386 7141
6666 6951
771 9129
4098 5822
1647 563
5236 9160
3261 4653
2375 9406
9718 2048
7213 9331
4702 6058
7659 708
665 2539
2948 4862
1561 1096
2870 5925
7469 4247
4910 670
8732 3059
4189 8830
2095 5712
9431 2327
7041 9434
4602 6321
7010 934
2012 9590
9691 4120
2902 2189
4468 3759
6526 4403
2936 5632
3906 3493
2134 7709
591 3043
7557 1246
4082 2696
6669 2885
9076 2385
4588 2299
2784 7624
3523 3225
5311 2092
4532 9935
2713 2260
5620 8860
644 9524
7358 7809
198 7066
588 860
7612 79
8503 2641
3536 8450
4768 7962
1984 2006
3534 1491
4926 7038
7190 2475
735 1621
6 3468
8205 8548
2324 2277
8381 5918
1107 777
7567 9174
8561 9842
8100 3368
8157 4659
8380 6547
9849 6893
8300 6975
4613 9552
4414 1103
3857 7025
5427 8466
67 1750
1611 4745
8562 1672
7024 9733
1687 4113
9469 8264
9152 8417
456 7256
6668 7211
1290 8964
6791 5645
2752 2443
524 9089
4303 4819
5485 7305
4054 4570
8250 8791
3261 2711
1412 8132
6183 1934
7003 5921
8221 6741
2221 1221
1927 9333
5756 9472
6902 9090
5029 1195
1580 1948
4603 3689
6503 8416
2193 6875
9035 8987
960 8316
9769 4399
7298 6054
1238 798
7145 1084
5074 9258
3170 2076
1373 1747
3408 344
2157 2685
4833 93
2437 9432
8206 9714
9118 6061
9945 1469
5614 3813
4939 4116
7409 4504
8239 8909
2484 4280
7432 623
4560 8574
932 2758
7720 5884
2711 4090
6502 7809
243 4473
1348 8826
4903 232
8904 8525
7497 5468
2663 7531
2237 4579
7989 1937
8284 3182
3204 3612
2881 6635
8009 4524
9619 9414
5040 761
819 4191
5009 7904
6122 6934
8965 5450
223 7431
2771 8838
6938 6125
8195 7480
7301 1411
4913 7874
3128 9291
9711 3163
1081 3354
795 3968
7615 3582
2046 6744
4675 7021
7313 4212
4644 8030
4792 7411
8231 3104
2997 9920
697 8732
9449 4983
6189 7957
5245 8988
1078 6862
7357 2391
4595 7402
2278 4277
1985 1576
3812 644
5677 3800
8658 3785
8127 4141
9005 3938
51 4728
2911 4293
9468 8346
9834 1896
3170 4873
2520 4497
2698 2078
3342 1922
740 6875
1877 3968
459 6531
8453 9462
5632 5659
8719 3343
9991 8098
3913 6855
6308 3340
5555 6321
5947 3810
7351 6365
6360 594
1951 1849
6836 8716
4928 5612
717 4508
5273 6760
6626 9533
4567 1722
4360 9307
8350 4927
7370 6808
3245 5989
870 6400
1585 7398
7226 5412
1969 2633
3948 1189
9349 5333
9326 6140
5865 5876
2802 6509
7959 6751
697 8758
2788 6734
2389 5036
9959 2620
7173 1050
3541 9491
5669 6731
8601 7504
6873 7908
220 3841
1916 2999
4601 2359
3578 3935
4491 2931
1336 1440
3670 4262
497 7781
1723 7727
515 1648
9201 3685
8560 2609
8001 3357
777 1841
708 6461
4291 503
7380 7473
4604 5708
8114 7526
1148 8855
1398 6375
1157 4041
407 6761
9804 871
4559 4532
8695 7335
5388 3208
5288 7742
1869 465
9762 9852
3073 7051
2359 3291
3443 3615
1195 3601
3826 979
1388 1362
8276 2749
4346 7378
9862 260
7804 277
8400 5349
9808 6612
7648 3956
6336 7748
7465 4280
6723 7055
8790 371
1282 9857
8730 5378
5542 1747
8957 8409
9130 7411
449 8793
8680 3335
9835 4181
7215 4598
7171 3091
3901 1243
9295 8045
7459 5256
3511 5733
7581 6681
2556 3714
1504 7725
8577 6114
3923 2119
4540 9784
6744 1754
9705 2877
5774 816
6659 6953
670 6746
2003 5071
2820 1667
9355 7782
4874 9731
28 6280
119 7812
8155 1922
4396 4409
5672 3339
7352 2629
8003 3584
8796 8228
2754 2834
7425 1279
8560 7864
1437 5155
6289 4145
6982 858
4855 9250
1866 3098
8499 4755
5075 237
6100 4082
4147 1477
3584 4956
2241 2965
4802 1534
8377 9698
4470 2201
238 350
3621 9231
1594 5613
2964 2170
1536 9407
9252 582
6147 742
7423 9642
9298 2148
2240 3892
1721 2568
1393 1426
1765 6371
5232 4443
7490 9511
2742 692
8092 251
1503 6380
3410 7150
3203 4471
1942 3346
6666 9596
101 462
2053 810
2807 8534
796 7572
439 1031
1894 6565
6118 8183
9271 7800
882 4729
7827 4556
8242 1297
2951 4435
7262 825
9353 3642
7696 4105
4976 2352
1064 3332
1374 1980
8617 2262
9485 7643
9460 4023
9426 8051
8817 2804
6819 4152
2360 7083
7947 5829
85 8783
9012 2898
6907 4612
8163 3120
699 6456
7135 7257
3528 7266
8747 9360
1077 526
7796 6907
6931 9166
9889 9195
9001 1625
7877 3719
9287 6473
5305 7831
7433 7321
7924 4816
9044 8784
3799 3362
7395 2849
2054 6167
4987 3454
3729 4813
5909 7417
2060 432
7886 2214
8190 4642
8405 6065
7385 5622
3970 411
2882 1355
1037 4308
8406 9782
3954 924
6459 5315
569 6468
8006 9586
3642 43
8310 4129
3863 8359
5091 5934
34 4895
391 2912
5649 4916
7167 6539
557 2251
2572 1818
5886 5988
2368 4620
2186 6673
3961 7027
5302 1664
5622 2743
5305 8170
2165 3860
45 2863
473 5044
2085 9930
4871 4124
5286 6822
3563 987
9538 9557
1511 980
6826 7594
5504 1735
6703 9745
4457 4484
1055 2957
4444 1551
1301 9014
9843 4486
9168 9591
9017 796
7072 7477
5463 3884
2159 8618
7037 7777
7717 7005
7043 9841
6867 7227
9027 9268
7906 7893
6756 5696
6763 2015
7028 1964
4868 2590
7105 5705
8674 9157
5429 7161
7634 4877
3432 1168
3447 3304
528 4101
4363 7736
8978 7976
366 4091
3778 8315
9962 9289
558 3493
411 1158
473 6497
5812 5579
9955 164
9091 6539
2425 5035
4362 664
709 2656
436 130
1376 7161
6052 1356
7468 9799
8699 8675
7659 9728
4969 2413
4753 7339
113 7283
7688 372
1442 4221
4805 7358
7325 4550
5757 6830
2293 4803
518 9189
9613 3862
3197 2627
7673 632
141 6019
9333 4204
8078 5785
1789 8900
6084 7063
2241 6254
837 5077
6677 3565
6221 4050
4153 7978
3953 1156
8456 1785
11 3198
2474 5537
1403 6474
9128 9136
6322 6063
3412 1855
129 2001
5178 2967
7431 3035
7908 111
7004 9644
7977 2977
2500 8044
6845 3514
5419 6653
2329 8458
1693 3443
5120 3581
8670 9145
9873 6649
777 9228
9299 6990
1889 3556
4225 4733
4596 2795
7519 8937
8429 4881
6748 7997
505 2018
2864 3586
1916 5404
1069 8591
2249 9697
5998 8571
3701 1524
9662 2825
6543 6133
2826 8400
6491 280
4040 745
8376 4042
4484 4875
6165 2956
2070 6335
5271 1794
8395 882
7774 9477
7812 2686
9844 109
6113 2246
9459 5181
4670 4466
4664 705
1038 1655
4188 5606
5085 2683
2700 8601
6212 1752
3625 7394
428 6311
6652 2934
6875 6268
4074 2882
1703 2999
8132 1920
8374 2711
9273 934
1999 664
5126 5697
9291 9892
5207 4387
9498 6429
6075 8851
5173 6154
3186 2585
6451 1633
3060 6941
5065 7068
6563 1435
9563 7644
5872 5923
2593 6472
8503 8074
177 1011
8078 8722
3896 7394
3410 8890
3622 5801
9190 1584
3087 3230
8444 7951
9663 9554
9287 7278
5794 492
291 178
6944 1366
1688 956
8467 1831
5905 7131
8166 5041
4543 1214
3448 1910
4176 4521
6628 2658
6003 6952
1425 5016
3231 2057
3756 8712
6390 8733
5442 2949
3535 6880
3158 9363
8712 6869
9917 6179
2453 3331
7142 50
7072 897
2111 7306
3923 3830
8966 1949
4583 3558
1477 5187
9598 8195
7538 2890
1276 1422
658 493
9724 1178
9698 9513
5739 9855
5827 3145
5506 6234
4877 3893
7533 9970
5196 8356
5947 9497
6568 2901
9182 1968
8751 7511
2389 1625
9253 6268
4028 2100
6807 6671
225 5685
9487 7890
4346 9616
5016 417
921 6754
8403 3938
8479 190
1940 6348
9796 3096
3017 7635
5873 5980
7617 4261
3285 4457
4613 3202
1733 4102
8832 5677
3202 8400
6707 1156
8083 7775
6362 7470
2779 6576
8980 6242
7299 8556
8357 8241
7475 9764
6820 4412
7703 9067
1692 7079
9917 4554
7864 2301
2357 807
7428 8177
5126 7029
2695 5143
3681 1787
5184 8539
3914 7482
4708 1172
3897 11
4870 2253
9395 4612
623 3073
1500 5167
3192 4049
7811 4572
8853 1141
6353 8898
8609 3840
6571 694
9765 5642
2492 7606
1589 9766
8425 8936
1566 2530
120 8290
2998 7641
7438 3725
7556 327
2030 1691
5294 4768
1009 5730
2988 1965
8135 2113
3816 7776
8256 4537
3351 8712
4440 8192
4218 7596
6771 5120
5886 4984
4218 4797
5276 2582
3790 475
6560 8305
6807 6685
9330 8589
3706 7893
2648 5241
4302 4551
7672 8539
8459 2272
2762 5858
5138 5893
1921 280
4366 2783
273 8236
7168 499
7016 1505
4727 7872
8984 1801
2737 2649
6540 5235
1884 4660
8833 2306
6895 3946
2048 7791
8646 3068
3078 6200
3685 8325
341 4555
520 8398
3494 659
475 1993
514 3303
8419 9529
2056 9922
9541 9797
5140 4989
8994 2334
8982 844
7786 3143
5904 6743
1098 1169
4594 7302
3159 7773
8153 490
5722 9592
9817 3924
6858 6697
1430 9933
1084 6880
759 8108
7993 7854
7263 4096
5347 1265
1549 9085
6170 9620
5584 7937
1001 6755
9723 6590
8032 9517
8556 1206
3444 2403
2193 7778
7180 1790
457 542
3902 269
9427 2380
6724 3689
2130 8677
1117 1013
1357 259
2208 4109
2563 712
1012 4482
7086 4347
3464 2339
8916 6413
7008 305
7488 6139
8538 7645
7019 5704
2636 1268
1234 7794
8507 834
8893 9975
5246 8889
7074 3849
7363 9276
2949 3348
3029 259
853 9081
4724 3785
4490 7496
8978 3247
4431 9364
1871 8046
7152 5281
5857 6123
1052 8413
6617 700
8822 7655
9188 9528
6712 5476
8656 3172
1143 4158
8277 519
495 2850
3526 7708
7798 2302
559 9795
4783 7442
1024 6064
3426 2243
9201 9503
9906 3364
4899 249
1808 9491
6710 823
8251 7062
7736 4800
2427 710
9743 371
3071 5888
2278 7926
6653 1588
3715 7013
8678 8392
2740 6812
272 1505
5476 2971
8130 1864
3203 2074
7489 5351
3156 4194
670 6255
8201 9746
7181 2182
896 4514
5265 3654
5374 8245
3667 1410
2529 6348
5661 5328
7035 6739
6771 6838
6105 8487
6623 456
4008 8340
787 8896
6685 2110
9829 8868
7572 1877
9863 6859
5072 460
7079 7660
3635 1170
5047 8833
9358 8074
2197 3926
6657 9654
1396 7965
7896 7673
6590 2809
6365 4047
9858 5308
9434 7112
4342 7439
490 3393
8862 8259
2563 2446
1862 7768
3266 999
5849 2717
3423 8435
9553 2643
8413 6679
444 1797
421 5380
5838 239
3278 8428
3939 2680
8208 3864
8463 7788
9145 3665
5955 273
1123 4981
5766 4607
7364 2555
5916 9376
8951 7777
1144 347
7147 9588
7885 9676
2144 2337
3893 2683
7321 5354
2394 539
7639 6251
9362 1388
880 9578
1989 9272
7567 4919
1640 9038
525 6524
6037 244
6409 9581
4362 8281
8481 9853
3972 4025
2130 94
4250 6333
7705 2803
3409 6788
5365 7728
1114 6747
2123 3937
2290 9985
5497 7146
1449 9752
4265 5137
4735 1849
9693 5835
6843 3933
175 218
8707 7283
6903 9640
342 7296
1280 7246
5315 1388
4373 436
2162 8388
3003 3415
2288 245
7820 6062
950 6360
4596 5259
4800 9155
2550 9615
3289 4286
4542 4494
1060 4192
970 4498
6595 137
8447 6634
4231 8295
729 7707
5116 741
9710 2981
1591 64
5894 2718
8515 3940
6075 7339
354 260
3822 3682
795 5853
7644 7636
2116 7456
7601 5602
9441 4610
7692 8150
1489 6935
5404 2522
273 588
995 763
5125 1330
63 3180
3883 9198
6610 6153
2117 6428
5707 2007
9857 1327
2531 3612
5213 6562
5439 3289
1036 2858
3280 4320
5334 2913
8199 7958
7936 8627
4102 4509
148 6374
4311 4235
5119 3426
1348 77
4114 3823
8982 4746
4407 3855
8299 1456
2537 2126
7170 1464
5426 7957
5881 333
9290 4257
5901 671
1737 8615
1721 6308
8720 657
4044 8107
5937 3058
8275 9683
6915 1620
9874 4480
2783 4635
1367 7995
5710 9014
5641 3765
6085 7932
9289 9153
5253 209
6718 9123
1743 5816
6384 5526
8622 838
3409 7815
8991 3837
3206 3276
7257 7261
6459 7799
9096 2468
4198 6480
589 9035
8478 3948
6279 2309
967 5777
5662 690
6545 5434
1434 4590
499 6574
6447 8035
1455 3286
6564 8670
2267 235
8179 5567
1244 2310
8325 7452
954 6688
6936 99
4688 3555
3539 9102
6926 8932
1334 1497
2204 9155
8302 572
4734 7637
1613 6150
504 9532
5237 7117
3514 37
7105 1126
949 7680
5804 3847
9612 2430
6613 9830
8259 9040
3755 5182
7898 6326
3387 68
8625 2436
6549 2394
8572 6417
4846 2757
7482 6709
8715 8907
4852 1783
7630 2313
4443 9998
1122 1371
3109 3568
6322 5451
8876 2169
5428 4383
2660 9347
1436 6275
4249 8312
8063 1841
6184 3445
1787 4504
4131 7372
1976 1864
3669 873
3673 2504
4331 2361
3687 2696
6892 1301
1636 8865
9400 3591
1849 3999
5219 57
9159 61
3116 4940
2667 7745
7864 3373
3690 8904
3175 8324
8203 6491
6569 4564
5049 8081
7217 8187
1304 1208
327 7937
2605 375
2547 7463
6127 3220
165 7748
4700 2024
8300 7464
1924 4494
3545 7707
5190 1432
8018 2886
2914 5337
2036 5473
2410 6636
7588 4184
2586 9298
2880 5967
4388 9377
1420 1125
1168 8976
2510 4239
310 7996
6438 2409
8562 7891
9447 54
474 9412
1061 1886
956 4363
9054 9992
2538 5754
3173 8352
3741 4033
2385 8023
751 2012
2209 6408
5716 6079
4932 9225
2854 4306
6492 2440
1576 5050
703 838
5893 8155
1016 1722
1127 7860
6504 6130
398 2819
9939 7113
6992 4350
1304 8257
1991 1015
4900 9945
8577 3779
5434 7942
2129 4198
1022 9733
7886 6201
2878 9120
72 3597
6836 2565
4712 1498
4968 4991
6578 8526
7354 8709
3069 4030
2113 9740
8755 6859
964 1168
6981 8016
8837 6648
210 5857
8299 3331
7318 8314
9635 6521
4258 4214
2891 7109
3913 7616
157 2880
6730 897
5393 9843
2436 1160
1946 2343
9588 9381
6598 3549
6429 5526
2414 6763
1174 8493
3840 2392
9130 3068
6018 1558
4968 2217
3600 5379
5349 9251
2335 5090
184 8572
2043 7201
5378 5856
3499 266
1393 395
2562 7982
5298 2086
6743 9726
3685 3760
935 1402
6942 7074
798 6190
85 1100
5022 4118
2911 5849
3890 1094
8086 1000
509 62
6186 5002
5180 901
4909 2549
6349 1825
934 2394
9616 5947
1515 6681
5282 2974
3971 9771
4928 1796
7137 9469
6573 438
9571 4810
5123 6091
6432 2116
7644 6770
7037 3044
7349 885
7208 1729
4717 7932
5990 2287
248 1552
186 2963
858 300
1106 2446
303 7452
681 8597
7243 4348
3285 2164
9851 3730
1958 9814
1324 5799
2347 7433
1376 3721
1622 9750
7034 2925
8084 8358
7356 2487
3358 2681
1457 9785
9339 5019
1255 3071
7303 7163
9199 7064
1399 4826
5658 6311
7808 3295
9693 4289
6363 1713
68 7556
5507 3215
8825 9649
7686 3628
2069 6441
8259 9945
5795 9494
1663 6073
1634 2014
1867 8029
4590 9837
4900 4543
7345 4597
8501 2927
432 8385
8704 1931
578 6309
3180 9472
5282 7056
6658 4850
225 8955
3610 7805
1434 6874
3096 7646
9098 6425
9817 4290
5927 2492
3167 5702
3427 6801
6187 7899
885 5952
6180 2027
3715 1616
4750 270
7172 828
9505 9368
2050 5808
