2024
8599 4994
820 6725
4261 58
7461 5346
3762 2938
1272 7217
9023 1295
3091 5923
1975 9175
6988 3600
5498 2098
830 7721
5004 61
5541 9256
3341 3509
1604 9284
5777 701
7613 9347
9584 8791
5464 8285
3921 6989
1057 5178
5032 1989
2221 5094
4522 4756
4024 4582
7683 4787
3961 4724
4352 7750
2947 9295
4188 9842
9291 9796
1602 5888
1928 9600
9669 496
2863 1335
6126 9720
5695 4457
210 8252
9279 3825
2673 1915
7359 2383
6314 656
6356 4099
4843 3442
2989 7960
6412 8736
787 7497
1228 6533
1401 9674
7553 9939
2487 2587
7179 5753
3642 8846
3119 3539
234 9461
329 7542
945 8036
2206 4561
8907 6252
327 9451
2502 4923
5373 2160
3794 6301
3114 7830
3648 3719
2107 5362
8456 4247
4909 490
4273 4274
7913 6600
7125 2992
1777 9331
5972 9888
8844 6141
9380 1024
7873 5944
3649 381
2079 2154
118 6584
3925 1454
1173 2386
2573 4977
1994 9145
6589 3194
486 3368
4917 1509
2428 1255
8018 7321
5905 6088
5379 8305
2827 7367
7389 3847
9642 4305
6864 1712
8798 9078
2381 9653
8453 4693
9394 6840
2922 91
7187 7709
1565 9309
6011 7544
827 7231
6413 3420
8742 5701
2823 9952
3661 9068
909 6252
9986 617
8776 1567
5123 6553
6762 853
1762 2513
5918 6967
3203 248
36 71
5915 1875
9980 2638
2897 2221
1050 144
6230 5358
2498 7761
2955 273
6411 2968
5442 2630
5880 9669
4713 9899
7648 4607
1017 1764
8583 3127
1219 3390
9311 3723
1108 5186
3450 6357
4706 7912
2126 3648
7410 4184
407 9477
3370 667
5554 600
3650 1387
7961 8586
4270 1053
8008 6596
4787 4750
519 9780
357 8952
6373 6660
8091 6727
4069 3882
3552 9307
3189 9595
2639 6529
8058 7185
7088 7875
1739 2954
5491 5517
3019 92
6418 8898
9136 186
352 3267
8089 5157
7719 3426
3547 499
6294 4050
6401 8565
2208 6110
7098 6848
6949 8094
9090 3848
235 2726
3744 8839
9767 5925
6714 9689
9209 168
2392 8632
3895 4774
8497 954
2432 3164
838 762
8706 8457
7816 6229
8568 3535
9684 7527
8287 3356
6470 581
5064 8996
1317 4507
4549 2381
7445 2794
2271 2617
786 7865
6630 21
4341 8251
5615 9876
3792 4077
554 5972
1644 9454
2166 1494
4620 2150
9162 3750
7476 5107
2868 939
5936 4312
9936 8485
8576 7141
9635 6743
6686 3836
1769 7481
6789 1746
8338 2758
9554 9835
2471 796
3541 882
5461 3851
9415 2455
7392 9382
8104 7359
2667 4131
4452 3779
257 1611
7047 7018
3185 4941
6864 767
7843 4058
5347 4745
5057 1343
7043 1625
2858 2355
3815 6901
1067 8470
2382 2540
5154 1227
444 7443
9581 3113
8537 5284
3436 7155
8910 3803
5935 8648
3152 7062
6215 7580
7305 8611
7737 353
7936 689
8059 7476
4179 5100
3169 3387
1499 725
7369 7076
9206 7103
9535 2392
3988 7619
2240 3083
1882 3732
9619 5901
1297 7611
3518 8683
9155 2551
8011 2704
3961 6206
9440 1243
3557 181
1130 7220
9843 4663
2852 1039
305 5704
5740 7587
6718 7987
1102 953
4233 7632
7680 8318
4983 3542
5746 9794
4132 3119
5413 8124
8049 8938
630 9099
6537 2000
7107 2959
8542 6455
7543 9963
6802 8571
8649 1800
1895 472
115 2008
4163 7115
744 3299
9346 4324
2038 8209
2065 8735
5081 4955
1055 7714
4770 3543
7520 38
7375 4038
4928 7336
2895 5248
4329 9294
8387 3255
9382 4743
4060 8679
1453 9328
4032 2946
747 9474
6112 1499
4746 3580
4601 5220
5363 1568
824 9246
8939 6215
6973 7775
7498 7398
6223 6725
2954 3264
8689 9626
2099 2946
2645 343
3812 785
7055 1029
9490 5585
8304 7154
8630 5803
7934 4854
1732 5185
5035 9418
8911 4787
2735 9418
7400 5666
292 7537
7215 5241
9983 6985
2549 5611
543 5255
8398 8220
5459 7006
9666 7790
8050 8178
233 5675
7706 7653
3475 6195
9504 4260
8487 6751
2477 9826
3399 9488
286 8793
6701 2886
5359 7867
5058 828
3586 1628
823 9667
4274 2301
2885 6917
5206 369
445 4644
3915 6603
4321 5198
1156 4025
4325 2295
5696 1033
6288 8045
5830 2836
475 2653
8065 6755
3685 4423
2022 8478
4620 8394
2533 4903
272 3399
7490 4506
3179 1719
3893 9581
2885 1802
3431 66
2938 7295
1897 9033
8359 7560
6821 195
4947 9565
2496 637
9062 327
9971 3730
8920 9803
3207 2180
8687 8700
1436 5743
6200 3535
19 3214
6765 9916
3350 8794
5885 4289
4524 5952
9301 6761
4458 9857
7198 6630
6070 1702
9334 205
4015 3113
9604 8990
6752 2245
6297 180
7358 1752
1475 2360
6810 6169
8193 9437
8902 6762
5694 926
4311 4266
3743 4603
5545 9742
3998 7963
9251 9250
8857 8988
57 850
2764 8427
8794 7896
9012 1050
1368 9370
2494 1151
9941 8936
7612 8446
1364 8896
726 2172
6597 9831
6186 2041
375 477
5469 9191
6411 3322
5896 2741
4384 2909
9630 8688
212 8170
1675 7866
1123 9599
5815 8872
3824 6364
4601 6935
7231 1629
3438 9082
8459 4076
534 5751
9234 7321
2995 1449
7627 8834
8081 6786
213 5649
1241 5302
7615 5228
9323 2362
5216 5646
7564 8080
8980 6242
6236 8223
4196 7590
3858 7269
9845 6771
2567 2736
4445 4825
6965 1514
8419 2851
6153 7063
9725 1541
1210 5550
9232 58
8701 6458
1696 3288
5601 8542
7467 5099
6412 3122
1803 8725
5729 5886
6987 1134
344 6060
3071 7443
9261 182
8789 41
2480 2203
5257 1380
2507 7141
7021 3029
8227 119
9754 246
8604 1534
8148 3465
2377 3728
3798 793
9339 7995
7314 9382
3313 3396
6385 990
1132 7335
9536 9766
8267 9300
8681 8678
1166 9178
4770 5352
2595 9873
6229 8348
4156 2240
726 7994
6540 8798
9691 9985
359 4234
4896 7742
234 4330
6856 4573
5040 7147
63 2155
4856 2298
1977 8826
26 8363
8263 7744
5830 9011
4901 220
8167 7398
4630 5329
6245 3888
4427 5129
6553 289
8133 3446
7201 6901
2357 5576
6596 9391
2526 5376
4730 3805
7285 1081
978 5403
9611 5343
392 7978
8274 5427
626 2201
4965 1444
9642 5864
5790 3412
784 9216
7652 5716
2169 2011
9549 5502
8643 6207
6158 2363
7181 4619
627 5181
1193 3183
1481 4140
9596 1018
3529 2135
1491 5111
7667 9571
1159 3048
962 1506
7622 9573
9394 2386
7675 4376
3447 2619
7358 7269
7554 8935
1949 229
6943 4526
7584 7939
5435 6120
7139 2589
1589 5832
6184 3742
3588 6677
7272 159
2784 9881
2847 2460
4566 9568
451 3408
4863 7673
5614 9326
7648 4765
6972 2352
9684 12
8025 2271
9917 7327
3657 8314
7064 3301
85 9596
2005 5850
313 6982
136 2485
6902 818
587 9747
6897 3706
2432 9385
4650 6590
449 7484
852 1355
6969 6984
5243 4767
1591 5934
4547 8253
7688 3431
4755 884
9562 6676
9324 4280
2666 9317
6206 4308
4763 5286
2035 1637
9724 3674
7586 1579
2048 2307
4081 1268
979 55
7152 8479
5257 6010
4066 3260
7090 6334
9219 6401
8218 1271
3725 2582
4853 1765
13 3763
7488 9822
3389 4146
7172 7837
399 8150
8432 4359
5327 1991
3196 2772
8088 1994
9693 4608
7089 4859
7617 4569
7825 5771
3144 3057
518 6522
5411 2021
6985 1700
1174 9100
5754 4426
7909 7972
8269 6170
9675 5733
9460 6646
1417 2217
4225 5068
35 918
6460 1723
5928 3776
9341 4038
4450 1693
2391 9761
1789 9655
9945 3298
4528 603
3718 7841
3938 6371
5945 6957
4016 6095
7548 8045
9841 4175
2287 6352
1175 7422
8477 7182
1414 184
2924 3586
4712 2987
6479 9979
9103 1552
85 5418
9168 101
7957 6052
707 8742
7952 1752
1897 1625
540 905
6376 2498
9889 3472
2976 1873
7604 9907
2669 7295
4507 9969
7948 8051
7109 3178
1792 9468
5823 293
6799 1507
1893 1302
8170 2445
5801 5133
5911 5730
2366 6474
995 5811
2218 4682
4425 7689
3597 8137
4717 4892
8450 3032
213 8331
1527 9086
7115 216
6038 1082
502 3179
4528 6782
435 2816
4056 7266
6289 295
7512 8025
8546 1965
7802 2750
92 5408
4763 7015
7207 1040
4342 5923
7826 4331
1223 2022
5954 4911
8894 5683
6066 4205
2249 9161
2604 1226
1915 9459
3719 8076
4491 8985
5808 6800
9868 8158
9641 6811
2176 8058
8642 4310
7315 8032
9398 1110
6828 3233
6636 3626
659 376
7367 6557
6042 1228
2290 2279
6268 4150
1099 4456
1558 9267
3712 136
9883 8168
1572 572
3695 2635
8891 3220
1599 43
5881 1470
1120 6664
107 1523
8507 9415
2076 40
1045 2953
9059 4018
9853 5107
1142 485
8250 9285
8522 2640
1923 2893
2256 5838
8659 9373
4120 600
5727 5757
5073 3564
5657 6216
324 6054
5615 2549
9848 7787
1459 3669
4117 5108
1284 7861
3120 3670
2813 3472
8647 4899
9312 5185
8112 8166
8602 4760
2705 4740
8855 5888
8850 3423
9623 6964
9142 1169
9141 6296
941 9404
8316 2175
774 3329
49 6685
4914 511
8735 5720
5455 5999
8016 5320
4877 3282
9738 9853
1854 3641
7510 3832
8408 7507
8051 5702
1843 7328
1227 2347
3612 4677
4831 9670
989 9846
7904 9004
6602 9325
389 7424
9461 5286
1656 9955
9803 888
1619 5350
5758 8052
7146 7076
5047 7117
9845 3624
4935 7225
7368 4256
2904 811
4707 7035
6621 5395
9513 2263
4027 8673
472 8650
3096 8930
7937 3138
8386 1112
7319 9219
8096 6810
3009 7123
1396 1369
9411 9295
9904 5096
2506 175
2083 828
3449 3207
8572 4213
5572 6840
20 4770
5478 616
9567 5278
7192 1451
6773 5529
1229 7418
6553 3971
2597 8386
9867 7818
8934 6616
9268 4093
483 3665
2129 3358
4788 7865
9133 5374
1617 3588
1359 5726
1296 914
6777 8253
5100 293
9009 9233
5108 6790
1040 5839
9441 6018
2816 7546
1156 2554
3194 2082
2200 4568
7666 7171
8639 1083
4715 4863
7296 3781
5871 9816
3816 6084
2789 9529
5782 9939
8695 882
3434 4659
9291 1702
1301 6570
2059 8008
6664 6844
4607 3958
8648 2265
6070 2142
1939 4520
8061 2247
9191 2712
1322 2473
8058 9393
7771 9895
5666 4594
3472 3097
5822 6132
8917 8093
8676 5712
9324 641
3842 8585
2257 7599
6593 6941
1797 3493
3825 6933
7744 6078
562 510
9340 4221
2875 1325
1651 3480
6243 5004
9954 7918
4504 4829
5506 2481
7406 6404
8286 8308
6071 6190
765 164
9080 7598
1665 6203
8216 8707
9662 5788
6447 9508
6309 8
5847 6931
1393 9266
4776 5860
6893 3318
1566 4649
3752 9142
8424 9678
9850 5722
3206 740
7446 5536
5447 7239
4022 8396
3551 415
3405 6614
2592 9444
940 2077
9900 7234
4720 1784
5625 8108
7689 4170
9363 9509
7271 5049
3271 1166
7678 4533
7045 851
4360 8955
4657 5026
6203 155
8922 4926
1226 6293
829 1926
2097 5210
5379 4357
7323 1028
7278 4866
8410 5623
9996 8501
6626 9749
2005 5803
7997 676
1010 7522
9825 8001
1414 868
1335 5621
1023 3257
6694 6088
9996 8089
2032 9771
1724 6213
16 3458
203 6910
6459 3476
6650 5270
1929 3631
9721 1457
9768 2160
8149 6270
4391 5906
9349 9407
6863 9001
7340 864
4046 4968
1315 6706
7936 829
3976 5563
6857 2961
173 188
9524 3097
949 5997
7838 1403
6898 7739
6208 2530
2309 2266
9033 5711
2355 7888
9182 1288
9396 8779
8723 4263
9108 2349
7138 9263
9627 9829
7981 5772
7053 2728
7946 5702
4117 788
9719 6288
9180 5706
4156 1358
6764 1507
6151 9770
6278 3207
3719 8002
7786 7609
6195 683
9763 7722
8568 1956
7196 7120
3431 4115
1233 7585
3138 5362
991 4053
8298 6386
9516 6717
9531 7816
5861 9042
4069 5023
5871 5862
805 9708
3006 9379
3865 2951
7877 9232
5821 4309
3443 8127
945 6509
2456 3496
5929 4114
2696 8939
4928 7955
6565 8100
1666 5596
1590 5770
4266 2328
8271 574
3297 448
3676 9449
2128 586
1506 3926
6143 4219
2981 2011
7227 7560
5010 6464
242 6048
2537 6834
6351 8919
8689 7635
6615 8864
3266 8355
5997 2339
4397 6634
1456 3965
1980 4969
8747 6808
8715 8548
3749 2864
4027 4619
2631 6728
6046 206
6936 520
4407 3733
961 4750
1774 8932
1453 2253
2418 4426
154 1396
7597 9846
4135 8461
5328 8602
8145 9891
2219 6409
9800 9396
6282 421
4629 800
4273 6489
8251 3469
1655 7484
4309 5647
7016 7925
6708 7173
6938 9132
7195 6905
8532 522
2942 3631
8244 6265
6044 7007
4963 8603
5753 5838
3874 2012
2714 34
1372 5686
1413 1134
2221 2657
7919 9667
2136 3571
2104 3013
1346 5148
3704 2309
2410 1075
8869 4420
3774 1816
2059 4648
7659 977
1010 8514
6702 9645
651 5051
7817 6530
7605 425
3154 838
5342 9133
8778 6831
9449 3701
2285 3032
6139 2861
2989 759
5862 9849
8258 4788
6895 4985
1021 5818
4104 6755
3397 2110
4028 3152
4705 3269
2244 7163
270 4791
1554 1427
6795 4148
7556 4788
8972 8312
296 8990
9789 623
8087 1174
8567 281
7806 140
944 5075
856 3968
3900 3893
9345 1883
6516 9806
5418 4522
6068 6527
3409 9781
7965 7942
4204 1049
4479 3634
1688 2443
8956 9080
315 5715
2152 4300
6841 9264
303 6573
4644 3646
3742 1294
1711 9658
3140 2593
1975 2319
8611 3394
4065 9809
8271 1121
468 27
452 9932
7851 2840
2031 6432
7198 5360
2898 1125
6657 1852
7603 4489
3091 7625
7083 6973
5191 9004
8851 2221
8588 8022
6979 1906
4805 1115
9573 9614
5648 3269
1704 6531
5556 8839
3874 1508
2801 7863
55 556
1432 1264
5714 9675
2781 572
220 1664
2358 9157
4275 8757
8723 2132
8612 2866
2998 3866
55 9430
6716 2387
3022 9959
4901 8071
6683 6640
736 8257
7610 626
5343 247
8983 3024
9696 380
9851 2973
1567 4080
3305 1095
177 1517
6961 42
5435 4897
9600 9503
3522 6601
8785 4884
6903 4377
7400 324
6995 737
1131 8318
52 4082
4170 1816
8497 4926
6892 6402
8138 466
7075 7263
8595 4542
644 8668
392 2349
2767 3984
8923 851
7589 6167
6747 8070
6433 2362
9211 9852
4367 6184
1461 5098
2794 2755
2350 5392
209 7827
1079 8206
4251 8582
5420 6679
3867 6310
4445 7004
9387 3414
1015 6949
7806 9781
2734 2905
713 3146
1043 3431
9269 3209
1108 6520
138 9510
2587 1614
4749 7861
2514 7086
350 6197
6132 9057
127 3718
2939 6589
7375 9344
2378 1790
271 9308
6214 843
6454 9634
4389 7820
816 4854
1234 1710
1600 5193
2068 591
7051 6353
9841 1902
9718 9926
3379 2090
3510 9251
7595 6549
9552 3229
9711 1850
1639 2071
7976 8460
2962 6882
6761 4970
8276 9056
944 2829
8737 1124
6269 3016
7684 5536
2297 4200
6908 408
8730 6617
2208 335
4368 1371
1474 1927
7413 6989
9386 7007
9555 8261
567 3275
3827 2188
8458 5812
1250 2042
8889 5845
6613 4538
6130 868
7215 4811
3361 1103
2958 400
7236 4099
3802 8913
1977 2680
2941 4837
4854 4147
8037 9130
5672 1380
914 3697
136 4094
4787 9407
7914 2677
704 841
2945 3566
1610 7858
8301 3035
1916 2238
4032 688
1613 8103
1700 3839
6120 3296
1590 9841
8836 6359
9750 8949
3967 118
5092 9638
4903 4200
5275 9298
7773 804
2369 6182
1895 4863
1170 9683
440 7054
9132 5385
3913 956
707 1987
8030 4405
15 8672
8839 1213
963 8688
7231 7660
1711 7353
7818 3484
9239 5100
2165 2736
118 8185
7558 680
7067 7245
4438 1055
5489 4287
6513 6332
2053 576
1433 5553
6689 7852
5903 2034
160 4441
4036 2773
15 8042
2741 6445
9515 4516
7277 5384
4883 9156
5624 6834
2654 8909
8448 5764
8479 9365
4448 7400
5149 732
1917 5789
8946 913
7370 7013
5032 189
9384 8082
1802 3705
4866 6245
5994 4860
4110 8483
8485 3377
4018 8491
180 3094
6995 1669
8093 6143
797 4405
7903 3213
5357 8540
7899 4158
4327 7575
7090 1244
9333 6776
9465 4872
457 5665
7074 275
2995 4952
6238 7048
4973 9091
7600 1629
490 9721
4930 1066
2607 7876
6409 9642
7756 7358
2186 4455
7089 1050
8730 3500
163 5765
5834 8963
4984 1176
1969 1642
9954 9757
2532 9372
6257 1174
3154 5521
7801 9541
5149 6405
9041 5265
5970 9917
8349 2379
7040 838
3126 803
9392 6285
8510 6310
8716 7438
8893 9869
5540 4032
5979 1946
9896 1965
2590 4991
3442 9647
3693 7929
144 4334
1703 5955
1621 3372
3741 2167
8519 4891
3898 592
3150 5852
9889 2713
8995 3371
2851 5998
396 2018
1369 7759
615 1372
9002 9971
5500 3308
6961 7892
3476 7153
7748 2700
1503 7754
8041 2499
5431 877
1031 6217
1003 4330
5603 2605
9264 168
6199 645
7493 703
855 7925
7002 5884
3766 6948
2659 9906
8821 3315
5359 2601
2377 1345
1046 259
556 7179
9628 5785
3801 2253
5197 8927
427 5226
8354 6565
9622 2636
4696 5484
3395 2540
4774 911
7783 2451
8537 9614
3421 3787
4414 8493
7465 4142
1561 531
2388 1932
7392 889
2409 676
8592 362
3333 8806
5455 9318
3434 7166
9275 468
8786 890
164 4526
1798 1390
5634 4230
2570 3491
8825 6114
342 7317
8103 6111
6101 5858
1290 1441
5998 5363
2887 2492
1507 9305
1968 3776
3337 5769
6702 4628
6075 5438
7006 2267
1637 6082
3206 3133
3163 6986
749 4723
9433 3369
7327 950
8501 4506
4700 9750
2519 1916
7493 4314
9382 549
7995 5560
8693 1700
8026 4614
9601 5284
7667 9022
1557 7638
7177 8361
3858 3014
2447 2804
4226 8178
9132 8615
3879 4639
5446 3066
2904 2319
1905 5453
8183 173
8718 698
8931 5463
5187 4226
3029 5691
6751 5538
7536 9445
6931 3160
2737 4866
3041 3509
8131 6574
4042 8684
6060 5032
9299 6095
5845 6212
1086 1084
1418 6913
1519 8782
8840 6440
577 2458
4657 5979
6491 8078
1595 4888
9031 5250
3276 2983
1063 9973
9342 5247
7889 4383
2172 9437
338 6020
8491 802
3550 7180
2912 8190
3104 6710
9294 7518
8021 723
353 4398
4912 9438
6302 4933
9369 3061
6507 8339
5875 6543
985 6520
5094 3178
2908 6751
6230 4332
7943 5819
5654 9308
622 3101
3710 7661
7426 9665
7783 3398
7610 3979
7330 9984
9731 3455
5647 1597
4974 3803
8167 1549
5138 3543
820 7642
4112 9970
759 1317
2233 3505
2260 5386
7149 6246
4692 7613
6383 6666
8182 1390
1271 7638
6866 8750
3637 5053
8750 573
1991 6019
8632 2713
8024 6032
4170 6642
4053 5580
4433 7533
2168 2604
4700 9818
6628 8540
3215 3621
9428 801
6047 3949
1433 8503
2967 7252
7101 3667
5117 2094
6226 5330
4110 6941
470 932
2644 6568
7596 7434
7420 2669
3400 6410
1398 2192
9956 8305
4082 2436
2193 3388
2611 546
7336 6552
4930 968
4879 9758
7557 9881
6039 8235
3001 7565
2560 2214
7518 4594
198 5568
3040 5091
6281 4064
5498 4071
3278 7551
4361 9914
2189 3808
823 4690
5781 5393
293 8440
7429 5099
3577 4403
7393 6134
4921 3993
8254 7135
504 4628
9488 6571
4201 1410
4537 955
7548 2756
3933 5973
5720 5450
4315 1220
2236 5391
1774 6618
180 3921
9685 2437
7477 2670
4194 1581
874 2642
3421 2005
4268 2714
991 2295
2514 6797
1567 7122
7815 5646
4370 6302
4522 1394
3908 5361
6694 6637
2390 3935
1422 8281
7011 5175
1183 7178
2957 9463
9628 3556
6248 1116
9044 3582
4742 3907
6993 8428
4789 7533
476 3173
1287 7725
5878 3987
2057 279
8900 7703
8351 599
9982 1663
6246 8756
2823 8602
1411 1184
2558 7891
4247 5915
7160 8424
4463 3647
2386 4772
7308 2302
2646 3626
574 2793
4396 4050
7336 1315
2733 1606
2486 8496
3814 7938
1058 4083
1350 5712
4226 9858
2458 6293
893 8587
7317 2543
2653 1038
6866 7343
4793 2715
9206 3216
9710 6547
8750 9106
2231 5253
9506 9376
1589 4503
1880 7207
4946 5836
4986 3676
7103 3350
5712 7217
1872 1231
4257 8520
4540 2818
1910 4949
6054 4903
6112 5420
4048 5845
1107 4883
1107 7284
7414 7587
9582 8930
1710 583
3568 1717
9447 9826
7462 4873
338 8876
7386 3141
9994 8798
9387 310
9485 4153
9972 6002
6272 4900
2790 3102
5287 4908
8622 2979
9049 659
8143 9725
3959 549
3466 7035
8678 5172
4181 9917
6957 724
1998 4490
9958 9911
51 6400
1898 6867
8477 6645
9787 9574
6107 5242
3418 7639
9752 3071
6907 632
9664 5247
4198 1204
8503 5623
1137 4522
3117 8273
4791 1937
1778 9238
8292 9321
6392 8766
4934 7505
2540 1792
9660 8707
1799 8897
1599 2086
9151 8258
4081 9231
3531 8069
5491 226
3320 3476
663 5995
8850 9305
4435 953
8223 9530
7005 2690
8594 8815
308 671
4457 4128
5038 9165
772 7918
7337 5729
7873 7690
7803 6515
3946 866
4800 8676
2519 1149
4752 630
9316 687
5440 315
6715 4341
1539 8100
7401 782
4850 9608
9699 2572
8805 2146
6218 7642
9753 2275
7762 2408
4024 369
308 5060
5408 4665
2679 7839
374 4286
7050 5211
5770 7961
2345 5030
9564 1360
3201 9899
1164 3329
9636 5318
4898 367
5139 8145
1251 3513
8461 8447
1929 6402
3569 1021
1990 2141
40 2476
140 2124
436 9461
7443 7263
7294 5672
8110 8718
6216 7407
9898 1899
5572 3923
7451 417
5620 6925
8305 989
9707 7250
9526 968
2502 5429
8168 8844
8280 9588
1397 7926
1336 9946
1352 7349
1241 2655
3826 2277
2105 2173
7659 1812
7085 5086
4859 5887
4690 3297
7270 5258
2973 8588
9461 8141
2772 2028
1460 9766
8486 4901
9643 565
6688 1499
3508 1675
958 3886
9661 3232
9669 9716
5160 2807
216 4017
5422 4036
9319 8887
3494 6863
1532 5149
3941 5769
8681 1872
5519 5142
7365 8551
7436 8752
702 571
993 6200
6104 8953
1278 372
4557 1059
4644 1201
1142 8748
4374 166
3501 6822
2292 5417
4015 18
4526 5856
3968 7743
6792 2783
2355 4949
7816 3862
1928 1493
5770 2425
6626 3601
7325 1225
8682 7436
3114 6966
3195 7088
4181 9146
714 2470
1992 9612
4180 1692
8094 907
3296 2818
1816 5386
8961 3609
9317 2592
2570 8274
2492 887
2472 2440
684 5380
1968 3259
5771 7419
2259 4300
4229 3012
8914 9026
5575 649
7497 1347
7953 5826
3506 551
6231 4912
9972 4464
8803 6142
9754 8506
8067 9858
3235 5269
4030 2663
7595 8292
6420 9099
2638 7142
3443 5684
7143 5559
8704 3584
9357 4593
4608 7747
2850 2509
8538 1158
144 5245
3957 2808
7773 7182
396 3407
2930 9278
2910 6559
9107 434
277 9681
7782 8066
1724 3007
8412 6565
6045 790
667 7939
997 382
616 1243
1664 2621
4279 6584
2711 8751
9760 5206
8499 6686
4306 758
135 5745
3241 4357
839 473
3303 8168
6960 1911
6782 5577
5153 1478
7975 4614
9278 2593
7195 1013
5002 9176
2542 7033
4450 9081
5264 8639
6916 9745
4821 5350
1267 9732
2576 6253
2019 1037
4080 6048
9038 8027
4413 3388
1734 78
9867 1902
5441 5830
4588 2521
5009 8128
8209 339
4093 2859
5550 4663
8755 5589
360 2926
2278 6215
159 6633
4251 9831
2085 2791
2800 205
7383 5595
2668 3522
3152 1659
9222 9349
3211 4690
8862 2806
744 8130
9959 1284
7019 3835
7433 3596
2765 1595
9075 8828
893 956
3524 329
6983 8308
6421 4323
693 762
