2020
1793 4050
7433 3057
5872 7112
3512 3917
8713 4600
4677 5865
1416 8254
4435 177
5154 2908
5041 2462
899 2438
5255 9939
4713 5862
9514 1552
1830 2134
6420 191
1438 3926
9079 2684
6508 6966
816 2194
1345 9286
4076 8838
1891 3190
3236 8036
6659 7930
2154 3380
9413 5585
3774 7436
9777 902
38 560
9911 9920
4950 5132
3168 7703
1059 8333
811 5042
3677 5640
3564 725
6014 9267
2916 5869
2184 5938
5582 298
8545 1624
9939 1705
2233 66
8859 4489
5976 8029
1918 4104
2586 4807
364 5550
5447 5642
6309 7550
5703 5136
7362 8454
9262 8448
3746 9922
6465 1765
6900 9960
7638 5990
432 4437
9360 4042
1398 5417
9238 3945
4156 4764
3172 2297
4008 9665
2500 6386
9275 1529
5389 9483
8760 8735
9345 5197
1550 4758
6965 2852
1346 2532
1370 5429
3128 3224
2462 6699
9698 1338
3231 9999
5372 4122
9599 6503
6077 4794
149 7120
1979 307
3895 2383
9214 1306
1916 3370
7050 2970
7744 9025
9163 6791
7308 6360
6087 3843
9774 6628
7545 790
4340 1040
4467 7662
5258 6650
8078 8702
3778 9902
3481 8239
3118 4246
3074 6257
6322 7334
9473 3647
8097 45
1664 3719
6339 1373
7632 1707
9854 7409
8527 3886
5256 6864
2762 5120
502 8403
4200 4987
8541 7918
2643 9939
130 1999
6545 6947
7634 9901
6493 4352
4619 3596
5159 4191
9413 239
4760 1198
2760 2941
3862 1585
5147 4275
2568 8801
3658 5281
1638 5078
9973 5168
8302 8691
9163 9333
3017 5295
5874 4364
1096 6271
2856 6214
5311 6572
1334 8290
5756 5724
2769 9394
8733 949
2969 2802
8710 8436
8539 4644
8781 2316
9401 5008
8552 4672
8678 7118
3304 7083
9000 4168
9132 6792
3479 1846
8758 1752
5507 3994
3857 6411
5290 793
8175 9005
5423 5903
666 2266
939 5534
9103 6316
157 4055
7592 7000
175 2762
8930 1348
6771 6428
3846 2784
3100 7417
3988 7452
1322 1979
5011 5231
714 2765
3657 5037
4179 8609
219 1356
2356 9878
7534 4370
9285 2196
2280 3957
6915 538
9822 3496
2678 2295
5774 47
2398 9271
4142 3452
3999 6364
9437 7350
5907 3201
2253 3544
1580 2796
5982 7339
4730 3886
9653 7905
8672 5264
798 3858
4354 2478
6962 4289
9567 4595
8973 1354
1365 274
2646 8148
7798 7834
5303 5381
5217 9965
8526 2969
6501 6823
9911 4503
7875 9609
1284 6101
2351 3190
962 9717
1725 4467
8299 2650
8094 1423
7504 8549
8223 7599
2987 2147
5684 4083
7812 4744
2868 7371
6535 887
8506 3396
8332 4410
2733 3564
3300 6649
176 1956
7665 2546
3468 1295
9213 8353
9203 2607
3765 8218
6921 5380
6065 9090
1658 8149
6150 4272
9610 586
8277 9784
9395 6547
1423 228
4809 7200
2456 7883
772 3245
6045 5643
7353 4679
7899 3797
6603 3443
8233 8239
4219 8802
6163 904
465 2093
8037 3327
2545 1961
201 6148
7906 800
3733 7691
1021 8310
1951 7785
5902 2100
7026 8857
2135 5574
1454 476
6568 6536
1794 8898
5665 1710
9261 9983
6535 9520
272 1035
5494 3342
2171 9763
1116 9040
1236 2963
2268 5540
8504 6898
6143 2693
2251 4682
2390 1964
8315 6685
7409 2001
3373 4282
3727 6296
2210 441
7595 8294
3954 6097
6055 1682
8102 9496
6478 8163
5402 4172
170 7822
1797 5702
1157 107
1048 2346
9487 1314
7440 696
2180 6685
7030 849
7922 7392
3651 3562
8653 4286
3998 5404
9396 9727
8469 3015
3144 9597
3181 8560
666 7729
9419 1474
7325 4181
3258 2170
2400 9066
130 4503
6871 8240
1523 8102
4761 1442
3536 6200
2354 5017
4206 3752
6032 8428
3510 714
3197 1723
387 9223
9239 287
6228 276
8192 871
50 1576
3346 931
4946 6477
2156 2579
9663 777
6592 2671
9439 2033
2455 3747
9271 7162
8982 6961
7573 4696
8467 137
1630 890
9104 8277
3571 4833
6019 8146
4522 9625
5628 6
2025 7913
6191 8868
5708 3327
5031 3678
1059 1893
4624 9276
7013 8216
7529 9427
7099 1542
4224 4951
9808 134
4266 1520
7987 9458
7443 1649
9486 8126
3293 7433
8913 9636
3902 8035
2581 3442
3566 276
1627 8156
7875 7880
5072 928
3993 5208
9170 2099
4532 8896
4686 6140
8188 1748
2834 1704
1890 2503
4068 3094
4229 6346
2913 4198
3779 9972
3504 2656
7680 7876
5422 4791
6287 1852
9014 3521
1186 6646
9555 1536
9337 1953
4815 4481
6437 5319
8163 8260
7341 7907
7032 7230
882 4096
8180 9400
9485 9007
8652 6319
8244 2156
8022 1118
2099 8860
6102 7973
2629 9452
7440 7286
3732 6327
6844 4985
5074 1177
5865 6695
4434 430
6360 337
4951 8056
7041 3463
79 1356
1012 6304
2179 3084
1961 9919
2276 9459
430 1742
5887 8954
5551 1984
5278 2568
8686 1014
696 3116
9766 1229
328 381
8454 7171
6307 1279
783 9788
6861 3653
6661 7214
5694 318
6682 4272
9349 6267
3103 7377
324 3254
8793 102
9168 5517
8663 8805
7712 1088
3296 3071
5119 9223
3713 1707
2075 4267
6086 2487
5281 5024
3318 4747
4823 5244
4504 7482
8888 5420
2515 5213
5238 9069
9029 8244
501 184
6984 590
5308 2275
3356 6516
2888 5783
2864 1046
1258 8286
2042 4638
218 1382
2666 483
1568 947
5357 6535
4459 4937
5436 1819
2330 4698
186 2876
4470 7260
5056 3011
3479 6480
7289 6490
664 2360
2114 1487
9983 5524
1299 19
2430 8079
993 2424
4629 5066
1162 4618
3459 9973
3117 3803
2637 7928
8453 7516
9985 8087
5539 1800
9467 8985
7623 9956
570 65
149 4100
3719 5699
6284 4362
4695 2735
7025 4027
4016 2554
3964 4473
6782 8752
4516 9147
2641 405
387 5827
8301 3756
8036 8687
8707 8167
690 3143
9926 1845
9612 6714
379 4923
9451 1366
2096 687
3998 9991
3519 4522
7845 8639
7894 3761
2066 6097
6707 5170
1280 747
4013 2330
3815 6039
8313 3809
7508 2357
6591 3592
2232 6847
4362 4154
2134 2267
3621 3970
7206 5843
2360 1063
2737 8060
1179 8212
1210 272
9507 1694
577 4513
9202 2360
3317 4217
1791 6953
5414 5425
5448 9807
3402 3347
2382 7718
2396 9413
1209 4324
2166 3061
5857 737
4585 549
7558 7860
8438 7117
7582 4973
5064 2104
6681 9627
7373 8435
7894 6060
7645 6978
3018 4098
6709 1801
973 4958
5668 4480
5989 2081
3182 2134
4981 7549
7045 3615
8310 7998
916 9890
6164 4714
1487 3211
6491 2506
2569 9740
3824 2811
9305 7077
9279 3836
6401 4632
8885 9263
9248 3355
4262 7976
9693 4749
7149 5151
7996 72
3163 451
5275 8980
3665 8675
9572 5012
586 2371
5950 8344
4828 3533
3265 8033
6388 5525
9006 1881
7173 7016
9074 2159
4131 2553
7524 4532
3232 8559
8370 3328
8491 3231
5723 273
9489 3071
74 6602
2936 3523
5017 4373
8733 5339
8689 4666
8502 2499
9636 5836
5058 6424
4086 5858
7925 1517
5746 3485
624 4390
2494 6760
9744 4968
9797 4752
732 6635
4847 2981
9720 2836
2138 6604
1395 1827
7828 7565
6882 150
6102 2589
7835 7735
601 7346
4452 4046
2711 9565
3880 7352
5275 7330
7910 906
8447 2116
2744 9245
2932 6323
88 8139
3824 6659
7955 5924
3413 6157
2639 8333
4432 9746
697 2699
5406 2953
5071 2538
8138 9308
9066 2992
1268 8842
9720 8332
2902 565
8028 6844
345 4067
4426 9978
2743 9476
453 482
8210 4715
9711 1298
7088 3415
7835 9353
8481 9543
4063 9530
5595 3558
8096 8222
5049 4996
7096 1196
1542 2472
7338 9513
8934 8849
430 1137
9875 2650
3860 9981
9830 6444
5562 5740
391 9314
8764 9916
8973 3836
8646 169
6281 877
8654 3868
7010 8068
940 8538
7482 282
8346 5794
8264 4946
5876 8052
3700 5809
2704 5982
1962 5636
5355 8226
4067 8741
3358 631
6924 4128
3799 2454
5298 4882
2714 2362
5407 6873
3227 5851
7849 1833
8977 1929
9007 7279
9318 7049
8811 8222
9469 2474
7610 7320
2658 6719
8575 4457
7453 2137
2193 8167
9721 1558
3022 7165
2690 7947
8569 1094
1631 1162
7660 3794
9677 9627
920 3249
5701 4153
8235 5801
628 3992
7682 5524
8392 3808
4162 1309
4635 6066
2122 880
3760 1769
8463 1100
3475 5536
4047 70
7874 3680
8410 5038
9036 7377
7027 7479
5828 9035
1750 8673
980 2926
8580 3979
385 2512
894 29
2452 4873
3557 4315
2194 6127
4382 3475
7213 466
612 7816
751 1510
7523 8730
3823 7721
3294 1842
2447 8915
8937 8149
9203 7374
599 8767
2835 7076
5470 8034
791 7508
5545 1901
3376 8508
5944 3526
3143 3246
8540 9143
4116 154
3002 2230
6259 7282
3879 7627
4404 1321
4951 1833
774 3173
7599 2781
9209 1113
9568 5919
5079 5139
1264 9036
9402 2272
6212 8108
5982 6043
8387 1478
2941 4077
1144 2856
1278 4231
3085 2919
4366 894
8026 1824
2338 4074
3767 1919
7824 1406
5123 8124
1081 83
7657 731
3293 600
8769 8827
3454 6166
2326 7532
8921 1363
9298 6086
8906 7063
3779 7933
9826 2917
9922 9672
9750 7363
4238 324
8469 5397
3921 8478
6434 3661
274 635
5934 4723
499 7652
6008 4306
7869 7509
7332 2191
356 8761
4032 8785
7370 9834
4116 9362
3721 9665
2260 6691
6742 345
4896 1031
4636 4853
9732 9673
7134 5060
9417 5085
7055 5511
1848 9785
6960 1493
2027 8380
9985 982
7595 1795
5438 3083
2511 315
6254 1949
1010 7310
9074 6349
1899 3398
2191 2981
5072 8569
2159 230
6163 9913
8522 8331
409 618
8435 7857
3810 8068
1372 4155
9600 8889
8253 9353
4940 654
1710 3072
2548 197
802 5675
1855 8934
9033 1895
2914 4339
2396 2884
6526 3924
4630 304
2015 9054
293 3395
7451 4422
2057 7884
6610 9479
373 793
3669 2952
9692 9179
3406 6392
5235 6255
1609 5994
245 5645
3306 8501
1114 9522
6033 9920
913 9645
9979 2632
9299 1754
3805 9374
9142 2047
9984 7772
7039 7452
458 352
1985 7768
7444 2322
3474 1596
2337 8133
4121 7874
2678 8144
9934 2404
5895 7084
5114 4305
1239 7553
6670 6255
6519 3597
3039 5263
9184 43
2841 2321
1518 3275
5049 3006
3712 7426
6688 5429
8342 9469
6371 5631
9243 5704
1797 7968
1897 8870
7731 3769
3879 1402
966 8772
1473 2781
4161 7116
2225 1326
6250 9525
4586 4261
3931 5561
5534 6923
2639 1065
3258 1952
4830 5606
2433 8973
394 6875
8017 5487
9536 5342
7811 8642
1058 1891
7733 4024
9610 8757
1408 3310
7205 8989
777 239
5259 9015
2332 9237
264 2245
6017 4022
2725 8655
2859 3751
9614 4927
400 1538
5888 4816
2287 2165
2283 8605
2707 7751
9771 1325
3767 8907
4645 7823
2054 3643
9633 7839
8523 8897
1154 5411
8794 9146
7388 2524
7127 6875
2895 4438
8386 1017
2900 8294
1022 9602
6926 1405
5087 2568
4571 4464
6185 7885
1996 515
9758 3689
3335 369
2739 2537
5693 3770
3145 2091
4257 5116
1713 7629
2021 9727
2582 1599
5497 7675
1419 4820
3575 8546
8209 6525
9939 9486
9731 6558
8620 8335
5010 4213
5135 1039
3042 1789
604 398
7719 7543
5818 6124
6649 6567
55 2520
6833 995
115 2304
5608 6619
6927 575
9159 8236
688 5387
5038 4844
4392 3894
33 5628
6721 6111
5087 6077
5871 9114
749 8229
7376 7774
2867 1442
25 6859
6825 4928
5958 8805
1566 148
9028 7473
1674 6162
9944 4611
419 1145
2837 2508
354 1561
4019 1651
7973 8424
4992 5597
9986 1753
9820 6192
1983 1591
9889 4669
7096 4910
5746 7199
4126 4788
5171 17
738 2496
5897 2198
6595 821
4862 9093
3635 4490
2894 9559
5513 1698
7659 9745
170 6231
3147 6173
1709 5736
4829 3221
9162 3587
3475 6418
1941 5012
9054 1842
1250 1110
2425 78
1176 8104
2565 4447
1687 8936
9061 9864
3425 9117
2938 4188
3462 5048
9665 6044
5981 6330
9139 2663
351 2003
6235 7327
8219 1651
2237 5687
3156 4702
6520 1585
3755 1705
3091 1066
3776 1191
6678 5447
4825 8650
2876 7648
1695 273
819 2255
3256 7343
7185 9018
9089 5076
8356 323
1773 8316
5699 8335
8900 2304
5383 2569
7133 754
9177 5797
2081 7791
9014 18
4932 495
1744 7273
5722 7709
645 678
3117 1965
5685 5272
1641 3484
6383 6369
8454 7381
7123 3625
5096 8267
4009 8360
5575 1145
8872 1689
2930 8750
8489 9994
5906 1202
9854 7261
8146 3709
4302 99
7826 7186
3222 6918
7744 4287
5836 3035
7146 7229
1499 1893
4881 1455
595 3507
9563 2843
7719 4109
6380 6654
9432 9718
3149 6524
7714 4675
7398 5891
1913 1462
1258 2033
2531 8264
6137 6099
97 4154
9454 3932
5987 2852
7878 8761
6173 6058
7944 3150
7200 3286
2974 7409
432 3436
9379 6994
371 6497
1765 3790
7979 5630
6522 733
17 506
1353 8705
5991 7537
7991 6603
4254 4974
5657 192
8083 3459
1010 4297
9017 3835
6913 8595
7158 7216
5131 8596
6918 8981
8811 8199
7975 3123
8397 5540
5496 8464
9068 1079
8388 9935
8152 6295
2226 2449
6041 56
4058 2399
265 823
4458 2168
2134 5476
2991 2939
469 8950
7218 9765
4610 6155
5081 8918
3230 4706
3814 8238
626 8082
44 3263
3912 7896
9309 8998
959 8301
9598 5676
322 119
7384 9867
3209 8986
3857 2156
2176 9277
8358 4988
6284 9252
5636 9152
3603 3457
6529 2702
2975 2404
1914 5148
6993 5959
8543 7950
2921 3209
7241 7102
1296 3697
8452 4594
5934 1316
892 4566
6607 5203
4457 6350
184 3634
8178 8403
1859 5782
9037 3422
1378 7585
4042 988
6854 2184
4556 3749
9922 6331
7019 5831
3174 6492
3706 9840
2846 9593
3335 194
6422 7566
3414 1231
6881 5460
4473 1021
8097 4049
6590 8972
6195 2577
6521 3885
1677 1844
5069 13
4851 4724
6162 578
4156 7948
9696 3244
243 913
9184 1835
9238 1981
5006 2872
1624 7806
6252 6426
6368 1418
1257 726
2939 5248
2102 7066
3653 4375
9386 8772
2513 8298
7505 883
7487 642
6266 3583
2197 5615
5313 1845
61 6464
2173 1929
1131 5799
2094 7843
5373 1724
2751 1376
3745 5788
2074 6297
9143 18
8838 3512
561 8083
9416 9246
8681 9539
7810 7645
6325 3833
6890 2583
3323 3441
7899 927
9434 9958
8207 9891
5890 3347
3512 7012
1930 897
8677 5235
4216 841
6232 9753
7429 3863
195 7132
3545 2674
7217 6618
4503 8613
3085 4971
6701 6892
5914 1620
7600 4000
9704 4231
5874 3636
2870 796
9281 2638
8901 6084
3940 6907
2938 8994
2417 8767
5716 2294
646 3435
3231 1316
9905 5276
3945 2901
3839 4784
9351 8052
7947 1802
4834 7372
7611 190
3549 1737
8035 1945
1485 4780
5402 4123
9277 6816
8089 5461
2986 724
470 3079
5113 9553
5628 4058
3267 587
9140 7928
290 1328
7822 4044
6235 2369
3846 422
4753 7522
6238 8255
648 2617
6072 1923
3414 2037
7465 2779
1082 7484
9500 4095
2342 3797
5882 8944
6941 8111
6036 2881
5345 546
4943 5948
7152 6184
6183 5916
6823 4405
7904 3518
5474 4200
3440 8595
3377 533
2105 7098
4305 1472
9032 2701
6637 7163
5380 431
2088 467
4375 3526
8671 8754
4418 5563
1803 9634
4496 7219
480 638
2110 6392
3220 6745
8197 6178
8514 409
3749 9596
497 2387
9671 326
122 483
135 3116
3458 8436
4498 5420
9487 3411
3444 7220
742 5159
6818 949
5974 8053
3240 8302
1388 5264
8827 3111
9574 615
1645 3618
4189 9805
8455 409
8193 9909
3402 7429
7102 5343
7042 1979
2730 7488
1321 454
4411 1609
936 2365
4695 9227
2118 6149
3843 6299
2271 2251
1891 1788
5926 6183
8764 6075
8207 2106
5688 939
7381 8424
5910 9247
3109 7888
1739 2989
4198 1355
3367 9619
2163 7658
6503 8480
2811 1407
1263 784
6383 2443
1446 1588
2495 9198
1100 4022
8049 293
8198 9878
3811 3576
2470 8894
8425 5526
8690 9838
4138 4147
6158 9514
1705 4762
4937 3812
6765 1129
9268 1543
1503 7191
1373 7655
1499 7428
3192 6629
643 1098
6515 8374
1600 9608
8190 4753
9644 211
9866 7127
5220 41
3219 4690
2826 4688
7373 7907
4434 7501
8640 3417
2654 1063
2461 7929
8647 172
9904 9067
3586 4910
1479 6798
8736 1160
8753 3334
2634 7921
6619 3928
1176 2494
9195 3538
1298 7840
3598 3675
9201 5657
4822 82
2749 8765
4001 3534
2004 2424
5346 7202
4643 4109
5582 6051
5698 6541
7708 1630
9853 888
9965 5242
1640 1308
7033 5861
4523 843
2479 1448
11 4505
5323 2540
5996 4747
7518 1618
7909 3209
5505 951
2822 4264
2788 9146
7451 9304
267 6300
4886 474
7022 4785
8530 2955
2180 9010
6537 8195
270 186
5845 9329
8354 2475
7259 7184
41 1879
608 8688
4538 3366
5040 306
3827 134
1426 7871
4664 1291
6192 6321
3982 1791
4257 114
1732 186
9072 5063
4165 1649
6465 6485
5730 8737
7664 4321
6002 6667
3215 9827
9308 1837
5814 7515
9562 9550
7584 9576
2440 6014
9866 8652
265 4350
3852 1615
1128 4106
4001 6782
2017 2036
9414 7671
7297 2200
1060 5799
3437 7315
275 8495
6108 8894
5522 1991
2276 6555
3999 5922
9305 3858
6264 4082
2222 2688
5981 6224
3330 7540
908 2406
8747 6205
8591 7236
3126 3725
7322 7712
5129 1199
6318 9301
9344 8773
9763 2336
6239 4393
8615 9949
7121 6611
5973 4017
953 4803
2570 6549
2721 9858
1903 4785
9392 5674
6301 9079
5522 3578
9112 7429
5728 5130
2512 3633
1674 6387
799 8948
1397 6850
1706 8907
1501 7773
7143 584
6759 6698
5610 1958
8533 1957
9523 8636
7644 7399
6431 3688
262 6920
7721 1798
67 6386
6251 5760
1428 175
9864 8115
4105 5051
6625 1207
5849 4041
8544 9545
8700 5912
2405 2316
1883 5840
9957 2627
1828 2335
218 9974
1767 9509
1392 6439
4565 6740
9612 7588
9195 259
3924 856
3540 1819
5555 7647
6777 6720
723 2626
2132 1583
4486 2417
1909 5564
9646 6314
3279 5651
2891 5622
6063 6648
8974 2411
3524 8917
2860 2520
6862 5199
6391 9449
750 9662
4771 6906
7949 4080
4443 6577
495 4307
1388 9183
5309 7766
7160 3681
2378 5878
5186 7886
7676 5443
4496 6296
2446 6269
7287 251
3449 5710
9322 4357
9849 3663
2216 1582
707 5918
9814 8937
3508 8153
771 597
5042 5701
6988 2313
4905 401
6700 9694
6317 7871
4368 206
753 482
327 9881
4782 7776
6612 8986
2982 9381
3721 6495
3979 4812
7673 4903
2125 2416
3478 4533
3893 7374
8793 3904
3947 4020
4256 362
7725 2109
7032 2931
2695 1609
4703 4258
4733 3639
2046 7960
1213 738
9030 1858
724 6854
8240 2640
5028 8607
9068 7279
5636 7350
290 9508
7858 1309
8117 8157
3187 7363
7372 1435
3037 4964
3260 2085
1461 9543
8476 7192
4713 1217
2680 9651
7127 1870
72 5526
9359 6254
7169 9769
15 4439
4000 4890
9865 6383
3595 6076
2709 3479
6259 3823
3286 8010
428 4382
4376 8779
116 9669
7609 7562
8602 4030
9477 6818
3590 1975
6087 2661
8209 1857
9980 7996
7333 3611
1013 8951
1158 8954
2020 2019
1706 8739
3939 2102
5839 2516
840 6596
5851 6237
6467 2252
6376 1458
6614 3708
9147 6607
3769 3309
8046 832
5565 4136
8575 9587
5119 8446
4518 876
9396 7877
8432 5239
3263 4413
324 9532
6182 8483
1807 8846
1349 795
5302 6056
4310 7059
4341 8547
6643 3463
4599 9215
4101 9214
6072 4528
9041 5847
6708 9153
8388 9367
5791 9235
1383 6252
8099 668
9418 5690
1697 8766
5347 1587
6056 9339
5139 7101
4281 2735
1405 3333
4504 7572
5743 2109
2118 4644
7685 5119
9893 3930
7273 9759
1016 9008
2076 6735
8320 6877
7554 4752
7172 8731
9871 4004
5931 1401
3408 8458
9587 6763
6939 580
3533 9224
9420 8488
6133 9080
7923 7975
893 2479
2337 7024
1638 778
1512 9440
9588 7312
3198 1703
2549 4924
6893 1325
547 1672
2534 6433
1089 1113
7975 6886
3333 5016
9233 6549
1379 8893
9740 8461
8083 817
6236 9526
6953 7874
8376 514
9253 9263
5563 8778
5053 2040
6447 3139
39 477
6273 2691
8039 178
3439 8381
8417 2138
9230 1061
1833 6350
6005 6110
2160 1852
7844 3509
5186 5516
9965 8733
3615 8652
3138 7864
4284 4853
434 2967
2249 5460
3970 8778
8787 5777
8477 6479
6982 2525
1171 4309
5913 4987
9978 1730
6226 1046
1168 6417
977 3062
9654 3120
1790 6923
5212 9514
1624 1277
886 183
143 6610
2217 7984
7923 1354
5524 6956
1653 2389
6844 3923
8986 9050
8926 8609
7502 1001
1501 9929
4577 5237
9133 4936
5812 7112
676 9997
4550 2047
1508 1415
5679 5265
3863 1413
5827 5468
4954 8510
4196 2130
1019 5304
2931 8463
1787 2530
9053 2246
7331 1951
3527 9078
5089 8260
273 9490
6053 4334
9760 2420
3400 4042
2368 2125
7340 8054
3726 3769
1712 6686
1816 3160
4557 7137
3429 7435
2734 6754
5997 1045
6327 372
5820 3806
3932 2828
5526 9447
1657 9511
2691 2465
2509 6406
4438 4949
6904 6422
3368 9073
6176 7075
5169 9828
1337 9829
5947 5445
6789 8533
9220 1926
4495 6489
7159 8418
4740 9860
9543 734
6903 8395
9730 6131
7605 7308
760 7619
6903 7706
3872 177
3692 6145
8560 7785
1623 8241
4187 5926
8995 1054
9435 7724
1149 6107
9482 5185
9938 6807
4018 1453
8669 2890
1155 3892
1683 8303
9930 3437
2133 2052
1721 5930
6157 7402
9833 9564
9712 3872
8336 889
4726 935
9551 6370
7712 9408
6218 8299
3542 599
9242 2643
8443 5595
620 208
2131 6925
9128 1311
347 133
9905 9258
695 1220
3449 8699
101 2566
6825 519
692 3165
210 6760
2271 9105
1254 1350
9044 9992
850 8312
4976 5928
5174 9076
2336 9334
7810 112
2941 3687
9047 4180
2399 6870
7480 7190
3706 600
4365 8025
2719 244
1027 2409
70 4463
6108 2811
2224 6632
1185 6493
5929 1788
2135 1070
9366 7501
2315 9468
4874 6901
7606 4429
1914 1601
8504 7322
7216 1498
9632 4549
2811 5330
176 5133
9165 3065
1649 469
4780 6796
194 42
2400 1230
9158 4783
6349 4
6169 3042
8423 368
44 3784
9976 5559
4857 9234
1880 5800
267 5914
3300 6626
4125 4743
4245 7477
643 3768
843 2693
3572 4628
3887 4030
890 8649
3081 5936
6246 238
1749 1975
2158 1749
6071 3178
542 2757
1373 5711
1468 2014
7118 8518
2867 1150
9380 8549
3864 8330
9680 4678
6204 7637
7008 9233
2458 6050
5469 4645
1600 9425
86 5700
9801 7083
9102 5293
4098 2398
6822 7681
7009 4356
1391 2192
4378 7639
9996 9934
3398 7030
5518 4514
7680 8421
5606 115
6837 6100
9460 2682
2175 6492
8609 4335
2542 8185
6109 5097
244 6423
3399 4327
9214 9273
9307 590
5143 2936
5652 139
7922 9594
4 70
9663 5672
4867 5491
1075 8831
1053 5115
4224 2146
3668 2019
7593 1015
9391 2217
9234 9691
7124 9031
6360 9635
6845 5131
5172 2524
5340 2205
1604 525
4900 7592
4674 5087
9378 7463
9421 2884
5268 9358
7161 5810
952 8089
441 2569
8818 6454
6327 6409
6920 5916
1892 8445
8576 5494
527 8994
3465 803
9440 8205
7335 1628
5926 9006
2240 1532
7272 5977
9378 2588
8987 4379
282 5529
6767 1222
5368 452
595 9357
8892 4652
6953 5405
