2016
9797 1948
6082 7246
4406 5019
4010 1632
2445 2977
981 7895
7381 4198
4643 7259
5268 7483
785 7524
7232 3915
7823 9955
4519 9325
8390 5798
7083 422
9419 5786
5253 6746
3151 4552
7297 2501
7358 454
7416 4975
8349 4353
6740 1613
3432 6871
8348 7591
4051 257
5738 6556
4802 3500
1128 3140
6942 1212
6073 2354
6558 7503
2257 6961
3961 3414
8748 2517
6073 5595
7168 1362
6938 2019
7031 9501
713 44
6431 8376
9621 4826
8409 7826
1678 6992
335 6549
9667 2432
1973 7731
6823 5383
4918 5067
3750 7448
6497 966
5561 7655
9603 9623
1807 7998
2580 1519
2650 8926
7240 6604
3843 6124
2553 3872
4295 983
3724 2650
2002 1684
4745 6969
4224 521
3990 4894
1513 3838
8364 9670
8782 7210
8735 5059
6398 9387
7258 4974
801 6949
3216 9386
6141 1734
2053 9584
4419 1388
5400 1873
693 6404
5637 7792
4050 3391
3314 6471
5049 3495
2040 6242
6817 9202
9535 4541
1169 17
9737 9206
7116 1256
6965 136
7960 3376
8750 8960
7053 9501
9968 1857
9999 1341
9999 6546
1693 4679
6328 7016
3094 1608
1998 1130
6327 8692
1899 8921
4883 2446
6929 9354
3056 3957
3902 6276
1836 4043
5161 8827
6646 1651
7810 9625
7665 3202
3489 4512
4258 5705
6594 5421
5508 1410
4649 327
9280 6282
4353 6976
2113 110
8333 1737
6060 5170
4207 390
6387 2283
5378 6264
9188 7560
2631 6819
1194 1882
594 56
9427 8112
1693 4675
8726 8119
1930 6027
6100 1980
3784 6216
9555 7319
7552 1085
1357 3700
4395 3876
4443 674
6870 9434
2301 609
4184 9498
1808 4031
7703 8905
8079 8626
3937 811
4194 7336
5661 233
5924 5481
2045 178
767 5954
799 7627
151 9407
847 7209
2391 7667
6054 332
5623 8856
686 8795
5711 2237
342 6850
8361 895
9859 5162
4186 6612
1123 3412
2175 1551
9710 9894
5428 9673
84 2060
325 8157
5358 3154
2106 5127
4883 3810
8857 7290
125 7520
2631 5874
1434 6834
2867 8908
4017 905
2057 8424
419 434
302 6490
5539 4137
2224 3899
8385 4603
5619 9483
7806 2262
9590 7722
6293 6479
2345 9620
5041 8947
6635 1954
3333 2149
848 4242
1698 6736
7882 4889
6692 6855
8086 433
9365 3352
4157 1363
2967 6648
4640 5604
2620 1694
3100 106
1755 5490
557 7861
3673 6805
8207 9902
6408 5320
4440 6904
8449 4529
7603 1846
1634 6291
9207 8549
515 2082
3559 6444
8245 877
9048 8280
6335 9151
8772 2382
6459 6765
1992 8812
908 7063
1865 1789
9835 615
3842 9254
8117 1085
5008 3792
3103 2359
2009 9893
8723 7834
587 5549
4378 5937
927 8519
3962 9409
5969 2258
7292 6465
908 1066
6181 7713
3560 6041
8601 9214
1880 3032
2933 2689
7045 9112
1832 851
6411 8500
8960 5727
4717 6950
9651 5418
5412 9358
2164 5348
7619 4017
8443 5994
8985 5030
7254 2878
6194 9160
4113 3913
3005 9704
7353 6550
8259 6269
7860 1635
4510 2919
1374 2431
9076 9321
4212 6985
2538 1449
9435 2569
7631 538
9215 2821
3480 3612
3932 3365
5075 9519
5408 5275
8397 3485
7558 4658
3577 8221
5315 6524
1624 9868
4049 406
5879 6718
3608 7555
262 6197
2207 8582
3544 3857
1999 132
1519 9530
8723 8741
3925 8048
6632 2062
4063 3139
194 4758
9132 6546
2490 3280
3436 6808
8786 1298
8333 4430
1656 6503
7284 8207
5386 7617
6635 1801
6532 3869
8089 5201
1189 1364
7655 8900
4504 320
8951 2973
639 5722
2018 8216
7007 7543
710 8975
8254 7213
8865 9311
4448 4132
8916 6626
1049 3233
3932 939
3203 4404
4788 789
781 5481
1047 5170
6363 7307
5353 9734
3055 1158
3309 7849
3261 1752
3532 3558
9479 1565
7417 8227
858 3218
9483 4565
3395 6971
1482 1814
2254 3702
1387 1539
3737 2485
6920 8896
1741 504
5136 2558
2587 2972
1097 5761
4506 62
6096 6172
6972 4379
2629 4865
1550 6300
7837 8454
6094 9592
7985 3042
2905 1820
2911 4081
3094 2159
3877 9865
510 5805
3840 3371
5639 4361
1488 2285
146 3309
1279 3967
9369 2766
129 9419
80 5874
2317 6941
97 4965
6254 801
3371 4178
3766 8736
535 3898
5653 1371
9323 8168
5091 8658
4713 6172
219 2177
5375 1875
8087 3880
947 4320
8088 884
7691 45
1116 2678
8804 1563
2810 7064
2672 3445
1734 2682
8756 1538
8675 2271
9872 646
2408 3456
1772 2656
3549 9635
6583 6684
2817 3590
8696 2337
2430 3641
2344 9256
2431 3155
1362 36
2212 3547
7622 8026
124 7554
5708 3615
1563 8266
5913 5068
4049 4524
2000 822
8170 2386
6188 357
5096 1339
9019 2167
5141 2842
9262 5129
132 7210
2980 4991
603 4020
2418 6544
2727 731
8507 3240
7280 3745
8122 283
6181 6404
198 6983
2479 5709
3307 3271
4194 2150
9485 2959
3112 383
542 368
1419 4336
4799 7667
9137 8247
9981 7063
6204 3367
9509 4679
1743 8892
7071 4206
6783 7119
9479 9564
9476 6101
3883 4254
6498 2262
2487 204
3843 7425
6180 1901
1822 8486
648 486
7762 5860
4494 6772
119 3990
9975 9717
2766 2745
2709 8047
5722 5603
3870 7573
6148 5109
9351 9096
2734 7128
6094 5378
9399 290
1206 2777
401 5825
5872 3093
9375 2439
4347 6836
2815 9845
3655 3785
3308 8915
2257 2420
8805 7756
4835 5240
9991 3203
5729 1030
856 8400
694 85
2330 8445
7954 1843
4217 7732
6626 7100
727 1936
304 5243
9190 3371
3792 705
2635 7291
1489 7649
301 8941
3014 7732
7839 9210
5647 4676
9129 3337
5689 9149
1654 6676
6174 4211
7110 9330
199 3203
3264 287
6935 422
4990 840
6518 5898
2563 4707
235 8034
9205 3088
1752 765
6161 6062
9374 2991
3666 2146
8983 7563
5792 5034
1426 4940
7606 4845
465 8837
3919 8501
3572 2945
3195 428
3569 4781
4149 2751
4615 237
8946 1214
6286 2539
8728 8020
2110 857
4405 9252
6304 9882
5948 324
874 386
1423 7479
4997 5718
6289 2419
6942 2628
1336 8798
7602 4142
4137 90
9661 995
6918 55
2523 7859
6139 4311
2908 1886
2506 6088
4375 306
7130 1921
6966 6223
8467 7315
362 2833
3767 3712
6444 1669
5698 786
8749 3913
5639 4925
4566 5340
6263 9967
5079 7287
2265 1340
1468 393
3320 6204
3719 6494
4426 5653
3983 3037
7436 2923
3206 328
7847 5527
2522 3436
9860 5454
28 205
7676 4295
2882 6640
6769 139
4650 1481
5376 6909
1387 3728
8093 4603
7660 6927
6990 2734
4159 3305
6334 331
316 8453
7318 7085
5330 3751
4366 6471
5822 1901
4595 8836
423 8921
4423 5015
5151 3168
1198 499
1182 2269
2866 3154
6390 919
117 304
1446 7615
8284 7490
8489 2142
6924 8365
3410 509
4334 5365
2194 160
2104 4871
8433 450
8816 9404
4284 9721
12 6561
4936 378
7329 2733
9734 961
3256 6050
6637 1761
4378 5041
7629 4302
9298 5259
4246 1121
7467 7575
7275 7394
6312 8267
7643 2508
5430 8111
3925 4340
193 526
239 8998
2302 2080
4069 1125
2435 5027
1589 8071
1616 7644
5691 834
8866 5188
9247 8271
6350 8926
1224 6757
8119 6130
7059 6011
8878 2507
3688 5669
1639 9970
3253 1660
2044 866
4224 331
2235 9365
2595 2928
176 6550
1435 3849
224 534
5040 8086
9983 2042
9566 7769
9362 8424
4621 9252
5964 7862
3162 2381
3033 3491
3421 7719
6499 4339
7317 425
1100 6783
3529 53
5536 1714
677 3347
5326 8208
2629 1394
6191 5436
2956 2001
5043 3540
6945 7147
9115 6548
9521 4054
3271 9448
9398 5650
7306 3072
2526 6136
184 3446
5292 6072
3839 3542
4547 5630
6674 8412
200 8607
1657 2653
5737 8315
2206 3007
4528 5797
740 2979
546 7954
8678 8347
386 7965
2339 3363
8718 8273
1557 4467
241 8282
4559 6349
9817 9099
5586 3191
4941 5335
1901 9540
4505 2136
1330 2486
7719 4194
3160 7204
8751 3165
2023 5341
7616 9403
4665 8488
8630 6626
9142 229
2698 2368
426 3305
9410 3337
4962 7561
8828 4735
2890 1976
6080 9700
4450 9422
7670 7165
7054 1371
1323 4935
105 230
4359 2840
5900 8014
404 7690
854 7989
848 7333
1270 1848
5543 1301
1172 4897
7932 6351
9813 9300
3738 1654
5872 1021
573 3173
7555 1486
6721 1935
5398 5171
8099 9458
4768 4422
4186 1855
6170 1239
6282 4708
8073 9262
8795 7590
8046 439
8821 5305
2007 8384
2879 5185
7811 1982
9080 8795
3696 1390
893 3593
9099 8597
6475 8273
3865 1037
5997 4193
1099 1478
8676 1806
9810 9549
5741 6215
55 8569
9990 9054
1493 6239
9379 6335
7783 1619
4603 9655
2396 1203
9444 7113
2985 8353
3169 1129
4966 8894
3401 7840
2527 4619
551 5811
817 2255
4383 6200
5718 5116
1686 4005
5278 5616
1233 7040
7995 3766
1706 8438
8859 5993
5442 2473
3912 4423
6371 6018
1182 3535
3650 6439
8966 4156
5551 3018
5305 2789
8112 1392
7527 3072
1281 9782
525 4710
2368 3603
2609 2213
6019 860
6669 288
8259 1638
2142 4397
9689 6324
4626 8293
7272 8605
5115 3157
5242 9462
1070 2329
3495 6644
119 7185
3860 3872
1849 2692
2150 7330
6546 7327
1675 5238
8507 8379
4266 9483
2374 804
896 992
3798 4538
4794 7727
709 4522
4536 5022
7256 4332
1962 7172
1206 204
5987 8582
9411 7549
6721 7270
7374 7736
2091 8324
3863 2286
4844 3299
5142 513
6045 2190
4683 4150
4667 6476
777 896
9545 4195
7615 6361
5259 6313
6414 9440
7695 5465
5607 3805
7980 1890
2928 359
460 673
7560 3593
8195 1589
4842 2014
9218 7302
1231 3582
6766 664
6175 715
2417 5940
6419 9470
3899 2984
4389 431
5845 6832
5214 9913
3581 9086
2189 1097
5831 8380
8976 5658
2010 8653
6592 5377
2727 5835
1666 7760
4970 2750
68 696
1790 741
3095 4547
689 6236
1929 6224
4432 9303
8250 9742
9274 5135
6671 7198
819 687
7035 3499
4867 3899
3438 4992
1066 8566
3773 7023
2673 5520
2826 8028
7220 1299
3395 5564
7696 590
7562 8515
7508 9403
2995 3079
1292 7208
3916 7102
7225 239
9084 7882
7932 868
2089 3189
5181 8138
4693 462
7452 6558
7621 4307
8358 3719
9446 7699
5907 9434
2673 8374
6307 4948
4456 9270
2408 5893
5036 3680
698 2752
9724 330
4593 1970
7280 7780
1530 5107
1294 5130
1571 71
2404 7998
2462 6950
302 5019
8319 5280
7006 7754
1334 5944
6666 4203
9855 6230
8185 1075
4129 5448
2687 2721
1260 970
1247 3055
4485 7531
9666 6503
832 7084
6949 1298
4148 4117
5165 7823
5730 6184
9035 4503
4449 9171
4328 2334
7238 23
6183 7267
6497 3328
5888 8297
8930 1374
4416 6367
8943 588
2770 4999
265 8439
8275 6764
2692 7527
5734 9525
4211 6570
8520 8617
2938 2136
2181 7972
9127 2147
1615 5265
8629 8225
6145 2320
312 7371
222 1054
3966 1119
8419 8051
3309 8981
9577 7898
4972 7543
6592 1951
6408 264
1488 2043
5866 2512
2806 2856
6212 5840
1411 4992
2318 3732
8138 2221
9534 7358
5010 3611
6047 6269
6196 2294
5480 4235
3491 6915
1542 5808
8298 5829
5457 3599
5067 4934
5463 4822
3773 9243
4013 2739
3325 7797
5787 6873
2706 7556
3412 5747
1366 5732
355 63
2290 66
6115 2837
3516 6146
8862 4043
2717 2443
203 8609
5383 5527
1026 8809
8348 4075
3653 7783
9308 5993
9211 2258
3427 7656
932 9571
7450 4089
8136 897
1242 2426
8100 3038
8392 9634
8912 7408
7034 672
1859 4704
9474 1255
6990 643
7946 9650
1631 4686
6145 6940
4239 7565
7214 3258
4530 1590
386 3465
946 5639
5694 3740
5954 2044
1434 4868
133 5569
278 5054
2770 5458
2878 5330
4089 8537
9849 5224
8345 3044
3595 8882
2687 5263
3245 1896
337 9115
9809 6777
1883 1409
8765 4274
407 5318
4051 7475
5954 202
5612 9632
7878 2731
246 5577
7554 2906
1065 207
7597 2003
7721 3285
66 3198
4133 3592
4513 4563
943 3045
8946 3683
3215 4641
9601 2316
8930 6366
7164 6490
2042 562
3013 3871
8029 315
5097 4500
518 5398
9710 8034
7252 4047
1248 3351
1181 9038
5205 2343
8577 1430
5546 9998
4847 6463
8289 4238
5549 9065
5321 4071
83 8471
7291 7947
7894 3323
7226 8376
8496 5977
5863 456
2481 7525
3007 6619
9766 1847
4298 7186
5701 2151
767 7840
4676 8552
2367 3504
3577 4710
9088 2638
497 4482
2832 4856
5277 7416
9998 5477
9087 8911
1522 9192
4974 9283
3559 7134
1813 1778
3853 4680
8168 9341
8408 7858
3112 558
4675 763
785 8036
6664 1277
827 5992
7974 8516
2769 3091
6574 4085
7719 2152
1039 572
9909 395
3636 6883
1927 6831
3008 3027
2201 2000
1605 4277
7708 3258
6919 6524
8044 1378
5638 7925
1574 9604
4166 2280
3711 1714
3683 6170
5546 6385
4647 7409
3948 4094
1971 3057
9902 5351
2613 1195
4956 9333
443 4661
668 4395
8431 194
9493 4430
2578 7024
4173 5407
4508 1018
6515 6759
695 4749
9459 5206
3641 615
7338 3516
1869 2678
6605 8798
3733 1017
9783 6637
1178 4062
2899 3726
2354 91
950 7493
6473 1300
6800 6934
9910 2124
2572 4466
6473 7119
8254 4345
6011 9062
5729 6890
9083 2139
4204 8942
9620 9200
4650 8743
5334 4922
7817 8634
7040 3226
6075 5322
876 3800
4659 4234
3852 2120
2041 5089
3552 3145
4462 3629
98 7639
3295 2487
6569 9546
5600 3229
4771 8699
971 2365
6762 3410
5976 8111
8240 6278
7202 2326
5642 6880
4902 5266
8923 819
768 3543
5332 8547
7079 2692
400 6672
1318 7659
6074 8028
1234 726
3433 6483
4002 8110
9882 7857
6241 106
4197 1746
3904 9557
898 8380
2675 8975
8944 9873
7128 4742
898 3951
910 1055
6771 8029
7565 2070
1608 1140
2374 9271
8295 9900
3652 7813
9222 2150
9354 6483
3930 2166
3478 5092
5227 4831
2399 2384
7231 2339
5699 3330
5983 4793
564 5514
3115 6696
7434 3871
1637 3326
8806 6077
1030 2399
8833 2077
3858 913
4158 661
9867 8803
7650 5326
7428 3181
4694 9618
1552 7563
2589 7323
4943 3349
7481 5597
7080 4885
9647 2208
9556 5004
7503 5780
4888 1213
367 3381
7972 6446
3731 4736
9359 6040
7706 1287
2655 7188
2365 6529
8214 6429
8593 1362
6212 7957
5875 6296
5158 2225
2226 6521
4673 835
2935 2351
9536 2876
5046 7612
22 1549
2483 8787
122 1403
6426 2188
5564 7555
2533 8870
4038 843
4597 9778
8417 7429
7051 8223
7735 7899
9415 3167
6739 9138
802 7049
7235 1667
4726 7918
300 2444
2982 5111
1288 1358
3291 3150
5636 2069
7693 4569
4034 1018
9176 5301
6623 6417
21 4252
2640 1543
9819 9912
2578 6069
9756 7814
8352 4708
3730 5981
3380 7668
5857 9543
4303 3318
8025 3121
370 4217
2258 935
7750 6872
2854 7806
1577 1022
5518 7207
7677 6516
3708 6142
1722 9045
1252 9626
5993 3096
2964 7806
5880 1173
6454 4854
1221 5783
2097 7784
5833 2520
8489 3817
8437 9888
6182 9152
9642 235
3690 6047
9818 1578
3670 3659
2768 5676
6537 8895
3626 3652
7428 3592
5222 8336
3639 8714
9805 9000
9172 5354
6032 4801
620 6542
1389 2395
8310 3504
8740 8223
7170 9968
8415 1309
8544 1593
9946 9040
822 9770
4763 454
3062 444
4511 9732
6793 3726
3641 4018
7292 4385
3675 5220
7149 2452
267 198
6892 5561
299 1814
2432 6786
7845 7724
9802 1793
770 3734
1982 8194
7225 5843
9407 1387
4921 1954
8782 7347
6544 9732
486 4120
8581 4598
6083 3552
2969 576
5758 4078
7308 1707
1424 5997
7869 7298
8497 1648
2045 1699
3884 3658
9891 2037
1702 1804
6022 993
5341 9867
6205 3995
7476 8185
1114 5306
4703 6053
1224 5709
1591 8235
3832 9054
9440 4237
8768 2397
5891 9362
7776 7060
6751 4105
5634 7796
5790 9488
9056 6898
3640 1219
1641 1225
6526 3697
4347 8231
679 2294
5253 4617
1079 7433
3961 3661
2432 9141
6661 1847
7318 2534
5535 495
3440 5511
3576 1482
7672 4307
5263 7447
8648 1643
613 8816
6282 3429
8043 1953
8376 1312
8851 4693
6256 3174
2744 4353
4207 2414
9956 9409
6574 3752
7213 9161
7077 2855
8373 7389
2645 8143
3462 8946
9837 9924
3194 6350
4886 2165
5997 5764
4727 5529
128 892
163 4941
9840 5810
7665 3827
7268 4448
827 8576
5518 4027
1545 4720
7797 2764
8787 8876
6524 5419
7570 261
486 8632
5434 278
8079 228
6770 4495
6634 803
6610 8276
8374 9187
3379 8764
1254 3674
4164 3023
5310 4445
1242 3501
3008 923
1334 1864
7150 7084
3784 8261
9077 1751
8712 355
8797 1779
1780 5557
5331 7570
1491 481
3383 3702
1708 4320
9103 9700
3980 1289
4740 8993
8013 5739
560 5560
6352 2152
662 2215
3336 782
7740 9539
8888 3261
1725 1630
7435 4390
3254 1718
4951 9232
3869 6975
5854 4613
3279 9520
234 9251
9548 3088
8460 8848
8513 5317
266 5110
1943 3612
2647 9226
5718 8167
320 3407
5446 9306
3619 8434
420 6690
5459 9782
1455 9635
4323 4771
636 8218
9024 9097
8449 4067
8006 8286
3821 5612
6904 9121
5549 2455
9206 3621
5499 1322
1677 4565
244 3184
1203 4981
6457 1211
1780 3844
2135 2073
6609 88
54 6153
1306 2465
265 2991
2439 1283
4292 5547
5817 8344
8189 6886
548 4863
942 2069
3950 7670
9826 562
8862 1746
8339 4527
3734 7255
7157 3105
1808 4690
6305 5695
9133 41
7334 8721
3615 6170
475 1894
4077 8397
9852 5809
3424 2635
3950 7254
4802 9066
1510 2843
8704 9306
2330 9821
5378 1835
410 6657
3370 1000
7595 1465
3450 7744
369 9073
1361 2408
9377 2703
6920 9097
9547 1756
1925 7341
7836 3657
2777 1386
2079 2108
5086 9103
5492 1191
3534 9307
9691 1722
9987 9365
6079 2877
6922 3868
4259 3841
5333 1372
1350 4842
6639 3789
3179 2578
6228 9885
5528 7337
2244 1321
8106 1601
637 7671
9647 2516
5459 4386
267 4286
5232 6338
8667 5831
4014 1720
2333 4557
5938 8312
3290 8749
1245 1505
2707 9354
4661 3479
1943 6886
5589 8535
444 3866
8105 8683
5451 5713
3717 3674
5868 1711
6867 7226
1564 4987
7781 589
4122 5342
2522 3558
5479 6481
4226 9794
6496 9127
4259 8242
2323 6702
9254 8851
8228 3375
9698 1454
2217 3796
1287 6783
9448 7709
677 4479
9154 4259
5318 9890
5202 3906
9976 6844
9409 5367
5808 9927
6826 7647
1980 8745
7086 8321
6607 6534
736 6619
8997 7728
7172 3661
7085 2277
242 7500
6355 1506
1926 8703
3943 2879
9927 2769
7184 3823
8939 6858
5982 7747
6305 4846
6983 7777
8706 6437
2040 5146
8912 5441
2361 1490
2878 8698
454 315
6967 923
6962 2684
1017 5963
1540 1488
1678 4438
2865 1075
7290 8408
1083 1844
1429 6666
8497 1376
916 7503
1730 8610
6270 3206
3328 881
3352 7993
9580 9090
2515 5008
2426 1598
3544 3697
3501 7889
6886 5908
7465 6399
285 700
4466 554
4649 2530
5537 2342
9458 4945
2091 28
9889 860
1977 3320
833 1602
7617 8911
6815 397
3860 3972
61 384
6907 5068
2156 4650
5826 9022
7055 9034
7404 3602
3241 6616
172 4485
7257 3820
9149 2288
7268 6294
654 7512
4305 8775
9923 7969
9678 4196
3259 1875
4590 7091
5990 4895
3103 7399
3780 7173
7579 8786
6463 1110
6601 2415
9993 2351
2078 1357
7232 3656
9093 2288
7011 8322
7613 839
343 1867
9233 8196
4085 2830
786 1507
6460 802
6991 2578
6152 9004
2704 7624
4357 1264
1223 6112
2847 6176
1192 414
4895 921
1532 8453
8292 7024
2272 2327
2898 1453
1231 3634
3286 8610
1803 4680
4771 8462
2386 8779
587 8830
1169 4855
1927 4
4393 4234
5072 5209
8224 9750
1025 9925
61 4040
2667 4576
7213 8038
5165 4491
2387 1663
4868 5313
5144 979
6439 8661
3448 9591
4851 35
1390 8389
8568 2291
9426 2208
1096 8695
1886 5108
5443 4087
8565 3056
6639 9592
4523 3823
621 5557
7124 3353
9835 60
9885 3551
5925 2166
1723 4738
3636 899
8410 4740
6600 5086
698 1218
4420 9814
8469 8234
6364 416
3179 7747
3278 383
7163 5762
1089 3631
8551 5783
4519 6023
9540 4729
2112 4757
1148 6410
2967 7027
2019 2767
9675 8141
4850 892
227 6353
6230 2073
2906 2308
3039 7147
8769 5251
853 2221
1498 6823
2485 3708
6631 8232
2611 7593
4846 3631
4389 6793
8960 3124
8741 7116
6953 5472
718 409
3606 3169
2829 5686
261 9242
1837 5878
7654 2676
5121 2542
3499 2429
4758 843
7967 5444
3294 7372
8397 279
7355 1037
24 1427
7443 2736
1559 7068
782 181
4286 2606
1829 3818
3722 1617
5461 4705
8108 4903
2529 7415
7468 4869
7011 4070
5963 1860
9564 130
8415 5025
8734 517
6856 1390
4044 5948
1369 6514
7834 8873
1813 419
6147 557
2709 8923
492 949
3880 5398
1648 9017
2680 37
3486 796
981 1724
7138 9885
641 8336
1829 1984
1329 8990
2598 598
881 1361
4636 9042
4491 7115
749 9997
2565 214
909 6573
8495 4187
999 5084
7349 7614
3082 6894
8314 3518
7679 9917
6640 8282
3303 8965
7450 6861
3332 849
3347 5618
9951 1140
4944 3820
3121 2561
1220 5036
1764 2525
2041 6993
1455 3391
7984 8885
1391 7964
6426 9412
1821 3911
4597 326
2710 6877
1289 1054
5114 6929
6596 3798
3246 8809
8472 6437
6416 2434
1289 3482
733 7871
7808 5294
26 2564
6756 7299
1342 7295
5386 4873
2448 8095
6240 2301
9223 2500
916 179
7274 4754
8534 4933
1278 1225
621 3634
5883 51
958 7593
7580 8213
2989 8830
9952 88
897 4355
905 6562
2094 5951
9083 272
3231 260
5265 1477
2539 9246
8968 809
2468 4461
576 1840
7498 517
5022 4271
2223 9698
8362 7950
4084 6340
4546 1920
9372 6213
7030 837
6064 4021
9797 6256
6947 6922
9514 9734
6874 9536
7865 4899
2716 9497
3429 5000
5408 4500
1970 8717
9975 1084
8947 3022
1159 8521
975 2204
3988 8344
8536 2102
2230 3312
2181 4808
8745 6294
4736 7286
9549 3434
6593 3061
1324 8710
2357 4737
7725 9237
8181 2626
9928 5957
7754 9268
1233 1815
5297 653
1644 7292
793 7530
3758 1924
7169 5908
6665 5678
3570 2259
526 6969
5046 5350
3357 6586
9663 108
3560 3976
8731 4550
2195 325
6329 8814
803 5863
4734 4219
7380 611
4298 6016
4860 8018
6581 4985
9212 8459
8011 635
2538 2744
9156 710
130 3235
3208 2022
727 6755
1163 550
1024 7769
8012 2290
4587 5814
4884 3873
9985 6834
3735 4055
3905 8059
6809 2086
177 4220
9527 2631
2075 5489
1644 2402
8645 988
792 3682
8330 6326
4942 9701
5017 8404
4109 7880
7987 2500
5874 7804
9272 5102
3477 9665
3612 751
976 4541
7185 9623
7216 1120
4484 126
4696 6529
9348 1117
7951 4295
8924 6460
1379 4477
3088 47
334 8894
1601 10
1905 3357
7221 4466
2001 6929
9383 9162
9559 8484
615 4873
1277 2265
4673 1467
5974 5205
3230 9410
8189 9562
4433 7724
2118 3654
9210 6428
6385 9416
5384 7759
6273 3911
2153 6185
8287 2181
1011 7184
8972 9942
2617 6753
9686 5119
4764 502
