2012
3917 643
6368 7485
8370 9424
9819 7658
2929 1324
7271 9697
5092 1371
5489 2101
6929 6169
5177 8127
7852 209
990 4885
7938 1352
3676 1391
5355 4321
1064 1573
7967 7
7383 4049
5374 5293
2540 7183
5646 8287
6072 9951
7308 4203
8213 1695
8287 2680
3752 99
1122 8710
2119 500
8302 5656
2467 7013
7454 6573
8061 2895
7506 9337
2434 6105
6713 1869
9771 9501
684 4076
1250 487
9681 7081
429 8093
6328 651
6497 4586
5647 2765
9560 4075
8748 2057
7496 1220
7091 9821
3094 2398
4952 6662
3149 1667
3169 8478
9295 6770
5017 8823
8307 3559
8914 9242
71 6679
1015 6394
428 245
739 4052
7815 4862
5114 6560
1934 820
2210 4925
1646 5740
997 7464
9612 7447
38 5279
1711 1015
2042 9474
1173 9695
1950 5182
4474 9370
3243 2765
7914 4396
182 3712
197 9855
4708 5551
9784 4036
358 4623
5422 8700
4170 2824
263 8080
5185 8017
4342 9438
5217 1696
3903 9411
5894 2106
3367 8670
8751 9290
380 4361
16 8425
8503 1675
1894 336
5178 8204
4624 8064
8348 8940
2236 8191
8295 8299
2327 9835
8123 2280
9369 7187
2624 2974
7941 5157
9663 8416
3627 2953
9990 6491
9418 2650
1426 7302
6801 5422
7009 2464
7906 2516
2289 8513
6392 3533
7174 6504
803 5598
5477 9640
8375 7004
3754 8899
1749 5234
5439 6816
8354 9559
3065 5110
2144 9273
3036 6109
4400 5320
1182 2239
5836 9173
3220 1519
1387 7992
5638 5048
5398 2559
2079 9029
5642 5688
5164 3343
8793 4530
1965 9368
5688 6552
3158 6609
30 7991
8941 8552
4944 336
3657 4450
2240 5191
9204 9078
988 2827
6161 2637
7672 1188
8212 6251
5305 8718
4885 5265
5069 9386
5346 664
6510 1034
1723 2830
6007 4665
1434 65
8438 6791
9745 7097
2077 9123
4514 7805
4802 8777
1585 946
2449 4715
8578 4640
3956 8236
7609 2930
2997 1491
2439 1365
3839 1847
9063 8661
1136 9340
1426 4958
7070 4671
9257 6962
1190 1035
5015 9452
873 2045
9539 6942
5627 8051
3605 8020
61 4058
8120 7828
4692 3074
3009 9408
56 4290
7326 7816
2057 9588
1548 2567
7863 5846
67 2887
7438 1540
8379 8300
4373 298
1325 5418
3860 8317
7610 6444
1700 2895
1206 5545
9072 6958
424 459
5718 3435
722 8274
1450 1422
7285 4709
7543 2010
5023 8372
8937 8017
7493 8458
6173 7595
1098 7003
469 334
2861 5744
96 9848
1985 4745
2794 1897
7340 6168
8752 2246
2184 1455
7391 4215
255 7434
9515 3746
7594 1720
7814 9904
7865 7080
8080 8690
755 9594
3732 8717
2980 4415
2687 4689
1088 6312
8210 2545
4659 7298
1120 2632
1523 8199
7648 2188
345 2494
1008 7404
9675 4343
93 4145
1863 7640
566 3758
8215 9002
4271 6043
5578 475
5290 5572
5398 2254
7576 449
2254 8418
6250 531
4057 6480
2633 3143
5418 9677
2965 4663
563 215
722 2612
8466 4336
6120 247
3304 1731
3952 880
5763 9379
7730 442
5742 134
8980 349
5468 3247
8257 8018
9552 1711
1518 3589
5790 6466
3160 327
5709 9234
9437 3444
3299 3439
7577 5303
571 2141
9345 9025
6483 6102
8352 8809
2366 8568
5958 9020
9773 1961
9525 121
8039 4430
2798 3197
2669 7556
3438 8579
5066 6553
7755 1803
4458 4153
8113 474
5267 591
6814 8905
8109 353
5583 1929
1647 5435
8907 662
2586 6743
5456 7539
7746 6461
9498 6702
2136 9642
6756 7161
563 6319
8967 985
7006 618
7438 3369
6814 9017
3593 8197
1901 8961
3960 2170
9542 6984
1249 1558
684 9469
8336 4038
2628 2599
8280 7701
2266 6253
9721 8116
9089 7663
1850 8256
9224 907
4888 5008
5297 8469
7017 8361
9962 3885
9870 4248
4813 4001
350 1988
7927 6185
1641 6735
4847 5146
8268 9237
8808 7563
3646 2169
2455 713
3363 1540
7812 346
9505 3800
6261 6032
9200 4401
9721 840
1356 6736
9223 6596
9019 916
5627 7865
6227 7628
2718 6101
2904 3334
7396 2832
5743 6765
4644 4169
2629 5088
1112 6165
2240 9168
3037 2697
1788 2967
7942 2747
4438 5489
7001 2156
9881 1707
2319 1702
1083 379
9839 5204
5099 9821
3986 7204
7029 1142
3356 2599
6792 9572
7583 4615
7196 7916
7638 5088
7459 5571
3525 3670
2669 2729
1520 9437
6506 837
5180 3709
8288 4254
9935 8188
282 2571
8462 7900
9020 5093
5785 595
8960 6890
1445 3389
5712 6360
7013 1320
3500 7300
8509 6136
8650 9464
5179 7467
4209 9214
5699 4697
3908 5152
7370 4309
3818 1438
8549 6715
1782 4788
5164 7653
9520 4461
2734 2943
8826 9773
716 4830
1791 8905
3340 8833
3792 6653
9696 6165
2387 60
5724 8047
6232 3490
2935 9990
7658 725
2443 9185
7072 7584
4810 8225
3710 8041
2410 8013
902 2301
3765 3939
9417 7600
1825 303
5712 7714
5512 1236
4462 8975
1661 2255
5363 6653
4970 6248
8804 9888
7272 9356
5220 935
8492 4274
2637 2790
3974 2589
7203 9862
6709 7691
4397 4070
1674 9799
4312 3734
2704 9699
7194 323
4298 8644
6584 867
7392 816
8393 6461
7480 1329
978 2449
4052 5629
229 8868
9193 6469
1685 6549
9411 2417
9097 3548
2325 8070
8835 6479
8008 9422
3407 5058
5412 4283
4751 8257
5260 3975
277 2683
9162 8047
7684 9268
488 1955
7614 5383
6907 4466
3457 4848
6174 9671
8419 4677
9767 5494
5561 2259
9065 6074
7821 8872
9354 9195
3622 5714
6822 2831
8762 7832
7799 7944
5792 6627
8162 5942
2867 4058
4642 2249
6338 9372
1674 2339
8291 9696
3103 3152
7653 5089
16 973
9617 6746
7259 196
1721 8291
5300 6630
5690 5440
4210 8291
3635 940
9466 9980
1174 5387
7282 5294
5684 7003
121 9895
7999 2852
4709 3576
8690 6688
6327 8881
7282 788
5854 8223
2998 8056
1318 7099
6443 1569
2311 2329
6787 5150
8512 9472
5564 4031
4758 3205
2952 6039
1572 6504
8649 3451
6524 9697
252 6116
6727 224
8818 3987
3347 4923
6104 3911
679 2081
1887 7708
1486 5924
3880 3011
1599 1827
8575 6823
5483 4674
224 5254
2758 8877
4913 7533
1108 9497
7789 8082
4504 3237
4297 1766
7896 3521
3204 8542
7014 7445
2873 5222
3046 5938
7924 9434
4111 3466
1559 8683
3800 6375
2987 4799
225 780
5012 2791
5538 4975
3104 647
646 1105
6609 7492
8765 8868
1304 8409
1073 8405
706 7876
9690 996
1913 8485
8409 4714
784 2843
247 3793
1025 7813
6944 637
3334 9097
5960 6770
749 1319
3879 6282
3108 845
6227 6577
431 8972
7507 6024
5451 2876
8832 3425
2782 6725
7150 2527
4471 8321
711 4988
9067 5865
4186 2465
8889 6153
1770 1594
5817 8101
1253 5157
8925 7116
3330 6018
5293 3243
5035 3252
1223 8120
9521 6454
3607 6104
2421 9596
8292 9972
8602 6920
1116 7922
961 7084
9779 7568
3708 4001
4807 7948
6337 645
5076 1868
6236 3008
8523 4504
8262 1633
5196 5798
556 16
432 7732
329 1312
5573 1307
5162 8154
7001 9364
6008 2012
4436 6332
5135 456
149 3083
3475 5240
897 4495
2792 6850
748 3852
6950 7820
4537 1837
4961 4247
3727 1401
1902 3363
7444 6586
9243 2205
8643 6311
8750 6737
2881 3644
3051 2626
4619 2088
1290 383
3270 5046
5691 5129
7654 7827
6964 1713
5278 4525
295 9149
705 5802
1647 7277
6485 7246
3702 5867
5389 6338
6430 2013
4570 9356
5492 8580
9940 6723
52 9996
7360 3890
3936 8835
7124 1169
2471 2354
5787 3699
6235 910
3848 6058
1763 2202
8791 1354
7377 4297
9686 851
4443 9996
5485 1503
3714 4311
41 3034
40 2430
3858 5022
8482 9042
5648 6674
347 3164
2477 5161
8324 4864
9714 9083
3010 7954
8523 9478
2667 1140
1540 3709
8074 4614
100 6580
4891 9005
8258 6417
49 797
6754 2604
968 7328
8189 7282
7795 3743
6410 6448
7487 8552
6747 6439
1554 6972
7478 9435
7837 8559
6283 4988
55 585
5457 6602
7608 9242
4985 5942
1143 698
1634 60
399 7415
5487 5495
4728 8890
8981 3221
2840 6818
1979 5931
1703 8347
8406 2939
5104 3937
9958 8578
3070 7263
6055 5181
8856 4250
6445 8585
7280 4091
267 2739
3064 5221
8423 2940
4734 7141
2189 8701
4099 6450
212 2609
376 1040
3256 3499
9515 927
1855 6964
8786 6826
3405 805
1205 4219
8261 4699
7197 19
3588 4756
9424 6690
2641 4961
4505 45
1268 6565
7615 8652
8051 6349
6816 2786
9440 7821
4558 1619
9362 4319
7514 5423
8845 1623
942 26
8684 2713
8085 7476
233 3059
7263 6735
7544 8359
6028 4933
3189 166
969 6881
2193 2716
3909 9548
7193 7962
1235 2934
3002 3369
7623 4126
4242 1414
6051 3345
2236 9254
7632 6274
1027 6248
1806 6844
7846 4981
7358 1203
9819 2956
7156 9147
7033 8941
7884 703
3413 4626
2447 2085
5764 1089
1245 8493
5667 6904
6619 5590
2376 6568
9324 8922
4843 9096
978 8695
2057 1940
7444 4294
2404 5607
3867 6186
1759 5393
5476 3087
6036 557
6095 8284
91 3144
4953 4439
1229 7604
3776 9613
2446 5312
6111 5909
7531 7223
5149 9760
7154 734
7813 7691
7657 4080
8416 7725
4059 4445
3025 5361
7850 7870
9604 8646
7648 2430
9317 789
3846 1509
4729 81
2781 5941
9365 4893
492 1619
301 1108
7619 1728
9490 7569
2754 5302
7681 8504
9820 9348
8510 9452
3463 3508
9315 1707
6121 3298
8285 4073
4226 8723
1864 7978
9101 5554
5560 4050
4853 4569
9193 253
338 2630
1406 9510
3455 7311
9954 1939
5139 4566
8075 8987
9634 5759
1825 7396
7027 4522
6932 5829
9997 4668
1178 2777
6696 190
4798 1481
2968 4351
5489 7460
2977 6007
1322 4545
3700 6810
4973 1355
9882 6615
3614 5785
5507 3517
7686 6407
4552 9453
1154 5561
8568 6056
8478 3012
9756 6160
1668 5846
4855 1770
8987 5206
541 6776
2925 2429
6331 5931
9818 263
7727 6138
2722 8428
7165 5763
250 2736
8735 3236
2280 6797
4198 3680
7902 3765
1282 374
2617 4199
5175 1412
2167 8633
5777 3158
4620 1495
2218 2651
4324 7846
6501 5684
2334 5549
6051 9033
1559 4703
6014 316
7693 1121
8359 5025
3610 6330
1592 4825
8376 9303
945 4739
9755 320
5719 6088
6863 438
3555 1181
6356 2196
9419 2915
5906 1580
4481 1179
6124 2818
8564 4923
3752 8338
8720 3559
799 833
2779 8730
9999 9335
8611 5466
7357 1349
5066 8634
1758 1013
8509 3252
5274 5236
827 5377
8157 5315
5721 4480
6066 8551
3523 5654
9567 5559
5348 3837
7404 7042
1886 9053
3005 1027
4058 6928
836 1423
6327 6265
7313 2790
3367 7042
669 1592
6832 1281
4722 1107
3708 5927
2714 6446
3878 6707
3771 4575
2374 2949
9343 8122
8099 6186
9660 7122
5337 8888
3107 1386
5572 5697
3353 7842
8641 4167
8258 6309
1991 6637
4966 8237
4429 8442
6308 4511
6079 7520
2503 9092
2728 8580
506 5096
8058 2778
2106 1457
1268 1090
3681 6981
6726 5306
6692 5526
6560 3494
8481 8134
5810 9688
9602 2960
6674 7682
7501 2081
3023 1785
2024 3592
5652 3836
5958 7303
9436 8282
131 6552
205 6233
2399 1554
5169 8249
6534 2382
9164 2152
7951 2678
3016 1240
2405 3971
6645 8901
8143 7919
250 9163
4878 1716
7294 3663
9075 7019
1007 2270
7554 838
4671 1854
9179 4438
8858 9110
3418 4531
557 9515
2640 5380
9174 397
1801 6837
3503 3110
8362 6400
4494 558
5938 9901
9635 1818
3431 4964
1032 142
5637 4314
7854 3502
5588 1755
2572 9970
6620 6223
2828 96
5423 7844
8391 7348
1822 2934
6160 6517
2968 5132
9157 260
9625 5698
1436 331
8015 3693
6302 2262
6101 7342
8469 7846
6802 2803
1607 6187
9047 9462
8210 8699
2979 5611
6648 5747
7801 7767
535 1266
4386 3088
9970 7566
3602 8243
6519 690
5554 1249
5495 1273
5886 2559
811 9661
2815 8281
9094 8219
512 9782
3943 6218
1162 5721
7803 1689
5455 4974
8323 8197
1815 5386
7032 2773
9397 3244
9266 4841
1719 7457
4748 8729
3919 1966
6731 1507
5536 9014
4482 4907
941 2260
6379 2478
5996 104
1779 9313
8377 7831
1180 8362
4211 1082
25 6728
6795 3943
5140 4593
4512 5259
14 6262
9151 650
4892 807
3359 2326
6791 6693
342 8252
4592 6498
9105 6649
4493 3215
3879 2443
1178 9266
9202 6509
1005 7698
1408 4711
7644 9132
5033 331
8492 3672
2562 3070
8879 8442
5789 1458
2740 3792
3924 5928
174 3090
1279 1180
2203 2234
9811 9628
4359 2769
1348 2564
7829 7433
3070 2098
2501 6797
2493 7679
2676 2143
6041 7647
4711 1335
8604 7775
1387 9135
1881 5996
9108 5451
4556 9425
8188 9703
385 6468
3755 5398
8474 3680
322 2464
6018 9067
4845 25
1396 6708
6802 2006
182 8643
4779 9946
7605 3833
2438 5938
6225 2267
5186 1478
6641 8415
3973 6470
4311 8715
9512 7937
6478 5865
7725 285
4333 9113
4373 8641
8623 326
2723 9484
1193 3794
8008 4521
9210 1280
8295 3939
3057 6954
9368 2561
7712 9187
2921 8980
3490 1678
5327 645
7834 3255
2869 7392
7918 42
7791 8632
4293 7870
4130 4140
398 8651
8327 7629
816 6198
1745 9264
4931 5720
2866 4738
7106 4661
8528 436
4984 1928
5490 1868
4121 6059
2879 1346
5939 9668
1777 8721
1528 3403
6112 3082
1040 5856
4306 6090
4280 6457
5006 6875
3960 7628
3102 8705
3222 4027
1880 2116
6828 1811
6215 1034
9262 8121
4401 7082
2807 9118
1928 3630
6979 4402
3550 1546
1680 5398
127 5935
1765 6945
1212 9922
8466 392
6823 4861
6354 2267
6089 6057
2321 8570
9732 689
175 4668
7706 9059
28 9307
8953 8274
4147 7907
7871 5975
5581 8966
9433 435
2031 3288
9139 728
3304 8431
6770 7603
9622 3205
5939 768
1762 1552
8992 4474
126 6297
1232 889
2363 8798
7781 1648
4876 7241
6180 8340
1914 9822
7028 7607
9540 3172
1598 7071
2909 961
1386 4983
2463 4204
1777 4514
5014 7875
2393 4541
8076 7942
3777 7962
9416 8502
6363 3163
7490 2484
7597 7730
6245 6053
3237 8493
2638 1444
656 1383
2818 3796
8380 3597
516 5939
5689 7995
3719 6013
8878 862
8935 5529
3426 2826
6846 1992
2515 2214
6490 9864
5369 5022
8641 9675
3355 7904
9646 4707
2767 8094
9742 6183
6173 6862
7333 4055
2103 1219
4265 9102
9179 9808
2666 2539
9290 4199
1001 6479
5310 8240
5916 572
4455 3726
9646 8284
9416 1345
3271 7918
9881 5013
6076 508
6981 9348
4548 9720
376 4954
9263 9454
4222 3530
1666 785
2550 1030
5918 6362
7726 8082
1110 3111
4284 6779
2122 3356
9857 5724
5382 5583
2481 6606
794 4160
8907 74
2153 8613
4309 5162
9894 5028
3671 5720
8124 3137
1342 633
748 2482
8468 3411
5344 4721
5007 914
9592 4629
9815 6714
1467 5143
8458 7092
8027 2861
5656 1719
9287 8444
9751 9505
6427 9574
4332 1395
4252 7325
7681 2711
8562 9562
4965 8306
9369 6807
2274 1808
8328 4106
3161 2575
4020 869
4364 6113
2634 3034
8369 338
857 7131
5600 6714
765 9581
6774 3487
5369 7174
3803 6763
4062 3826
6742 155
8164 436
5848 823
7888 8159
8864 5959
8915 4570
6659 8752
7771 3328
8568 1882
3305 308
7612 1164
2940 3646
8058 7969
169 5121
8033 8722
2083 5071
5772 8147
1399 8637
4370 2672
4535 7128
8432 5993
896 9165
6252 7267
272 819
512 305
5147 8801
487 1033
1122 6203
8474 9767
4147 7585
2337 5329
8083 4972
4536 3112
4028 9939
8235 5447
5222 751
3347 9184
6762 7261
8017 3385
5123 5117
1838 9223
2877 7213
6376 5442
4734 1082
3616 2835
5651 5338
4322 1177
9205 7082
1485 5725
9143 1341
4374 3844
538 3104
6335 2557
3766 7186
3471 9082
8271 1545
4910 1088
9979 69
9803 2949
7764 5921
1363 9869
3203 9842
9744 7828
7026 4216
3072 8931
5918 7186
1769 875
4840 7958
973 1433
1016 5327
7298 1351
1817 6236
1437 8921
8374 6796
9164 7190
1486 8035
6595 3445
8541 8252
3895 7243
3657 7492
4954 9330
259 9940
2779 7001
5427 4742
5079 4539
8082 49
6848 1588
3405 4665
2648 613
103 6039
1639 672
8279 5110
1569 1974
216 7509
3917 6657
6898 7001
3659 4222
9154 9052
567 8947
9325 6066
9682 3438
2971 3112
1657 4178
4318 2689
8181 5010
1819 1654
995 794
1167 3787
9702 9529
9691 1840
1726 6516
6467 8488
2532 1656
114 3239
4809 5935
5826 4475
5530 6137
2442 4647
5340 3520
3482 7078
8811 2944
4692 7704
8055 8827
3906 5883
7588 306
6755 983
815 3357
2197 5227
1221 1883
6553 5322
4220 7461
3975 8079
6363 9017
7875 6485
4211 6394
8422 6090
7416 5479
614 8701
789 2820
6058 748
4892 4495
4107 9726
9329 1772
7986 6313
1061 4731
2147 4843
8381 9804
9661 5327
8457 5959
8095 4012
8396 2846
1915 1595
7356 342
6023 5682
7436 4044
2750 9283
341 2208
9092 489
6367 9844
7696 8838
4801 1573
7768 1165
7338 9742
2987 1007
9552 9645
9898 4950
7090 9733
5448 594
7375 7749
7884 5324
8593 2616
4795 525
6881 1759
835 1011
1375 9257
2235 3976
7627 6525
3208 4262
4839 9690
4040 445
1546 9065
1639 5376
4141 8664
6282 9237
1772 855
2313 5199
1146 3129
6740 5187
4283 5988
645 6241
166 8789
7455 1166
9949 4389
8256 1265
8403 7964
4770 9087
1527 632
8441 3273
9144 3909
203 6002
7903 3829
4730 4928
5420 8430
379 4038
818 581
3126 3181
8599 5373
8914 8976
3452 8239
183 3174
7344 636
1948 9058
4272 982
8204 2769
4033 6098
5707 4407
2402 7984
7791 3613
9285 7321
7145 3820
7093 886
3711 3701
6266 3290
3906 2809
9344 6622
4951 784
4264 5408
8299 12
3503 9299
5230 1288
7094 2589
6215 1515
5375 7591
4628 7630
8281 105
5513 6054
4617 5972
7326 9593
8638 6085
14 6478
3328 7951
1158 5775
1095 3652
4334 4213
9307 7360
1424 2309
4191 2808
8643 808
2678 3779
4724 1699
4303 4452
4378 7034
86 8523
1100 8641
5105 6811
761 5024
8287 6285
4747 6760
1812 7349
9786 3218
9284 663
4110 450
1678 8206
4894 9331
6055 9213
5653 545
9632 2022
9604 6564
753 7132
3693 9976
7376 3498
1790 83
4997 1522
9139 3986
3903 6172
6871 5465
8283 373
3549 8390
1656 8335
431 9296
8800 1693
7917 8541
1284 3072
9158 2503
3333 3599
1687 4849
7901 7567
8225 4446
3438 396
4045 4536
6798 629
221 3103
2839 1722
7734 3637
3092 9203
6984 8738
6974 7456
8763 2619
6598 4952
4357 7946
1037 988
368 7559
3582 9814
4188 7432
6376 9158
782 9626
2914 9169
9637 5475
64 696
3477 554
2295 4466
9504 7856
3231 3335
3967 2420
848 9747
4915 1219
420 3546
1693 3731
2413 1297
8762 3646
2302 8182
8654 3771
5877 3382
4785 4949
2269 2165
567 1816
1563 3555
1186 9780
1594 1771
8541 2941
8644 4541
262 2772
836 4393
91 3597
5333 3863
6962 8502
4274 5065
520 8600
5387 712
406 4639
3894 9756
4071 896
4653 126
4540 3825
1183 8592
3517 91
7998 8546
4726 7494
65 3279
7560 5175
5201 8833
5500 2844
1938 2229
6549 5343
6827 368
8809 7259
3512 4914
7632 1280
8208 3899
3332 7467
8285 5526
3910 7510
5408 2097
144 7762
7987 9808
9805 2893
7161 7657
4331 1832
7143 112
4895 1699
5328 1618
1389 1139
4847 5518
5961 2478
9347 2527
4300 5375
9944 5788
2195 3263
1317 5901
8434 3348
2786 2477
1166 2534
1755 7782
3973 7618
3448 9329
3635 9756
5720 9066
1397 9832
8132 3443
252 4383
4276 2263
8278 5393
3928 2005
7953 881
4358 5793
4622 913
3376 9148
8355 5067
6261 6561
2022 7277
5684 1324
481 8530
7715 4077
1134 3689
4148 5514
287 2401
9351 4643
8199 905
2697 1927
9616 5586
3737 2731
4597 9992
6723 713
2133 1443
2199 4202
2645 4540
8706 2852
3896 8263
5008 1655
1803 7886
5504 3390
2670 4407
5370 497
8 5038
4711 8121
6715 7379
710 6690
7167 1919
2984 1520
9419 2124
3676 1809
314 4718
9892 7219
504 9603
8642 796
4582 5034
1702 6241
6690 3598
2556 3639
9690 8913
6424 268
5241 480
2211 1353
8970 9462
1560 4649
433 6593
2882 4691
6486 9710
3732 1733
2305 2172
1371 7823
1081 9565
6518 2994
1870 2686
4291 6629
4095 3044
8356 477
3307 3129
5441 2271
2027 9461
4128 9513
7726 5533
2645 2073
9631 6184
4994 1656
5631 1378
8972 8677
7628 4884
3168 3282
3434 2690
4601 9822
7742 5999
9267 6411
3169 2636
5036 9907
3192 1210
138 7028
5865 8678
9788 4903
5953 9970
8367 2171
5987 8139
3139 197
3179 1260
840 4932
8817 9672
1000 321
8443 7892
5971 3633
6464 418
5239 4692
7374 3791
7213 5282
8911 5273
7574 1484
6115 2535
4485 8066
4057 5319
303 2419
30 5531
817 5371
7575 2537
2608 9450
577 4086
704 4990
9362 2958
4357 2609
2213 2786
344 4697
9413 6045
1240 2462
2243 7083
203 75
7183 3978
6510 409
141 7104
4238 4798
9915 9094
6677 7166
8855 3322
7764 4168
4446 6007
4623 9445
1769 158
8922 5431
3366 7319
7264 1187
1602 3394
4620 1702
308 7143
3658 223
8308 3138
4697 7461
6952 7480
9730 1598
2001 2266
3268 3330
9332 5866
9774 4383
4455 4089
5952 7366
4705 7927
4497 6094
606 3638
205 6871
4115 9445
2896 9884
5654 1520
2068 479
4744 2475
9895 8268
1842 706
2746 4406
647 756
9232 7963
5481 9413
5028 852
6718 6315
4981 3722
6687 4471
7878 348
8731 5814
6830 2365
4449 554
3245 656
528 407
7702 726
5315 1049
5163 5983
167 2330
1506 9541
578 7288
7634 6363
5224 668
8473 1870
8182 4944
605 813
3707 414
9675 9904
1436 9145
575 8039
4031 8861
7096 8635
3754 224
2488 3
9849 6554
8104 5703
1721 276
1409 3891
1190 3907
77 9021
3825 8930
5631 7305
6733 4949
3231 5511
6965 3746
720 1515
6053 7197
5325 6199
8877 4361
2041 1472
5737 1434
3789 6013
8403 9665
499 5677
5006 2914
2655 4415
2021 9084
6761 2955
7571 246
6310 5765
6957 688
4539 8383
9893 2868
8775 1204
9503 6225
1860 438
6698 6441
9618 3219
2585 4991
1994 5587
2990 3672
7107 4831
7703 9663
2308 114
9898 7443
6503 8874
3075 8094
7678 2954
6367 6616
3449 5881
251 4328
3459 6936
1037 1170
8508 3206
2703 8639
315 445
3349 5225
118 7674
7214 1307
5652 3354
6088 977
1646 7202
3573 1669
4304 6407
1719 7564
9628 5969
4832 7868
4096 7489
9742 4408
7873 3132
2716 8855
6679 2349
3132 9219
4708 7989
474 264
4154 5424
6175 42
6184 945
90 304
7570 2539
7171 392
4162 6775
1714 4366
8242 7910
1745 8751
9774 2012
9226 6581
4204 1327
9223 157
5330 5373
1304 9077
3394 8923
2054 4628
728 7965
5927 211
7591 9205
575 9958
2060 3013
5934 5154
4843 1906
2086 8977
8394 9368
3945 4062
4241 4589
4497 1130
2688 4565
3628 2357
6742 2810
9202 9073
928 7367
4976 7378
1230 55
8988 4521
9406 8366
3760 1117
4113 6876
3673 4173
