2000
817 8323
288 4582
9116 6946
6238 37
3584 2955
6998 3388
6586 3373
4989 7472
2093 8806
1947 8362
1315 8899
3675 8421
7539 463
4644 7018
6214 9286
6327 8221
8770 7274
2435 357
1927 3683
6745 1018
4063 1292
18 7265
8046 3946
84 4457
5949 3283
9004 7976
3901 4387
562 5141
6645 5909
7204 2522
7899 5263
6823 3821
5954 7175
2780 4910
9320 8481
895 7359
469 9709
5915 7049
2301 6136
4775 5069
3138 1195
4513 6416
2815 6986
8527 320
1049 6214
3365 412
8425 3621
1144 2401
6234 9639
459 5393
356 4129
7724 1049
868 3689
5404 3010
5393 1020
6536 676
4270 9075
8954 2271
5071 2828
9481 4338
5863 5793
5102 5699
4134 9257
2387 5804
9283 9452
7669 6245
3023 6622
5964 6453
5127 9597
2774 5057
271 4640
6879 1598
5064 9069
6669 3348
8260 4230
529 9697
4975 4405
2695 1025
1632 131
4311 6211
1932 9356
4996 7117
4422 1093
3497 4782
3969 8828
7015 8599
5139 2701
9562 7281
168 3792
575 5319
2722 1740
9982 4939
358 735
6950 6363
6111 4087
2936 607
4094 4964
5062 8708
1257 4502
7313 1953
7459 1034
6161 807
4993 2771
3480 1236
640 5392
83 7949
4836 2431
7304 9827
621 4341
4223 1196
8827 8255
6012 359
4118 8341
2766 252
6472 747
4965 4695
9420 7121
2057 2505
5606 9942
3495 9070
9617 1882
7941 1920
6021 4489
9831 7059
4196 3208
1373 1256
9309 6932
133 1187
4520 7607
1715 6264
322 7258
4973 3031
4374 4696
6705 8246
2536 6428
8252 4848
340 2452
946 8197
6265 2083
8619 3981
2376 9911
9738 2697
9079 5895
4751 9300
1351 5267
7656 9487
2610 1153
9302 8837
1461 9532
4650 2196
7767 9273
332 5395
5367 1667
8247 7094
1333 8407
7987 3587
2664 2566
1572 7772
9092 2530
184 9441
6512 8210
503 5847
9483 2676
7236 3764
8935 2602
1875 5656
525 7508
5502 9069
9282 6170
6308 7276
4578 2459
1029 4720
4432 9603
2585 8558
768 2029
8181 1416
6494 627
1796 4578
7007 9045
5902 8255
4589 6594
9828 2523
6890 3917
1338 3247
8355 2515
112 4753
5959 5538
1580 2593
5271 3884
7948 2763
309 5398
7161 4509
7164 6395
1593 1029
75 9349
8221 9915
5670 858
9728 4468
8584 8333
8784 5174
8979 8898
9072 1630
1836 3207
9332 7341
6309 8127
2254 3666
7016 8725
5636 2126
9213 4388
6937 7728
9764 3200
1545 4057
9147 6122
1102 9183
3803 9733
3828 8895
3288 9865
8124 9663
2087 9811
9211 3891
2179 2117
198 8185
5887 9177
6466 8351
5932 6131
6716 626
9782 3734
347 8102
5466 2616
6905 7867
9189 1411
266 6390
9520 7907
2572 4473
9230 5977
5439 243
9584 2933
9784 2599
1627 5911
10 3995
857 8402
8906 9576
2225 7076
1299 8068
2570 157
9852 875
9424 2165
3755 532
9581 9990
3755 2001
7733 6643
9327 2669
3977 9318
7528 366
5380 4240
9406 5443
1910 4190
3677 5967
5549 7147
8188 2160
8670 4871
1753 5771
2916 5751
8355 750
7696 9391
1831 4715
7378 1670
6845 192
6092 9361
8804 2430
3170 8665
254 4004
8871 9765
4224 894
6894 4730
3159 8857
5736 6040
7234 3222
7619 5517
2042 1464
3731 6275
4322 8216
7436 9318
5403 9992
8825 2184
9417 8069
6931 1571
6361 292
7134 2238
2635 8933
3011 4644
4894 3354
6736 6293
3194 1576
3949 5415
3571 7426
3450 1626
3384 8178
591 5716
7031 5002
1000 7168
1796 9747
6975 4364
6896 1280
5786 932
4006 2171
998 5165
1289 105
4858 9354
6173 784
3101 7020
2321 9943
9786 1005
961 7079
1577 1535
3672 8453
9142 759
1855 9881
880 5322
2343 4965
5051 1834
5359 1061
3426 1625
4444 251
101 7682
1217 6436
9125 8577
1487 3252
1741 877
5655 8416
5941 2203
5202 6806
1179 5571
2015 2264
9982 8065
9877 7819
9687 9708
5541 9957
5800 8101
1725 7847
4158 7364
5550 2922
5949 8709
4074 157
615 6500
8336 9679
681 4300
4822 765
8065 4328
5443 5671
7505 746
6234 6288
8504 1320
2948 7571
6587 2798
118 6500
910 9279
5494 8220
878 4132
360 2083
7360 8321
6503 6739
9352 7777
4783 3752
9752 4756
7555 4564
4190 2206
2765 9212
9190 1398
213 9997
3407 805
3990 7303
282 3450
5592 6181
8067 8614
9047 2651
7793 104
6152 128
2707 5641
4380 6474
1421 7612
7059 5803
3652 5022
7810 8850
1415 6834
12 9540
8597 5468
2118 2094
6121 9897
7674 3467
6560 8027
6521 9527
1433 8273
8700 6657
2970 6188
6828 9702
4370 4333
6381 3337
2911 7860
6879 7702
7403 9549
3339 5172
3914 7064
7153 9238
1858 5111
703 2826
8787 2999
3127 6125
8047 3684
3811 8236
3226 9140
6717 8263
5366 6478
531 8571
5288 7716
1946 7932
1886 7742
326 7172
9771 8680
8651 6821
6683 9675
7179 1436
6027 7945
1993 5429
6067 9405
7591 4550
688 7242
1866 5660
8431 908
4446 4236
5400 124
8934 9885
4574 4755
9438 5202
4366 4566
7333 7088
5484 4162
7786 36
8252 2770
4335 3984
1699 4789
4823 7694
2323 4225
5984 5402
8712 680
2878 7330
7409 6592
8760 9199
971 3396
2124 4182
6403 6986
8377 2155
3595 4103
1376 7723
1148 3340
8892 672
2251 9213
2280 3549
3206 9181
7657 8508
926 8199
1810 4779
7624 2073
2534 7026
7905 2789
9546 3752
9299 5104
2179 4192
867 778
7865 9622
1252 4218
3062 2953
7157 8063
1191 8302
3466 9889
1790 4164
4062 823
8340 9990
3994 5548
3937 3409
3757 2456
7167 8656
4250 5285
3477 2683
8293 8347
2655 1406
2499 543
7332 8144
332 7634
8338 8245
7096 3220
8773 3205
596 2358
6616 6668
6051 6969
6311 7616
180 6865
9934 5078
5529 8804
6074 715
3944 4089
6943 1517
6768 3366
192 214
7837 4542
1916 797
9254 1156
9969 3802
6784 9908
3677 8264
4123 3317
1745 2492
2582 440
2295 2513
8502 8114
5379 8841
4958 4934
4924 4392
5688 9611
2261 3259
2667 3125
1234 6338
9229 9049
4381 9537
9245 1451
6980 5950
2739 1862
9582 6290
1815 4060
8405 1097
4127 6204
4102 1711
1549 7978
7412 2792
3527 9727
9198 4682
3324 5030
6272 268
5442 6344
6633 8193
2237 1447
4239 2196
2510 3652
1385 5054
2817 6873
356 4493
4149 7684
1492 4142
8891 7461
738 4885
1061 2084
4651 9759
8324 3604
8859 4782
2244 5122
7382 5541
6751 3493
9427 415
1911 2918
3040 9462
7614 6281
9117 5532
6956 1465
1356 8525
6129 112
94 906
4814 3938
18 9939
8340 6371
5880 8986
738 4267
541 5549
1197 6560
7359 9444
5853 6227
9327 7052
8277 7605
686 886
4678 3697
8388 3748
6563 9430
8456 5835
6539 6368
740 8600
5714 7373
7862 1149
4455 3358
6284 5074
8545 8176
999 1414
5928 8052
158 9624
1278 7259
7388 731
792 6464
9530 6601
4364 2249
5019 2590
7093 7753
7353 4389
5154 2967
4712 5616
4554 221
3611 1950
9386 6037
7821 6693
4703 1808
8142 5421
7906 3237
9570 2172
512 8763
4563 6347
9053 3769
222 5535
807 4361
899 4670
9903 8735
5204 7269
2745 8969
5467 3702
7182 4699
7604 1658
7968 127
3778 3971
3061 9494
9017 3923
919 2710
3753 3473
2461 2127
4605 3719
1421 7873
5729 678
8408 6204
2513 4580
9580 4723
3830 8917
7113 737
5930 684
8819 4741
6684 7150
8397 3735
8828 2421
517 9222
6149 9869
5509 2638
6123 386
1637 6085
4403 2472
952 5806
6787 1677
6279 2785
9935 4567
3840 2275
2466 2699
7936 9278
9821 9963
2161 8464
4101 4418
8455 6605
7599 6054
5756 6312
5016 6848
4345 9453
2705 701
7843 6221
7120 2482
5868 6777
8936 5256
1498 4600
4448 8055
6048 9306
8937 283
2333 146
1558 6359
5278 1238
2795 3215
7977 2765
1303 3095
3622 3239
8466 8222
7698 5123
6936 169
6784 558
2074 5902
7080 2356
22 3344
1825 769
3561 7533
1069 1575
1684 2880
5831 6649
8265 5390
7171 1119
1858 3949
399 3770
4439 7134
8976 4179
550 9777
7099 1055
1595 9606
1561 3937
862 2847
195 3954
5620 2819
7306 1591
6335 6985
9512 9894
1675 6124
9413 4037
9070 8331
6434 3631
9981 3482
5352 3469
3165 7881
7639 4611
8201 7153
5955 5454
89 8682
3940 2800
1606 7550
5778 8405
411 1879
1646 3175
7225 348
2553 9256
467 7114
760 2666
2494 4279
7581 8284
6468 7852
3284 9386
9114 8019
5942 1015
9607 4063
7507 1601
3495 4541
4446 6414
5226 3301
3671 812
478 7675
1013 8339
8195 9595
9662 460
1938 3258
4187 6624
9750 5360
6649 625
9040 6330
3940 1691
3356 8043
6027 939
4992 3031
7637 8780
7788 5174
8796 1602
282 6754
2844 3865
5293 6341
2233 5906
6515 4860
9598 5344
287 6788
2052 1082
4941 5781
5983 2656
1637 505
157 8850
9981 1238
8261 3022
2903 6834
7353 8596
2445 4599
8377 5444
7361 2051
2895 6816
7528 982
3293 5478
1685 1329
4654 2796
1002 3019
3414 5938
8633 7021
4136 6545
811 1486
834 9506
2904 7174
2667 7919
4178 9006
4230 7232
3058 221
4181 961
8787 5616
9535 8872
6839 458
6637 5257
1028 4517
9894 5144
4887 3172
9225 7559
9804 4086
1849 3150
9658 1021
1375 1525
7322 1396
6919 3737
3060 7137
8296 8939
2638 9057
8823 3562
5232 5224
4004 2899
2714 8413
2614 9099
2878 4693
1852 9641
2043 8720
7188 765
3870 2776
9042 6502
6497 5840
8761 5884
45 4374
3483 5648
2392 3475
9180 1553
8382 7668
8683 256
748 6668
986 3424
8262 5646
7133 6285
9650 3754
8773 6508
9500 4735
1894 7154
1491 2989
8437 902
5923 2503
2670 1463
550 7516
4171 2953
5147 1542
7055 8221
5014 6183
6695 4022
3073 2323
4586 6921
1233 4878
4751 7010
5570 8191
6825 6953
5490 4093
7842 7942
6576 3082
9615 5959
6771 560
6090 4417
5048 5475
5589 5531
8532 8176
483 1405
1364 784
4891 5598
3706 7415
9334 9247
4886 7167
162 6882
8426 2802
1587 6418
8451 9066
4502 389
4937 9625
3213 908
1967 1306
7871 6202
758 5957
6526 1152
116 2612
7906 9883
7689 5651
2807 4065
922 1915
7027 5019
7919 3731
803 8371
1610 1462
5016 1925
4493 9230
2692 4486
3113 1564
5523 5463
4294 782
8714 4847
737 4821
2347 1295
9626 8580
1989 568
5793 134
7416 3645
8495 9577
6512 5051
1839 1665
9197 1708
2733 169
5325 7507
9013 5247
140 2828
918 5564
9207 9618
4434 6819
8047 1709
3622 403
1561 6440
4082 1604
9667 9368
1807 8746
1096 1441
4707 7070
6504 9291
7730 9873
6880 1251
7747 7172
463 2532
9891 308
5235 7313
7425 1908
9875 4859
4790 456
5543 7210
9842 411
8077 9437
1504 3125
6273 4021
3227 4963
1120 6983
9646 4469
7962 6423
1513 6240
3033 4886
8718 1761
4409 8923
1682 6950
7803 6738
4956 6800
9215 9710
9911 8265
7235 7094
3789 4772
2424 7563
1837 1620
3014 7618
6269 8227
8847 3291
3313 5370
3713 7279
9223 3673
3650 148
16 1361
4582 6157
4415 7516
6074 6989
89 8953
879 2715
6554 9846
1356 443
4963 5825
7735 1400
4203 9496
3946 6140
2436 5201
1034 187
8966 5684
4797 5202
1803 7723
1085 5897
2852 1300
4299 1336
3466 4488
7225 6309
5910 4856
580 7611
3341 8653
4910 1749
5426 3566
5918 2982
1603 2799
2741 8225
4855 4078
8451 9672
2881 982
5034 1316
1670 9513
8699 7680
102 7083
2791 2184
9519 4911
4605 9723
727 4292
8904 7304
3550 3358
4875 7378
6604 4050
1327 9855
4410 7377
6251 7528
9468 6503
3051 2575
6263 3181
2502 1094
5433 6754
2472 1419
7762 6248
1295 2080
3217 3812
7037 2051
7458 5642
7106 6116
6091 2924
4617 776
4185 9050
1379 6026
7379 9613
6964 8991
1207 846
3273 561
7731 6405
9630 4166
1817 304
1504 3307
575 1212
34 4550
4977 2806
579 3401
7230 5600
8742 8753
2629 875
7493 2970
8999 7435
4703 2665
3059 2108
8576 7627
9568 4416
1034 4500
4311 5260
5354 35
4792 2097
1155 3781
4837 5836
8219 9708
7964 2432
8023 6980
8371 5727
6980 3791
8041 9538
4713 943
2762 7304
3021 3057
7554 8539
899 8309
4107 7555
1241 8721
5802 1268
5204 9987
2678 1846
8448 8607
2940 9888
6452 1733
3824 2616
4886 301
212 4348
4616 9949
113 2832
1257 3720
1758 6929
7627 793
1242 6587
5134 8357
9463 9449
5449 2351
9694 5393
6629 7394
2011 8143
8759 3147
4501 493
544 1087
5298 9220
4835 583
1317 455
8794 8707
2053 8331
6897 4189
1609 9935
7301 2919
4241 7352
7268 4509
1522 9376
1136 7173
3035 7836
5074 5131
9102 2305
59 7228
7544 6599
141 5520
3406 9762
871 9765
7446 4057
3030 3730
9902 3003
9785 5801
9676 6012
776 8102
6813 3982
5931 4750
6320 7877
5222 8715
9566 1022
9721 5827
1514 7341
7516 2467
9717 2710
7236 1271
5627 7941
2993 9272
598 6354
9141 3444
5634 9391
8617 7772
8144 9795
3312 5721
8150 1114
8147 8054
7829 7291
7579 6538
6928 3419
1863 2889
3158 7630
7200 6573
1026 947
7698 1590
4208 391
1096 963
931 6614
9993 4889
5953 6655
5421 4348
386 8310
2967 1547
456 3928
5537 6316
944 6673
9212 9211
9561 9499
1486 4473
105 1180
9825 6371
5828 1354
6129 2684
8196 6194
9482 1513
2082 6942
5875 6520
9246 1194
7972 6558
5507 4537
5041 4489
9741 3602
136 6290
8078 450
6031 4215
8154 2839
101 4413
7013 6887
303 3365
3114 9376
8178 6839
2874 6482
3781 6010
6433 9143
2879 1503
6188 1387
1191 9951
8947 9864
5930 6353
7761 3302
2687 6430
9156 5520
438 5336
3587 333
8034 5101
201 4822
4969 1910
9298 5231
276 1305
3885 1325
4333 2093
9220 9031
5550 5891
5357 6622
9669 9175
837 1548
7711 7528
2315 2785
2052 6065
7674 4512
5890 5752
4805 280
6732 7994
8694 1150
6782 8514
4799 5803
362 4840
4708 4797
3342 8816
4724 3915
6621 2202
3372 8549
5298 2727
6268 5260
2593 7658
1805 3670
2914 6416
3275 5265
8211 8852
180 4333
9567 1961
9781 3630
3991 5672
4638 5918
4466 2131
7587 2840
6303 4718
8068 4071
7354 5438
4327 1321
5035 1992
1010 1752
9300 9572
5023 710
5500 2278
21 8412
9150 6784
894 5245
51 3430
321 2552
3449 1217
1087 7370
5822 1780
6741 3016
7721 6654
2788 3080
4250 6473
219 1225
1093 8774
1583 2955
6092 8758
4345 5253
3201 41
7213 2545
2093 9586
6910 343
1031 3169
6419 7885
6450 6928
4297 2854
6818 4488
8032 1067
8263 624
1281 3057
40 7386
606 9549
7217 4556
2151 2932
6935 6114
8846 4710
1901 3716
6789 4742
2987 3796
64 7393
9714 9607
5231 4959
9624 2344
8704 7708
6473 5151
1549 8771
6365 7546
7485 6499
6063 1755
4753 5530
5817 7186
4712 5449
5663 78
7767 7167
6112 8336
715 1848
5477 4458
3254 3371
5967 3646
1172 8385
1957 9509
9316 9028
4550 909
5497 7314
737 1180
8335 2809
4816 8346
3185 5852
2741 3040
9456 1726
3483 6378
8805 2525
7404 1080
3966 1877
5430 499
732 7825
9477 8295
919 5246
9725 7107
2536 5140
6207 2403
4063 7420
148 5814
8441 5281
3991 1424
9527 4397
714 6361
3575 3458
4501 7800
4777 4502
7808 2332
37 6756
968 1040
5224 6708
6928 2715
5243 9734
1176 3093
8468 793
2207 8725
3203 3432
1236 6178
6797 1836
4374 3030
7354 6047
9572 3080
2192 440
4875 6338
5467 1343
2904 1649
823 1377
7274 3840
8455 9188
771 3273
2145 1744
1388 3059
4189 990
5787 693
4302 5154
6073 9025
3077 409
2702 3404
4381 4710
7811 7564
6887 5940
5059 2010
78 706
4699 4776
8903 1650
4313 4166
5747 9463
4087 525
7211 9796
6102 9043
6558 539
1659 2166
6970 5641
2509 882
1938 4588
5831 8020
7292 437
1103 9835
3695 8333
4340 832
6684 8517
9047 6067
9577 3019
8886 2860
5342 3249
7386 7078
2110 4525
759 4865
6683 2423
2441 6766
7513 7770
227 4936
5803 348
8759 3066
1964 1360
4879 6893
9899 2532
9581 9083
1008 6694
3177 4823
7849 8462
975 9442
7804 4042
1727 2443
7853 3256
6931 176
7433 1404
5266 4366
6368 8133
5377 9565
1710 2380
6095 7778
3490 9730
4812 7558
964 1592
8416 3924
183 6369
849 6967
434 7783
244 7865
2872 1366
1944 515
3496 5182
7411 231
8245 3980
7728 6595
8665 5373
1531 2893
6264 7026
1583 7066
105 4442
6744 6625
4662 9451
775 7321
5006 4450
9908 3867
7041 9788
7422 8326
11 5199
7423 8427
9908 3942
7752 265
8580 9794
7522 4116
1002 578
1567 4180
6117 4828
4146 4139
6436 3686
8637 4602
8478 2917
516 4338
791 8463
8228 4364
9517 420
4398 5920
8824 1290
8691 5909
9308 9115
7344 6993
8946 7203
8470 4635
9848 9463
4176 4731
5470 4781
485 9156
6845 6295
8372 4029
1683 174
7987 9131
5956 4411
2500 7420
9292 9972
5978 7225
9035 4131
8750 2933
3957 3600
1013 2608
9458 9312
7664 1727
4655 7744
5585 9983
9694 1188
1364 2893
6391 512
2914 4056
6615 2773
7446 1671
5060 2045
5851 3177
855 1876
7306 4205
3507 2146
2549 8777
9262 1854
4104 9147
1029 506
2582 7017
800 370
5399 2475
8044 8266
6949 7742
9347 7582
6946 4841
4385 1652
8126 9088
924 1614
1387 223
7660 2119
3747 3334
5608 1582
2946 3832
9169 7257
4560 6758
395 9209
7457 5985
8520 2878
7578 1711
267 289
3618 8452
8508 5163
149 6497
1186 1987
3623 1340
6906 8815
9888 8035
8748 4212
7013 234
2865 7004
8996 5364
61 2005
1865 5419
9362 3051
4962 3551
6319 5549
4606 1182
7129 3582
2895 1182
9917 506
891 189
6948 9497
2497 8156
9772 4516
9941 3201
3441 8930
3078 5744
9935 6974
9662 9296
2369 27
6655 856
1267 3537
8896 4282
990 2064
146 5708
2731 9054
5117 540
7717 4013
3165 6101
4100 1625
2251 2824
5462 8925
6446 7088
3597 801
5439 2536
2424 6159
7687 1441
7167 1036
7828 4393
7315 912
8884 3488
1882 1315
7361 902
7473 8771
1720 8072
6156 2584
7381 2959
3158 6051
6855 9277
7111 4926
6664 6069
5026 2276
8524 9530
1936 2055
7687 4281
5863 745
9049 8478
6008 612
4604 3868
2058 8323
3411 707
5511 2610
3883 7913
5010 5926
1626 9916
195 2554
934 970
398 6036
7585 494
9791 5819
9325 9655
7779 1117
6548 6193
1183 6280
9800 4145
5061 9013
2832 3298
194 6082
5310 2460
258 8406
4878 3995
3747 7434
7103 2062
5302 7061
5365 4251
327 9559
4140 5688
7445 833
8330 9773
7105 7750
1683 8553
3925 25
37 7584
223 8214
2752 7947
1641 7423
7183 8157
3928 4236
2919 2923
7721 6487
7853 3816
3031 1033
2820 3104
2986 2060
9775 8137
4348 1659
2005 6993
3776 4270
580 7832
6025 8205
2984 1907
7438 8925
6475 3233
6405 7873
8546 9639
9919 9573
8400 140
7367 3437
3913 2855
4956 9123
8732 7547
7125 411
5449 6729
4980 5448
8468 6401
1126 7317
3982 1028
2922 5923
8805 2098
908 2926
9197 7114
1724 293
819 8512
8927 5540
9181 872
5904 3002
7880 5657
9536 6810
2790 5950
6473 1048
5852 6709
4846 4139
4588 7944
421 6976
3979 7769
8335 9852
70 2847
322 7582
9108 7357
1468 5085
3917 7359
7413 6167
1081 8967
9144 4833
5414 3315
9973 1970
9926 5596
8917 4032
7419 3387
9396 4514
1773 2770
8571 9638
444 6249
4926 8942
9324 7946
8245 1875
4915 6171
7436 350
5129 7028
7227 1193
6566 3179
8277 8207
4864 7255
1000 761
6892 8101
1135 7083
9642 3558
8823 7000
8711 8580
7514 2997
4625 8197
1369 3799
2116 1216
3040 3939
9718 4574
5938 4931
7397 9268
7415 5508
8169 27
7550 340
5354 2492
9718 4780
2599 8951
2602 5400
7942 1213
9566 3301
5205 8915
6206 5524
181 5907
5074 1759
9167 3718
6019 8212
7764 7848
1770 8228
7411 5491
7828 6249
2814 3448
1558 752
3445 1528
172 2891
6652 2801
6402 2179
388 9935
6532 8600
6071 6515
2804 5892
3212 6888
4058 4817
7884 4826
9133 1007
8290 709
7958 9343
2499 6378
676 9333
2241 3911
6006 3348
2306 7263
8284 9105
4977 4972
9906 429
3327 6448
5638 8487
265 106
742 4408
8662 2297
8514 1822
1922 2308
6965 2822
8791 2515
757 7684
3119 1643
8700 6906
4628 7447
1675 2147
8818 3591
4700 3233
4506 6661
7190 3763
9957 8813
1476 5812
2873 6601
5983 8978
6199 4021
6217 923
1334 4389
4152 1012
2444 4977
171 64
7686 6402
3198 2435
4645 7406
8565 4334
1006 2405
1200 2755
9370 1655
3724 1323
1134 9149
6296 6120
9288 6631
2254 8059
7804 7434
6267 5847
2317 8811
749 8455
8269 2613
9410 2997
8983 188
3081 466
5344 3762
1459 4469
9939 6962
8746 8145
2763 509
8152 8589
7594 6073
7356 5521
8203 9535
2198 5224
667 9959
8949 3284
6111 4767
4433 7673
3887 1699
382 9515
1514 5386
7476 1688
1612 7456
8914 3581
681 3731
7646 8991
1476 4397
1103 9150
9742 7602
295 8945
7372 7679
6801 4939
4108 7932
7778 6708
9277 5093
3632 9011
1560 9799
2264 6604
9865 1962
3982 8132
9180 8603
3438 1004
9943 7455
4237 7826
8853 7608
9956 774
4408 5802
4910 8200
5765 5654
7189 4177
7430 9902
3339 8786
7469 2691
2952 2781
3553 5409
2312 9471
2255 7205
346 3592
884 911
6013 2215
433 9730
826 7236
9889 4887
9435 1629
237 3285
2864 8040
6953 3523
8898 9317
7531 702
7238 4365
9846 5576
2571 8769
2517 9385
4217 6855
2530 7709
1652 4614
8273 2294
917 1246
3902 1576
6636 1595
1572 1785
9513 1519
3104 822
5674 1674
4685 975
5182 5781
5474 5560
9742 7272
3116 6465
9359 8805
7529 871
881 4450
160 8860
3393 5949
214 1500
5075 7793
7526 1719
5724 950
3934 2407
4935 317
344 9972
8195 1339
3870 5935
8095 2999
2319 8953
9016 7034
4743 1924
334 1542
6091 9130
8136 8767
1703 6215
3636 1601
15 3175
7513 839
7303 1429
1935 1537
448 3371
7693 1020
1774 8614
3651 8512
2468 6217
4421 5266
979 1870
8705 1456
1067 2878
3407 222
8723 1082
2946 630
8325 5468
4706 9233
7969 6284
169 9320
5240 6007
5332 5735
2893 4291
8012 3999
6146 321
4545 527
7360 8008
9970 1580
4658 3141
5886 7686
2204 4014
9099 5591
5530 4293
252 2219
7033 1782
4187 7522
7287 729
6231 1317
7759 3822
6750 5502
2326 8337
9046 9303
3591 3855
5343 177
875 2309
3951 8442
1620 1580
1762 4309
926 2369
6831 5854
2704 8965
2134 3704
9771 4063
1999 9531
2330 7717
5319 3678
9887 658
1897 8236
5699 7039
7011 3608
1445 6173
780 1197
3969 638
4856 4122
6428 2633
8843 2053
2165 1936
5245 7942
3108 4463
8709 2035
6326 7273
1214 6138
7452 420
9651 1729
6635 1156
5450 5911
6235 50
1019 5206
958 2150
4819 9127
6485 1039
7612 3555
2444 8517
3594 2342
