1968
6957 7111
8747 9611
9224 548
6798 4157
7699 2302
3750 7573
7898 2599
6621 774
5075 9669
1107 5417
5120 2516
332 3442
1889 9201
5511 1179
3071 5830
99 8234
6411 2785
6382 5344
4178 8091
3817 2668
1358 943
7940 3664
7644 3318
3500 6070
3851 1459
2910 8355
7412 4057
2031 2842
9516 5597
7278 247
5448 8167
7692 1380
5745 4729
578 3941
1552 8152
9760 3216
6276 8063
9210 752
4064 4023
5262 3823
8705 1067
1338 8758
7474 8686
3054 5100
1643 685
9470 641
1062 7923
3775 5330
8230 5321
1221 7783
7386 4953
3657 2885
2658 9415
4960 7746
4294 318
3162 6023
8050 3878
42 3189
9415 1902
6474 209
146 9588
1620 9101
8183 1236
5008 4527
2574 5512
4993 418
4585 3915
3666 4573
6411 8850
2237 8637
1354 2523
1980 8928
2331 7605
5738 2437
2793 2290
7462 5428
6526 155
7011 5586
2975 2898
8724 4821
4740 270
7850 8429
2983 499
1273 9595
336 7148
2936 332
1414 3639
9751 711
1824 5384
6829 4660
3113 6596
7680 448
9071 7029
1108 9856
6133 3028
3697 4637
7581 3576
7867 7469
9789 3862
8542 446
372 7859
7572 3751
6014 4163
6846 6099
6391 1401
7868 6392
1326 5061
1431 4784
4222 1380
8127 9447
7144 9417
7047 7090
3623 9108
268 7059
4255 3301
8347 2244
9346 5875
328 5945
3875 4666
9560 9313
2129 9525
2770 2167
9456 8889
4696 7493
6735 1025
9031 3035
1913 7275
6564 8934
4461 6348
1296 8858
888 1084
2436 8228
9908 1113
3348 2184
9120 2294
7692 4378
3418 5178
8718 2932
4627 2396
9354 6585
2621 9011
3065 9441
2477 3707
6888 9181
1609 5350
652 5793
39 2951
1878 3079
8078 4304
8843 838
7240 7684
9403 3071
2653 8493
8565 6223
9813 2739
6715 1486
7256 7666
7527 4468
6417 6242
5481 7740
8307 1392
9688 3344
1725 6618
5764 7199
6829 5678
2980 557
1166 4605
2208 6864
4666 3854
2837 1196
6279 4656
3460 1002
8957 734
8870 6647
8274 1948
8381 950
244 1552
2182 570
708 7450
3838 7231
4548 3642
1597 8305
2950 7026
815 4246
8644 4395
2321 8265
8376 1830
7697 3997
9418 426
5765 8071
5124 1595
8140 1520
7904 5419
4532 734
6117 2007
3076 5169
6107 4694
8157 5253
9562 2597
7784 3747
7627 109
6269 6439
7965 4802
6679 8621
9301 5842
7631 6496
1107 7194
3405 247
4435 4883
9231 3377
7537 5994
6923 6461
6515 2207
3689 7482
3910 4768
269 9808
4626 9843
9722 3577
8915 8878
9400 6291
8746 4790
6572 2452
5814 276
6862 1501
6782 1898
1110 3700
3901 7977
695 3268
3652 2758
5551 2172
200 4744
4433 2525
4653 3182
9647 1551
3373 7286
9771 6457
270 3995
1676 1506
9427 393
532 1383
1727 4759
5959 4643
4587 1660
4429 7688
8961 7161
9132 3100
6533 6214
4386 3130
8952 9544
8097 3468
8205 8784
8036 9683
8526 7623
8648 7568
3265 783
4279 4861
1128 3370
8862 4732
7817 4432
7181 5550
6569 3540
4717 2593
3365 8078
6888 4969
4665 776
1980 781
1653 7476
4372 9642
6406 5622
9933 6008
2442 3696
1509 7704
4949 9235
7856 4130
640 309
1153 1857
8251 2612
8011 7129
2964 4826
9020 4245
9008 9302
7779 5835
4841 7670
7032 6480
44 1284
103 7415
5768 87
8802 8931
4379 8013
3721 9316
5671 2959
2033 7992
6275 6693
2830 8865
2845 7061
5406 1587
5333 8323
1543 844
8871 7166
2315 3951
1857 8114
4712 4412
5984 9554
6258 9456
6445 3894
512 7213
9718 4477
983 8373
6214 4846
4122 5866
5824 4876
4619 405
6798 6170
4614 584
2117 9665
9703 2603
1263 6341
9652 5579
1408 918
3375 5675
9799 3753
8941 7123
8648 5029
3967 7802
4232 3191
2456 6634
9811 9426
6742 5214
447 8764
1774 1740
804 9954
9979 7106
2841 2367
7224 593
99 4832
2873 7071
4208 7710
1706 1627
7385 3641
8465 9089
4274 2343
5669 69
6018 1428
3978 8459
101 3312
1515 9949
41 7108
2992 8610
8448 7999
6726 9702
3172 5771
9958 4589
9954 1089
6916 8862
8541 9144
6043 7218
1556 1340
8622 1292
3324 5443
924 426
1825 9501
211 6172
1808 3317
9856 2384
5192 8672
6395 42
8729 8677
6057 6032
9386 8189
2205 3177
4655 1150
4548 5326
1048 1406
1061 9021
9422 530
2660 77
1174 6328
1873 3073
2674 6672
6316 1738
5356 1609
2172 4630
3071 8005
4679 2744
7496 6677
1623 4691
2903 3714
3398 9815
152 6767
8243 3541
7763 7540
2077 1554
9179 5755
4065 7119
2196 9876
1596 2917
10 6229
9308 5827
3618 7765
9377 6088
2121 7706
1553 7369
6576 5606
4331 4264
6427 6549
4251 4387
5871 2969
4680 5328
6842 8258
3398 4356
6074 1376
2575 7875
3596 5792
7695 2233
1348 8951
7997 6246
6816 1811
7741 6276
4483 649
2612 3190
5416 6092
4402 3856
6383 2511
8956 629
4615 648
4666 8523
9826 9486
6191 8812
8846 7697
5410 7285
8389 4627
2999 2095
873 2695
6298 4184
2550 1022
6598 2965
8287 9837
7878 5331
8604 2908
7070 8995
3689 2026
7990 1681
2594 2933
9011 7305
1046 3348
4011 5710
7360 5006
9155 1678
4915 2110
5347 6186
8229 5174
4886 819
5790 1458
2233 592
8346 2714
6701 9117
9075 717
6824 50
7719 2351
3074 94
9605 3032
2464 6901
5295 4091
9561 8892
4595 5662
4391 6499
6656 4146
2421 4165
7039 7782
4262 2632
7247 2648
9613 3480
1046 3483
9600 3953
8459 8688
4906 6611
1711 9207
1849 8191
3878 7496
8583 9037
3614 1419
123 8967
4848 4790
3238 2521
7900 9026
1388 2460
7516 9077
8817 5210
5267 7616
9183 2982
2220 7164
8977 1913
3757 5266
4864 7962
9971 7336
1309 8029
2416 7390
9977 1901
1014 1976
7091 2136
3716 7912
7768 8017
8345 5844
2192 9928
8034 6187
5851 7466
7163 6182
5966 7703
425 1369
3361 5901
6104 8808
1611 4658
5417 1314
390 7217
7780 8641
1446 8945
2322 30
3828 2205
957 1619
8427 916
6241 2292
4506 9490
6723 9710
7301 5707
3787 3169
739 6818
8609 3459
3740 3102
2601 6854
585 1082
8633 8679
9604 1555
1619 5790
6623 1872
8366 3906
8876 5596
5778 7544
7494 824
8780 799
7893 3216
9656 1395
3541 875
6586 2390
4100 3521
3986 818
7571 3322
8048 9216
6904 1115
2314 3326
7062 7863
7191 6682
6589 3219
4860 5652
1798 3082
9480 8426
7228 1716
9121 3666
7996 9021
3159 4600
4481 5880
2789 3448
3579 7959
4360 8472
5201 662
7315 7093
844 6505
1129 4338
1704 6399
1333 4142
437 6339
2121 4224
1616 492
8343 2760
4940 1840
7571 7111
5694 2625
4854 934
7688 431
1428 9144
6680 3204
3533 5497
6410 1477
3368 4296
1085 7389
2624 7442
6313 4657
5968 1748
692 1434
666 4916
8996 325
6443 8
1945 6185
9194 6909
9954 1358
5971 7586
9201 4193
9703 6269
7616 4958
388 4085
1545 9821
3681 6000
5202 6572
9943 2831
9268 6059
2605 7742
9041 5138
3539 8044
8469 2315
9013 9098
6950 318
8984 565
6119 3823
7185 4566
4 1499
6075 3227
9023 9536
3367 9342
4629 1099
3654 6474
3312 1567
2097 6487
3414 9841
6624 2973
8349 4259
8887 182
5917 8911
7091 8509
291 9170
6553 6787
3598 5105
3609 8375
2212 455
8070 4184
7252 7477
3102 78
9029 741
9775 1909
1090 5409
6231 2716
8603 1062
7793 3089
3187 45
1242 4285
7413 7760
908 4534
8137 7389
6884 495
9463 9980
1159 554
2896 9105
6297 34
7570 9940
7397 5043
7984 4700
8878 6717
3750 2340
8748 6656
9072 2924
9190 6404
2968 9102
5239 5353
9201 4399
6164 6902
7532 7827
2509 8811
3815 9381
1777 7159
4041 1169
6895 9132
6623 8893
1205 5710
2300 8481
6305 8042
6224 9133
1457 2382
8545 130
6977 867
9089 1556
4553 4471
7717 229
6187 307
805 6703
593 8274
9700 382
1797 3842
16 343
5282 1495
8634 7683
1854 24
7591 197
1850 9777
77 6673
8425 6521
8505 4365
6498 6686
7653 4185
6286 9965
5846 2619
9228 2272
6589 8208
1543 7480
1047 9504
2766 279
1345 5357
3680 3576
6296 3798
3668 2862
5024 8487
1344 4924
7933 543
4437 6634
4852 9136
5775 6438
7932 1565
7143 7001
7847 7799
4051 9083
6914 5585
4567 4443
3089 8153
7620 7269
3107 5540
5747 9844
4614 6304
5582 696
7928 8301
2001 8163
1946 3506
2751 1207
1546 9122
2004 8690
257 2155
2655 7502
1818 9088
4247 8600
9405 1371
1308 1172
335 5810
8868 545
6026 2262
9835 4024
932 7652
5168 4709
2885 3234
6338 8823
9753 2416
3070 7507
8550 4654
6463 8948
5433 2490
1574 8891
4924 6118
9648 7011
5228 9408
8246 7697
818 78
4713 8023
5726 7683
5203 9801
2246 7693
2347 7202
8322 1026
2508 8884
7025 4309
8000 2708
5319 193
7570 9340
6018 6192
1912 1523
2047 4617
1674 918
1458 2769
6190 9349
11 2258
955 2874
1306 8763
6562 5556
9055 5745
2972 1344
8297 8170
6737 8358
8479 8555
2122 2099
5320 1942
7669 5470
5975 3143
6262 6189
7190 1140
7829 2572
1433 2172
49 8114
8580 8725
9222 9916
3170 6040
6244 4508
7943 3547
4091 4939
9342 3314
2376 5212
3064 8176
2272 8447
3550 8517
8375 141
9655 1672
3438 5977
1337 3957
1547 56
3385 6503
5673 1373
920 8863
2128 3944
5399 6864
4412 6033
106 7232
9210 5127
8922 8999
2390 4145
5018 7580
5230 8766
3448 8298
9027 297
8280 3916
8898 9344
1568 3436
7111 3756
6243 4503
6068 7335
4436 5412
3845 8658
9099 9177
5508 9559
6725 2668
1147 4082
3890 818
9974 3561
4566 5504
8075 2124
6466 2109
6933 5836
7758 5506
8397 6865
4259 3550
1797 5594
2313 4973
8226 7143
2890 6370
3409 7312
7412 7967
8272 2946
3736 688
5328 1605
4425 1762
6307 6339
7486 3541
8909 3877
3917 7332
5811 7010
8473 9128
8770 8043
7450 9097
5748 840
747 1263
7737 4538
9229 5381
5394 5569
5619 5365
8087 7818
822 1243
7696 6526
1705 5564
6564 2124
5294 3564
1184 8578
4037 9826
6867 5584
897 8790
4435 1603
9412 7151
2201 7954
1002 9995
5999 5280
9028 9723
3062 5108
8725 2046
1954 3443
8710 332
8990 7438
686 750
5372 4866
7445 9001
6332 5752
6548 8146
8858 4247
2332 272
8681 1478
3307 1630
1545 8312
3527 4862
9038 1752
8462 1019
9599 2799
8556 4123
6539 4265
3025 6274
5955 5610
9684 9232
4667 6327
2649 9791
6904 972
8742 5588
11 4420
732 1931
3503 524
7383 3561
1075 5141
8347 8039
6498 468
4757 2957
3884 1817
6596 6204
4546 5630
5500 7164
6225 4248
9569 6601
7567 273
6714 877
6535 7313
5809 5887
5514 3791
7213 9389
496 5596
1666 359
9511 3657
4076 8552
1249 915
9034 5763
5158 4
7651 476
3650 9968
7055 6480
5234 5313
9550 3857
8878 2975
4044 387
478 5087
8867 2857
6696 4596
9818 4882
6202 556
8832 5045
7340 5277
6032 9321
7 1686
2455 8108
4732 2407
5303 6130
6947 1036
402 1798
710 6607
3613 2633
1199 2307
7268 7550
7967 3585
6941 3031
5620 6942
9355 3109
6814 6159
9800 3409
2067 9247
5040 7700
6436 1578
7587 5768
8828 7102
2920 5556
808 1044
6789 4046
5518 8194
604 4406
6279 4254
9279 5406
4753 2083
2885 1432
9850 8789
9404 2089
6535 8081
8002 2534
1137 8678
4544 3818
6671 9941
3443 6997
617 8779
5287 6324
2832 4628
2330 3709
7206 6981
5582 2070
6611 6422
4990 6961
9282 8702
2500 166
9791 1113
8637 2102
3069 6181
1381 8539
8217 5658
6857 3896
4813 516
6833 9303
572 8988
5180 1975
7233 743
7784 9075
3029 4681
9481 6738
5273 3226
2392 5572
9324 9037
2516 53
4007 2125
4310 7266
3194 4838
1769 8543
2952 7857
9280 6554
6911 9184
4572 4867
8039 950
6339 7894
6004 9054
1693 1932
5819 9908
9754 1530
959 4804
5246 7453
7686 3113
689 1553
3539 2840
7955 1161
2104 9335
1373 2131
2811 3053
3565 1878
9345 7592
2388 3263
9487 769
9534 1267
7965 6471
4863 1430
7236 5139
874 596
4653 6061
3757 1887
3031 3732
6353 7433
6045 1661
4655 9658
29 8722
2153 3650
350 5204
5309 2463
5188 4235
4116 6267
9094 4917
9993 2211
9331 8097
1826 1486
7948 6917
9077 1178
5194 7425
7053 5707
4525 7413
5223 1152
5552 408
140 161
231 588
5331 5945
9499 4720
7668 8657
4214 5044
3183 1058
3548 3799
3832 1189
1526 2640
8916 3540
7442 3550
6115 5091
9211 6205
5734 5674
8718 9189
8981 3606
9733 5257
3041 7958
1730 2603
7814 4873
4692 7886
6441 3457
6752 5027
7021 9349
499 9297
949 6948
7510 9372
9563 1073
6944 5915
9486 3553
8091 1476
5317 947
8144 6999
5581 7002
8802 9986
6651 6444
6216 5879
6819 3340
5568 1112
7503 9483
4250 794
6298 9748
2006 4528
4202 8802
8947 5518
9197 7922
6733 3316
1634 1244
8070 8430
8067 8308
3929 4656
2792 606
7840 4198
6209 9588
2264 314
8382 6703
3990 580
1635 2828
3218 4474
7319 5743
6792 9962
5993 7699
7817 606
6449 4844
3384 4230
1921 1668
1677 5271
3794 2652
9221 5069
724 9981
3962 6327
400 9906
8342 2855
7578 7604
6196 6281
75 4408
6709 5085
5904 7257
8672 9041
8756 6494
2772 362
653 5076
4157 9603
2832 4185
2320 4866
9600 4741
7038 8038
6475 5269
4456 9178
1554 6024
8624 8799
3324 5647
8428 4157
9424 3780
8864 8217
164 7104
3935 1918
3576 8993
3808 1803
3225 5192
5680 5642
7046 7782
6712 2518
1162 5024
7395 9410
2894 8368
1466 9700
4662 9215
9000 3903
9817 1402
1801 5981
4344 6810
136 4301
2003 6216
1884 4055
319 4392
4421 8068
7211 1032
7268 9303
318 7544
1018 1197
2466 9101
6311 6799
181 2705
255 1960
2045 8914
3776 5045
662 2654
8971 5195
794 3524
2854 6382
3999 2888
2566 2852
8341 8396
9417 8452
6636 2356
4893 7016
8457 4580
4600 9689
180 8427
9734 6627
4600 404
6178 1379
7982 9373
2105 9210
7404 8771
5009 6896
1180 219
8530 8606
1262 5900
754 3937
8048 7412
6450 4019
6054 151
2274 1964
5327 2016
5971 4064
7095 8758
8543 7523
4632 7830
245 6721
4506 1049
2877 3773
9035 3668
3804 3519
6874 3504
4701 8676
3780 1449
6363 9887
3222 3661
4306 9012
1233 5519
4529 8953
7046 8824
9258 3945
8476 5443
8262 1104
9787 8931
7240 340
9670 6404
9781 5761
4236 2509
3118 3790
782 5338
724 5013
4234 5676
1748 9077
7592 2480
149 2781
2902 9293
3355 9541
5781 6324
1045 2790
4054 582
6015 8011
7882 9243
2351 8052
9509 7765
5135 7817
6997 8605
8221 9089
2488 1180
8349 6377
4753 2479
4993 3020
7036 9161
8049 5991
5052 6398
3722 7817
8885 8690
2481 1989
1547 1790
351 6936
1349 3385
1528 6708
7687 7201
3268 2671
5317 8475
6389 7016
8641 2299
7735 5729
5081 7743
8517 5363
9236 6361
5115 9406
4649 3136
5801 9662
2533 3779
4031 305
5172 3892
4143 342
6857 5095
1779 6122
7643 8459
1562 3268
4848 4770
5664 1593
8283 6875
6889 4748
4371 147
4617 6618
9570 4706
1063 722
549 5691
4659 3296
3467 9243
6753 4319
4147 9332
6454 2846
361 9443
9069 6202
6726 2036
6983 4643
8552 3345
8980 5851
2631 3051
2307 9456
9284 8074
5041 1120
2295 1085
8740 1669
4703 612
30 6248
8694 5765
5326 8743
2578 1039
2134 3093
1033 3181
1193 5851
5698 4368
6180 8714
8004 5222
4549 801
8106 4522
2905 5483
7839 8163
8390 5551
9852 9465
2857 1318
2501 8721
7006 9174
1033 6242
5399 5933
4637 6810
3229 1241
7094 3991
6100 8917
4173 194
8103 4500
7892 6820
2070 5971
2742 7015
4110 970
2199 3982
9 3897
3245 1568
1757 5568
329 6223
3747 7461
2006 3187
3070 66
3384 8832
6833 4261
2461 8015
1036 1214
9952 6899
7892 6014
8708 1460
1815 6750
3241 667
8015 9554
2512 7899
3813 5063
4657 4870
6846 6897
6543 5203
9666 6954
59 185
7071 6516
39 4273
1867 7756
2221 2761
4013 9187
9933 1543
928 4213
7378 175
2826 4431
3223 8942
775 5458
515 8478
6955 8575
8030 6853
7281 7013
8065 8602
7545 907
5815 8366
3840 7241
7284 6204
9093 6297
27 6284
3269 3731
9229 2458
9922 7349
9983 1594
8847 8841
6130 2168
6670 9610
1091 351
6652 2613
693 2361
6530 3178
3565 5654
4254 6
9978 2762
9113 5603
8049 9463
4573 302
7731 1497
5728 8382
5658 1669
4823 9439
5109 8986
6891 9876
8767 2424
7855 8433
3425 7655
6982 8663
7114 7787
458 1845
4015 6549
3872 731
2505 212
756 6313
9591 7672
4462 3887
7843 833
2195 6545
5860 9054
7019 484
9713 8540
7626 5528
6096 874
7393 3134
3551 4126
5552 9966
9585 2450
9218 7272
7961 1682
2966 9347
8510 376
7087 1385
2173 7802
9327 4900
6090 1954
6077 6084
6249 7179
4835 7575
2464 4941
6069 3067
218 3976
4120 2323
8864 630
9130 4622
4018 3805
7216 3500
8628 2390
8679 9803
196 4193
7421 6387
9378 8597
9078 9142
7288 8678
9072 8975
3437 3856
536 2348
2531 102
2102 5628
2874 192
3707 8695
196 2382
3901 9745
6934 9775
3878 9487
7870 1251
1039 676
659 1171
7145 7419
7005 4995
4859 1924
6618 9454
9486 7627
6067 3371
1524 7181
4341 9709
2834 672
160 8314
4111 2437
8866 7690
9762 1593
8091 9281
1160 2206
813 9983
9453 9559
8454 8865
9784 7196
9686 8148
4592 1033
4279 9395
2175 5744
8799 6038
5199 613
1335 2283
7908 8064
7288 8786
4131 3912
7486 5309
5938 273
6194 323
3265 1340
8563 4709
2722 4114
9351 1546
6405 3229
8408 1627
4476 8705
4475 8464
4215 2884
3350 5079
699 8034
1651 698
1325 7970
1972 369
785 4089
5311 5914
260 2536
8695 7644
3045 2972
6484 8021
1434 8079
5407 7197
5819 7292
4225 7888
7604 7547
3696 1686
386 2880
2452 3503
8790 8059
1075 268
8692 6190
7173 3414
8137 9268
4003 8434
7384 585
4300 598
7479 8913
2029 8902
5111 3480
8245 8972
6003 1531
7069 6702
2552 5650
901 431
6424 9723
5124 5055
218 6861
9464 7642
5911 4848
2815 5467
8978 8889
7595 8492
3537 1121
5601 1547
3762 714
5114 8558
8264 7744
331 8028
7051 4789
2960 8978
130 3625
9994 1087
5190 5894
2090 93
3229 8291
5812 4752
2317 3435
5671 6495
1178 9647
9111 4937
9869 3460
9471 1307
7930 7144
1062 5318
9766 3647
592 8893
714 8411
9470 5241
1173 7154
5490 1975
4937 2621
7001 7684
9208 7372
1437 5749
2275 3359
4867 9966
9463 9660
5258 1668
5663 828
4898 3747
3602 4654
7312 7498
4293 3798
9927 3760
707 6942
4041 6954
6385 7276
3050 523
936 3116
5010 1095
4055 2400
3663 8963
5197 514
2037 9421
4359 8079
224 9691
289 778
5633 4564
5854 7582
4039 2930
1258 2588
7886 4392
7668 202
6199 1167
6516 4629
291 6632
4380 3239
5680 7880
7284 14
2616 6566
945 8017
6861 1424
2616 5718
2298 3466
9822 3601
317 2914
2795 4179
5233 7677
3600 9005
4682 759
5901 6278
4114 663
8895 2651
1129 1141
1397 9607
1879 175
4513 9645
8915 4060
8706 263
6224 9194
8746 2265
3640 1062
2133 6874
5464 9888
4382 6760
2419 2320
4281 7720
1027 4556
5542 3382
2609 121
7906 4351
3225 1021
9387 2860
7306 7630
9096 7764
2594 362
1206 6474
7101 8632
8360 9622
7951 9669
5355 9834
9336 3633
3533 8789
2416 5036
2712 1636
2766 9343
9204 415
3951 6342
3149 6066
6051 8996
4036 969
5469 7715
7129 6157
5703 1760
1903 3317
9564 1242
3327 3164
5996 9691
1316 9479
4125 2579
6383 6840
3662 1986
7968 7578
5620 6521
1896 6935
9833 6867
7447 3771
3888 4470
6088 2931
5608 2404
8416 7503
1780 2057
1658 9400
7031 3915
4931 9011
1697 5203
4130 5480
3640 4547
9532 2429
6004 4966
6256 6054
8673 6060
8423 8464
6130 985
9767 3381
174 3777
5368 240
9262 9068
2541 3851
2349 1943
6477 4562
9059 2377
7145 1529
984 6318
3994 939
4849 4582
7427 4870
7096 1862
8798 7587
9586 3700
1390 8274
8578 9255
3963 6691
4226 4090
7528 9190
1724 265
3058 9193
8641 548
8232 4172
3675 5445
9081 5653
4457 1911
805 4835
9158 7589
374 2890
5212 6443
8443 3716
4680 7215
2690 3275
7589 2052
752 6215
3328 6645
706 3982
472 9042
7726 1235
1745 556
175 5454
1389 5313
7502 1604
4333 7581
2116 3201
8609 6332
1637 2051
6944 8629
8990 1391
6839 2001
7088 1336
4927 8552
5187 6904
9975 2233
530 2047
1893 8839
601 3538
3900 6525
9770 56
3356 8533
3691 4266
3321 4665
3113 6558
5459 5162
1096 3075
5091 103
9329 8210
8747 9167
6883 8581
6701 5072
4300 1794
1593 7124
7372 1604
639 947
659 2850
5641 2465
4057 5771
8037 5916
3118 6221
6493 7677
2798 9839
1114 982
6530 4171
8148 1280
4141 9500
5254 726
9722 2476
3027 3528
5975 1997
9024 8084
705 2989
6137 7436
4808 3949
5644 5283
7685 4945
4084 2993
6905 4493
5028 2683
7821 5500
361 2436
3784 5859
2627 596
4341 6092
7759 9016
7124 8722
793 6850
8040 4662
8888 716
6800 3288
2042 8509
8263 8650
2013 6797
7364 4403
8667 6591
3226 5603
9919 987
2988 3870
7393 9519
9550 7188
8346 6566
6958 5604
8476 2954
3091 369
4571 1264
4445 1306
6357 3682
825 6517
8652 2197
3260 150
5541 6014
2916 3022
7636 8523
7659 8419
7252 6895
4586 7522
614 3368
107 7349
1974 8033
7364 7529
8030 438
7977 2470
8465 3458
6824 1586
9249 8020
6401 6013
8317 8236
5213 1408
9945 2980
8674 2563
7247 9458
3615 2672
213 2322
7211 1980
2302 7809
8404 615
2079 6920
7922 8932
8534 198
1361 2216
6753 1514
55 1309
3839 8796
2013 9002
6213 8997
4259 6663
7460 9210
2853 2177
6493 7868
4530 6971
1228 7361
8935 7422
6427 4343
6650 7759
4759 6186
6078 2088
4539 8047
2796 1733
482 3392
5267 1190
5333 115
6637 9518
2967 4766
5412 4792
8498 3450
1641 2192
7238 2540
1582 1991
401 4895
7385 9442
8436 4892
77 1333
6832 5718
1659 6358
4558 2906
4815 5627
6374 8299
1229 3847
7503 8874
5715 80
2198 7297
8872 8492
1879 5610
4719 9499
7818 6357
5037 3743
1660 253
2028 9609
6542 4598
5011 6935
1003 9103
4276 3944
5140 7960
9697 2796
4213 8955
9907 7740
2734 5064
9635 4053
10000 7917
6303 9875
1671 7037
2928 4294
2251 2647
9870 4684
8852 1202
9117 4477
9176 2712
3121 8683
5780 8013
7550 4944
4262 1485
