100
5321 1
5322 4
5323 9
5324 16
5325 25
5326 36
5327 49
5328 64
5329 81
5330 100
5331 121
5332 144
5333 169
5334 196
5335 225
5336 256
5337 289
5338 324
5339 361
5340 400
5341 441
5342 484
5343 529
5344 576
5345 625
5346 676
5347 729
5348 784
5349 841
5350 900
5351 961
5352 1024
5353 1089
5354 1156
5355 1225
5356 1296
5357 1369
5358 1444
5359 1521
5360 1600
5361 1681
5362 1764
5363 1849
5364 1936
5365 2025
5366 2116
5367 2209
5368 2304
5369 2401
5370 2500
5371 2601
5372 2704
5373 2809
5374 2916
5375 3025
5376 3136
5377 3249
5378 3364
5379 3481
5380 3600
5381 3721
5382 3844
5383 3969
5384 4096
5385 4225
5386 4356
5387 4489
5388 4624
5389 4761
5390 4900
5391 5041
5392 5184
5393 5329
5394 5476
5395 5625
5396 5776
5397 5929
5398 6084
5399 6241
5400 6400
5401 6561
5402 6724
5403 6889
5404 7056
5405 7225
5406 7396
5407 7569
5408 7744
5409 7921
5410 8100
5411 8281
5412 8464
5413 8649
5414 8836
5415 9025
5416 9216
5417 9409
5418 9604
5419 9801
5420 10000
