2000
4500 132
3053 374
3000 2188
1260 4960
2883 1798
1350 4546
4786 3458
336 903
4805 1947
3646 4250
2919 884
4159 4169
509 1889
3491 2625
2739 2712
4806 2400
463 1725
1273 1519
3155 2579
251 3546
1429 192
3356 3536
656 4983
4603 3352
3573 1784
4317 2622
1257 3636
3565 3147
4516 3217
2254 2021
124 2377
1578 748
1565 4988
4421 4592
74 1885
352 1073
4670 875
894 4248
2383 2274
3824 4928
3868 1573
923 4694
4802 3800
155 4742
4073 284
406 3592
2542 2389
2367 4414
4266 1389
4715 4879
2382 1491
4822 81
3248 244
3363 2326
3638 2103
877 2408
2742 2710
735 3107
1878 4076
1764 4194
4122 2900
1891 2676
1824 4140
3416 4124
2162 1438
3765 4060
3589 2942
3287 4607
4843 2237
793 3528
2196 3073
3033 1621
1210 4287
4826 2456
300 1705
4907 1297
2146 699
2857 3676
1359 3633
1962 3553
1614 2284
1323 1738
4875 4850
4688 4321
4640 354
881 722
4915 1480
2789 1788
1827 4933
1766 3877
4841 394
1815 2976
1709 4849
2824 4296
1702 2122
463 183
1925 661
4954 2516
1860 2147
1019 613
2404 2622
4741 4579
4582 4268
2171 4866
2690 1876
351 726
2673 2438
667 3844
3940 3955
1845 331
1831 375
965 1376
3835 1345
3218 339
1783 4720
1829 806
2474 4399
3585 574
3999 1505
4248 374
3758 2848
3944 3597
231 2549
2002 3758
2003 4556
2873 836
2583 3226
2652 4634
4733 2093
2107 2307
255 2294
4671 4498
91 2758
2324 3190
1519 2157
1983 3729
2361 2394
3619 2743
1958 1028
2627 3219
3735 2577
4696 1611
4920 560
2355 3873
3767 658
1779 2407
1668 736
771 792
40 3049
1371 1323
639 4442
1769 491
3399 2758
4320 4366
3656 2304
3288 3994
3309 3715
3629 3565
2822 3570
3010 1354
3611 822
1800 3484
4615 1158
287 2838
1814 3410
4322 3895
1979 3730
3656 2322
1279 4307
1899 282
2170 3764
1907 414
2274 745
1469 2963
391 4745
4370 2381
3617 4711
3065 85
2618 3896
795 3980
421 4894
4837 2275
1492 1226
4447 1199
1337 3792
2851 745
4895 3155
1042 2946
3590 1082
1723 4957
2442 213
157 3033
3392 4812
4123 3092
2583 4539
1268 2433
930 2777
277 3512
1337 295
2375 4466
2769 210
609 479
4936 3358
376 1929
660 4808
2404 1349
2881 3067
4787 3465
4338 2083
322 607
665 2297
1597 3267
2619 3613
630 3920
4064 2798
4671 4753
4383 2507
4695 4447
264 1762
2463 1596
4492 1940
2707 2056
4037 427
756 2850
4603 2566
4225 4713
3791 1387
3469 3300
368 4359
3305 3682
4730 3258
921 1897
2289 1756
4116 3114
3892 1493
1767 2272
2068 221
2059 1033
1357 4607
4020 873
2717 4474
299 174
935 11
1340 486
1576 2536
602 1832
504 1443
2836 4321
1838 4163
2765 671
924 3594
1961 1527
2072 2269
1938 1782
2090 4363
746 1719
229 316
3315 2674
4038 42
464 130
4307 2381
1361 913
1979 2589
4522 945
3168 4883
1899 2608
1359 351
457 1227
1931 4753
4862 2014
2131 1400
3585 4725
1714 1562
4219 3601
3996 2640
961 4991
4539 3825
160 1332
1152 1392
4473 2549
3912 2355
4545 1328
2699 4928
4251 3450
2647 4173
3960 4697
1373 4138
376 4759
2930 3011
4278 4244
1935 4863
1418 4385
4433 383
710 897
2796 1504
1917 3960
4977 2493
1596 2517
3435 4656
721 158
4456 2314
746 4085
4870 2301
2626 1743
177 3900
3560 1984
1133 10
4420 1775
2739 82
4594 4312
273 2935
2005 106
4221 3352
4314 861
4543 3932
4134 3743
4517 13
2900 1823
18 4544
3821 4694
1373 3506
3106 4813
631 2374
146 2439
4421 2433
1051 4146
4286 4779
2972 3485
3363 4655
665 1416
489 2155
3406 4386
2183 4727
3535 1904
3414 828
2718 390
4423 3707
68 3539
125 1699
2455 4233
2097 309
2888 3891
4545 3202
2657 4774
1135 591
2712 1006
4646 4328
4801 3984
4674 3861
3561 1594
1828 2283
938 2032
4391 1054
1393 3785
3293 3356
632 457
4191 4971
1888 279
1954 2572
4760 4630
706 2356
4391 1414
1926 187
3040 53
1079 969
3422 4869
2308 2627
644 4882
4526 3882
3775 2729
418 1030
3247 451
1742 2149
3059 441
1653 649
4721 3336
4184 2511
3143 2811
4129 4146
2024 2798
2460 4508
4944 140
4825 1425
3331 4319
4630 74
3795 1075
4733 1212
548 2537
2317 2791
2072 1362
664 3961
1296 4758
4368 3894
3745 962
32 133
3718 1561
2125 4911
4783 4493
1004 4875
4249 1274
2779 3798
1310 3444
3424 4205
3119 116
48 2061
2306 4452
3376 378
1153 4263
2197 2718
3497 3567
326 4034
3731 2319
4324 985
4958 3783
3977 4704
2995 1427
246 2690
284 4423
3044 2561
287 4782
2777 287
2882 3637
2315 4629
144 1219
3634 321
3762 4129
910 389
2663 3040
4378 449
180 2552
1115 2584
4030 658
4441 3317
3067 2470
1220 2392
1116 3344
4085 2117
3270 1958
1473 1664
1482 1912
516 3012
986 4196
2367 4636
4850 3460
232 1208
3854 1888
4823 1337
2340 2405
1298 2275
455 2558
3509 4900
3499 848
891 3750
1594 2583
2684 67
1975 1282
4663 3566
3819 3554
882 2723
4023 4784
2830 1398
2909 4118
4870 268
4962 4968
1561 1948
935 619
2769 3935
1227 2609
4076 543
3144 140
4582 1201
3499 4706
3987 4168
1754 4102
2161 4433
1005 4758
4833 3411
995 1546
4304 2278
3665 4033
1741 3943
881 3325
1051 4330
932 2083
3403 3982
1495 1065
45 77
823 4266
2062 264
1648 1040
4103 393
1842 4707
1736 4985
4386 3229
2235 4823
4683 1524
849 4649
84 501
1556 2208
4422 3813
3414 2940
2711 3707
1514 4498
1953 2484
1095 2416
4465 3668
3509 267
4242 4036
533 1978
1786 2140
319 4401
3329 575
2112 775
4027 503
1760 2982
1722 3408
1250 4046
597 1496
2220 1684
1219 2720
1833 797
2816 4729
4078 2577
691 1025
1827 73
3453 969
4782 278
4182 4709
2334 3695
816 4761
1652 2724
4175 4102
3386 4818
3797 1659
2448 2979
4483 589
988 2128
2466 1702
3981 8
4927 2589
3690 3768
3202 3015
4268 622
4808 3923
3286 934
2100 1103
446 618
4736 2535
1190 1213
1421 4427
4834 4728
516 1050
3875 2140
978 4791
273 1843
475 2362
1321 2195
1502 4441
4639 3534
4285 4940
1538 3744
826 1180
1633 4636
2635 3119
2889 554
3159 4956
3820 2921
253 4591
2629 262
764 111
185 571
1912 549
1732 1101
1319 685
2334 4236
799 2506
2848 2522
1230 937
3626 3591
2574 1244
2786 3515
605 3627
3416 2459
4808 733
942 4267
314 4667
4345 1973
2662 4921
3716 2834
380 3315
4653 907
2096 4953
3754 4797
3839 2153
1934 245
3956 4846
2926 1110
254 1001
2039 599
2127 871
3986 1839
4608 1222
947 502
1603 4552
4446 4060
314 1980
4214 364
3151 3554
3198 192
3384 190
557 118
983 952
1745 2120
4553 4059
2601 4173
2868 141
1990 259
539 4909
2600 79
3108 1574
493 1783
3658 1990
2076 2717
3005 2830
3759 618
1432 3827
3031 3224
2532 1723
3648 1529
3829 1115
521 2015
997 593
4958 4156
4322 815
4463 1396
2221 1024
616 2977
696 3735
625 3472
2383 2442
3153 4700
2348 3084
1844 1980
4942 2746
1291 909
1900 791
3030 691
3074 1186
3179 3814
100 1342
2841 438
1645 1212
2871 2492
180 4367
2632 1513
3562 4680
1148 609
694 2872
3977 175
2019 2556
1419 3634
4088 2212
986 3667
4310 4893
3681 4677
827 3088
70 3091
413 1612
1192 1761
737 2056
4139 3797
1054 1160
4951 1322
3606 54
39 1006
2455 1846
3436 864
2586 3121
3553 1388
1181 2840
1231 173
2973 1437
1558 4368
4199 2588
1413 3416
1944 4588
396 3534
4955 864
2149 3238
1810 1640
3820 4270
2134 161
523 3012
403 4628
897 2796
1470 3664
3962 724
1452 1001
141 645
4471 3979
4094 2100
3847 1803
944 3151
373 2138
2697 4315
4119 2620
4370 698
257 2717
3398 2211
48 2987
3382 4984
51 1819
1965 94
684 1201
1555 2170
2083 2792
4388 774
3601 1964
791 3122
3530 2552
1906 4934
1538 4735
4480 2246
358 4440
3735 2403
4852 1863
2427 1525
2962 4592
3981 2420
2358 3155
1985 26
2992 239
1692 1524
1199 91
4145 2380
2538 2308
3065 4890
3522 965
207 3906
3564 3950
3207 3251
3109 514
1551 2287
4512 2004
2210 4925
3313 4550
4371 3431
4106 3921
4677 1761
2205 804
3107 2867
3484 2211
1714 240
837 2367
1731 4120
4110 1483
1267 4646
1717 2633
563 1384
116 4071
3441 2744
1291 3492
3127 2854
3301 3273
900 144
1437 4336
2519 2406
4864 1944
2627 4991
424 4160
4043 2190
4261 2377
4798 3162
3483 4328
1581 567
905 3350
4065 4564
4172 2926
748 1595
1229 4220
1695 2655
4283 115
4339 4062
1315 914
3460 336
238 3189
4000 4766
1620 3164
2871 1032
729 3063
641 879
1851 2385
3386 3025
4306 4769
2735 680
3963 3659
3597 1552
2628 1791
922 3696
4458 4929
1147 1249
1584 2963
2076 4911
3563 1090
3026 4558
2193 2398
3355 1146
1156 2861
3729 4818
3873 742
1405 2507
4017 245
1075 1985
994 2347
3528 1620
4284 310
3356 2868
4454 2911
4055 3304
1133 3809
418 4817
4044 3219
2253 4493
3992 3400
223 4341
2500 1106
3996 4384
3382 3615
4411 3910
4183 4240
1777 1970
1154 3786
1341 2750
4763 1725
707 4220
2429 3146
2454 3881
3330 3249
97 1840
1073 1635
3726 2198
2499 825
4095 2934
4397 4360
2141 3319
4936 1487
4578 180
150 929
1807 3800
109 674
239 4144
2324 4515
3763 2223
2340 3936
2036 888
79 4542
3600 4092
1509 4819
1745 52
1767 729
78 1216
2941 4414
2853 2448
4679 3269
4776 2368
351 2890
57 1724
1629 3844
2304 1784
2734 590
1559 4693
1407 822
3361 642
1279 3489
1441 4034
4792 4503
1977 1993
4095 2799
1134 585
992 2762
4525 817
3315 1301
3454 2915
622 2260
3978 723
427 4882
482 1522
188 1620
4395 3010
1791 3870
3825 3679
3151 1800
4010 657
868 3638
3342 4955
773 1252
1163 4697
2198 4680
3362 1299
2630 2185
4217 2686
934 393
2152 1864
214 4345
2261 1450
3289 614
4646 1489
8 1662
2188 216
1151 1594
2099 2586
3118 2232
3155 820
1419 4132
4900 4517
1754 3044
4181 3967
2041 242
2894 4219
2505 3812
317 1771
1766 4147
3398 3102
3794 2572
4158 676
3285 4660
513 875
2660 2495
1642 4521
4382 1792
4519 2455
3003 551
1437 746
3614 2631
258 4760
1854 1568
2407 2567
4726 1356
3934 656
3849 1319
3425 2408
3421 4979
3010 4980
4983 2973
3335 4436
2508 4604
2407 1371
3213 2502
2645 4298
2569 4169
2787 786
1307 4763
2856 4739
1592 1703
672 1325
1271 2981
4086 1343
2388 2863
3432 3387
4508 1465
2389 2839
386 1751
1589 2313
685 497
2124 4768
2601 4710
571 3065
590 1379
4656 4304
4774 2188
3692 2290
1165 2431
241 2972
2118 2897
739 1651
1908 451
4774 3662
3317 1733
3524 1876
3580 534
2908 2568
3132 4145
2605 4154
4850 216
2153 3514
2348 4821
1475 4937
3237 1125
785 824
1474 1560
4925 2098
2880 4075
2070 2936
2250 923
3631 3490
2366 3572
4785 665
3168 2560
874 3326
4021 1797
4973 43
2287 2988
2796 3950
4340 2644
2180 35
4248 4400
258 4367
2962 947
327 1626
3044 143
3758 2417
4245 426
617 4848
3716 527
1248 2261
3691 2014
3300 3089
1443 4664
4395 2122
2636 2530
2659 2681
4449 4374
3410 938
4427 1859
2297 1152
4662 3424
3697 375
4790 3545
2573 3451
2644 663
28 74
564 357
2254 3778
1840 905
4110 4822
1724 3434
3488 315
2853 1681
2549 4650
2626 848
3443 4244
4891 3282
3722 693
2562 4873
3297 1649
1736 3199
2229 364
131 1196
1569 4582
3680 2294
1695 2410
3467 914
307 3506
3783 2591
2024 3349
4617 4272
203 428
2374 2574
4486 4273
179 3479
4552 3549
4302 733
3085 2474
3535 2044
130 3110
687 1672
140 2960
3263 1869
1909 2832
1097 2843
1097 1911
2152 3861
3102 806
3067 134
198 1163
1817 3590
4858 1657
2203 3119
3704 2190
983 3870
4413 4526
2312 4831
1442 528
1867 2080
4666 2332
4578 291
1760 4565
3549 4209
1843 3967
3040 241
4783 4927
2642 3474
1168 1344
728 1778
3364 90
4114 4951
3589 3463
2744 4181
569 2097
771 1358
573 3799
1048 4645
3324 1856
1107 3699
3463 1188
4934 391
2208 2584
700 573
4885 2046
172 1858
3865 4003
3848 4136
4737 1365
4131 2972
3187 3355
3906 2884
567 1925
2914 1593
1539 2290
4825 2199
1646 422
1933 2863
1304 259
2207 4405
958 2088
2584 3060
4893 788
1144 3266
2824 4748
3157 3407
2859 1744
4250 2575
1079 4191
2416 2805
1288 1899
3590 4231
174 2746
3731 2786
4940 2252
4908 4089
2325 477
2510 3752
2025 1007
4974 293
1903 1755
3283 2157
434 2630
2728 196
2013 4966
865 2990
1798 930
3767 2098
177 3725
195 731
3770 2540
1593 1852
927 3926
994 3311
882 620
3859 869
654 3057
1452 1703
2812 4995
3127 2979
3756 3532
3674 697
2466 1141
2950 1371
1541 3019
4449 3965
4941 4825
2194 2893
2829 2526
4912 4990
2048 625
2177 635
3693 2529
4834 4386
2224 3919
793 3461
4528 1948
4382 4857
916 3473
672 4955
2612 2844
2798 637
614 4575
1534 315
2734 1285
3369 2059
4404 3033
2694 1528
4547 3010
2688 4859
967 1549
2276 504
1842 1088
4631 2943
3019 4832
2702 3864
4919 4157
2219 1767
3059 836
2560 1161
2105 447
201 3218
4541 753
3385 207
4679 3848
1884 2470
3362 4472
3721 4083
3762 1273
4780 1865
985 3564
26 4920
3874 3811
1165 2434
1125 4214
1617 2189
4051 4030
2151 72
729 3751
1405 4837
623 2539
4844 1574
1526 322
3158 26
1399 721
4164 3349
3943 1398
3548 2678
2993 3307
3525 2284
1264 3101
4129 2187
978 2720
1441 2897
3763 2278
4572 617
1127 2367
1922 3213
3182 4721
3103 2368
167 3523
1333 3582
489 2477
2615 2903
4874 4219
4297 1052
4075 872
1912 592
1902 76
1191 2424
4954 3375
3978 1407
846 3082
4738 1097
1859 2756
3177 2212
3312 675
4453 1877
1294 2830
1571 672
856 1709
4775 4814
2779 2519
611 4711
80 1595
1885 2304
565 1072
1305 3112
126 4502
4072 1407
2056 243
16 739
4070 2183
2031 4297
3890 415
618 4429
3485 528
544 2086
382 3090
4809 2580
893 101
870 1662
4761 4371
1661 1360
127 1076
1832 4129
3005 3755
164 1882
4941 1394
4784 2838
4777 3958
3539 3309
1481 959
575 1556
3905 2776
4025 3781
4499 988
3913 1308
3259 3962
4711 285
1143 435
953 1156
1488 1719
4470 4953
943 642
104 1919
230 586
2346 4831
199 1387
414 3042
2903 158
4835 4406
2046 4805
3752 4362
305 104
1037 1805
3342 57
1224 4449
2810 4774
455 1154
1679 4691
1976 3891
4502 1383
1353 285
2546 4166
3858 4683
1603 3299
1922 4184
1331 2455
1785 2363
3335 4281
4030 2515
2213 2162
399 569
2315 4461
261 2282
4008 705
4628 3498
2384 4982
3512 3644
303 3126
4905 3395
4583 471
3431 4277
1440 3789
3054 2782
914 2349
56 975
56 3396
1774 1929
4060 1231
2206 4767
2474 2130
28 2999
4336 746
4235 33
2048 4786
637 3700
3552 3705
1215 2146
1124 2731
1829 152
4691 1252
4358 1665
4851 853
2534 224
1870 698
3332 1491
4846 397
4170 4757
3637 3405
993 1514
1457 4867
768 2286
1108 3454
1242 837
2698 4691
4213 4131
3511 2249
4525 1345
2738 3947
257 530
4656 1004
3128 690
3855 1896
2978 3898
1802 691
3886 1050
3313 1365
1801 4656
3503 1394
1118 1536
170 2015
1672 3704
443 4918
1897 3808
2935 2192
1293 480
4666 1708
315 3785
1717 2084
3907 4338
4065 255
4620 4174
1590 946
648 2804
3814 925
331 3733
2317 1724
467 4405
2176 3370
3882 1281
2791 1020
2100 2473
4400 3585
144 4547
4558 3359
2264 2567
1391 627
3627 166
4243 3409
1196 4715
943 1417
120 4649
4918 4619
2699 2748
215 4943
2369 3514
3527 4382
4703 85
1830 3104
2576 3071
3051 1568
2484 1809
117 410
1103 4944
4052 1685
3009 4104
244 228
4435 1421
2187 1657
4018 3577
2818 974
2379 1708
4002 2974
1832 1896
4727 2052
4792 1823
2472 111
2040 4967
4986 710
1372 4145
1371 1643
3945 1768
2172 4019
3254 4611
4222 1557
1445 4982
2461 4987
4194 1216
4651 2428
559 3026
662 3291
2451 4687
236 912
2268 675
3226 182
1984 402
184 1095
4927 4307
4409 4042
2252 148
2352 2049
2309 853
3373 3368
1115 4912
1238 3961
4045 837
1517 1309
616 307
212 1946
2524 1185
3974 541
4460 4003
1204 2793
4768 4699
4260 4067
4645 4847
4722 1925
1902 2516
3990 49
4886 1642
4266 3470
2418 768
3517 2774
4968 3153
3372 442
213 1221
3060 1945
2266 688
1476 377
1541 4093
3026 760
3479 4015
706 1499
1321 3675
213 1358
9 3841
4025 1775
331 2031
1866 1890
3568 449
83 4486
4769 1619
1256 1564
4211 1924
548 3070
128 4866
1295 2128
1120 1459
3025 167
618 149
1228 24
2983 2411
2972 3492
2080 2704
685 4782
4713 4379
707 4987
3098 4827
1662 2922
2085 3863
3110 4673
2810 23
2252 476
158 4106
4606 926
1768 420
4455 4469
1510 155
456 3833
3620 2040
3028 1314
98 625
4625 1487
9 2508
965 3964
98 1181
4351 4759
772 2876
1483 2557
3812 1359
1402 606
1060 606
1348 172
2540 4343
4670 3211
739 919
4188 4880
1315 1243
873 4477
570 4288
1816 1858
1562 4306
3205 2285
1069 2146
3745 1981
4178 4524
3760 2668
1546 1998
3454 4376
2179 4767
2804 2539
689 1282
1016 4183
1674 4891
705 2253
4394 2003
835 3523
720 1285
1834 1013
1758 949
4331 129
2430 3510
1107 1740
2873 2639
512 2860
399 2454
2592 1616
1975 341
1484 1915
638 2370
120 2456
4645 1131
2754 4045
3569 2728
1596 770
4564 4973
1090 3914
3525 3132
1668 2032
3110 1504
353 1872
869 198
1224 1486
1947 3244
3046 3472
3009 3962
3406 3963
1016 2195
2971 2143
2782 4978
3746 430
1307 4790
295 1511
4579 669
2430 3642
4082 2976
2422 329
35 4999
4096 1914
4033 1031
1943 4511
4692 604
3556 660
757 381
3244 4648
411 3651
269 452
537 1659
1365 4999
3612 2059
3200 3095
4787 1764
4720 3370
159 4695
3435 4083
3395 1618
2703 4960
4732 4374
1163 3865
4907 2971
4613 1041
3259 1520
3946 692
4036 1150
2338 4769
2276 1153
2069 4147
4547 568
2479 4148
3551 568
2907 1979
1033 1505
4134 2388
4998 4341
171 601
4892 1612
1665 3173
1112 260
1166 1251
3668 33
4983 3206
2227 632
2485 1529
3325 112
4259 2203
4829 4978
3903 3650
987 702
4069 599
2706 2661
1849 3988
3760 2853
4319 4618
4878 4672
1529 2091
1050 1471
1234 4024
219 874
3107 2566
3792 3907
1430 4588
4538 3499
1775 4687
1446 2814
3680 2698
2568 3877
1101 3371
1731 1495
4816 1814
1356 1909
3721 3948
1316 4014
1777 1541
37 3192
4008 1210
1157 2198
130 2501
2187 493
4776 4985
1329 2666
569 2044
2513 4117
4308 1429
2114 1261
4720 2036
4127 944
1039 2887
1671 3326
80 4317
4221 3616
1688 3358
3923 228
3240 4996
1049 2314
1795 239
3990 1776
1872 4832
3946 627
91 1290
1283 850
3970 2532
1028 801
1389 1921
3828 1731
4192 3767
1815 807
2834 4247
4511 1958
4576 3274
481 1368
1384 2130
1934 3552
3587 4516
3373 4725
2461 157
3707 3292
3038 3611
3571 4344
4153 3076
2375 105
4032 4369
3805 3086
3581 858
2124 3247
4813 3699
980 2888
3570 1822
2593 4235
873 186
4279 1576
2786 2852
1203 3620
1099 163
322 4010
2925 1652
4771 3080
156 2176
3052 3518
3573 3340
2378 3659
610 2629
4307 233
2492 4279
554 604
811 2753
3524 415
892 3619
4068 989
2610 3568
2899 492
4919 1646
2540 3757
842 4996
51 1522
14 3111
1282 1010
4822 4551
2366 3330
1358 3999
4975 1801
4294 569
99 3071
604 2706
4559 1362
3327 173
1074 1097
946 3380
1095 2073
117 1402
1248 713
38 1381
324 3826
2154 269
534 3540
2283 5
1600 3400
2820 4287
3282 62
4890 4232
1102 3094
4935 508
4011 3311
4920 4127
1535 3497
336 2833
4790 1400
2911 3632
2681 1742
3836 1852
4133 2443
3983 489
1727 3893
3771 1932
4838 2242
4135 4518
4638 4522
89 622
1885 4059
2273 4308
863 3244
1059 2987
4048 1989
3955 3828
3412 961
2549 289
4325 3663
1414 4100
2282 3062
3258 4772
3538 3048
2426 3474
3016 4037
4215 1178
29 3254
1554 3921
2756 2293
3527 3971
368 3403
140 2006
21 2205
2795 3067
4940 531
1213 261
4949 3053
4732 2925
3756 4420
2126 3227
2322 3477
3364 3578
225 2829
3606 4696
586 2386
2559 520
3430 3645
4358 38
1490 380
4819 310
4592 2073
2223 4340
343 2075
148 4571
4875 1328
4934 46
2197 2171
2676 4869
2258 2415
326 3053
3645 771
3130 381
1401 2755
957 4571
529 2531
5 1633
4329 4319
2604 129
2080 1175
2594 4775
1748 3376
3664 3644
4913 1893
4013 3944
3144 1214
2079 1584
2639 4973
3437 1106
4798 1451
4716 2876
400 3125
3959 3135
4028 4903
1756 531
2280 4613
2980 417
3661 2428
3019 547
4786 669
1318 71
3275 1195
4669 1427
1940 1886
452 1162
608 2610
4000 4946
3072 665
2026 172
3191 1729
3230 1519
3534 2594
4618 3252
4754 1730
3986 4642
565 3184
150 2585
776 2301
2096 584
705 2411
3375 3065
19 2939
3581 4695
4345 4659
1639 340
188 4078
2707 3518
1678 4975
1517 1172
704 1030
125 2022
3206 705
977 1717
2523 1337
37 4729
442 359
3105 3127
3029 4564
1229 3225
354 2144
4764 852
3148 4058
2282 894
686 2706
3638 341
4930 2305
123 332
1043 2497
4351 3354
2611 4918
1873 2173
716 3543
2395 4894
267 1093
594 1777
714 1642
3833 4640
1543 58
4317 4579
1059 3343
3159 3712
4570 2185
2018 4886
3637 466
2967 2540
3255 157
3231 857
1070 4914
4709 4528
4963 4446
1364 2765
3748 1347
2014 3654
1855 3894
2005 3168
4791 4563
1466 96
2741 1546
1748 3522
3320 1489
723 1949
738 2554
2720 3822
1955 2329
1515 1298
749 4093
3109 3002
2402 1661
3441 4428
3705 4666
709 4660
767 2129
243 3857
2258 2842
2804 4199
2175 1996
1013 1409
4943 1705
