2000
4480 3920
1935 1528
2254 3199
4850 738
4597 2464
3881 2212
1601 4286
2522 4884
907 3255
739 1224
3334 2817
191 972
3406 4991
1079 4037
3208 3047
912 2439
906 1386
3505 688
4507 3222
863 2665
3030 4443
2856 59
799 401
4447 1007
4836 2660
293 2276
2898 3990
1802 3240
3730 980
2038 3217
3668 420
1173 281
174 4029
2111 615
387 4678
3960 2179
4124 2095
206 2807
4545 4442
1572 3273
2306 2744
2567 3291
1827 2204
1395 2516
4896 629
1824 1918
846 1141
4716 1048
2262 546
4963 1910
1054 291
1675 4336
4437 3359
697 2398
2702 633
4750 1581
4126 1213
297 4992
947 2156
1753 3468
4453 3551
2328 3640
4780 3686
2218 2228
4466 796
2096 1425
445 4948
4892 2736
1979 274
1311 1735
1549 655
2800 4497
4500 2406
36 4507
4651 253
3462 4942
3974 2052
4101 2556
3733 4691
4570 2647
4166 3783
4137 1763
3150 4785
4508 195
4504 466
844 3390
168 893
2153 2896
1266 877
3784 4236
3169 3863
4721 1294
4217 4142
4910 1813
3938 216
3914 4287
4343 2478
3843 2576
3430 2971
2423 4913
1936 4345
2163 4730
760 3665
433 4763
2072 2803
2339 1029
1477 1567
2853 945
3336 2854
2896 122
127 1008
4687 2573
3946 4690
13 367
1702 2752
215 4581
4322 246
1033 2694
4020 2486
459 4589
3513 3946
4986 2851
2766 3122
2512 726
3039 4333
1100 1218
4205 341
2193 818
632 2379
2111 2625
1473 4918
3876 128
3235 1903
4196 4985
569 197
3129 2218
1918 2900
3934 482
724 1725
1565 147
3416 4717
796 3084
311 2588
4716 1437
4858 245
4089 4887
1161 2970
4258 4277
98 1216
2724 3014
2209 2498
2936 1547
321 125
3960 2338
3642 4229
3510 2367
3653 2126
296 3058
1985 4327
3917 1956
651 1647
3351 1279
4209 2505
4364 368
4371 3100
541 4693
2113 760
3375 3363
2926 2718
3966 4421
1487 4616
2485 755
1617 1235
1457 3053
2008 3981
3708 981
2176 2657
3150 2886
370 4184
94 852
839 3914
2110 2913
371 4480
2403 2975
1581 3256
1522 3571
4839 752
1737 515
2338 2061
2545 4499
3126 3167
2075 648
4310 3704
1334 1735
1027 4845
3421 215
1174 2368
4896 2092
2534 4800
4553 1889
1270 3741
2269 576
1189 4024
2986 2643
1598 1738
1133 3965
2214 2986
62 2042
3394 4986
392 1720
616 2712
230 2840
746 1001
560 855
4727 3230
4866 3703
4841 4970
753 2914
338 1518
4602 1316
1711 4619
4824 2059
502 792
2905 4411
4679 2926
2988 179
4761 4328
604 3980
136 2826
42 4927
1471 1608
2754 2992
272 2069
901 2345
1761 4685
4868 4397
1540 3629
1935 1332
3256 87
1684 2202
3548 1135
1367 100
2917 152
4429 2984
752 1904
3306 2266
4199 4254
174 2262
4848 2823
3024 343
1899 4642
3384 4872
1669 1933
2758 3549
779 210
2576 1098
913 963
4975 259
667 976
1081 4834
3377 4689
1763 2933
506 1659
255 3479
4198 4545
2312 1082
3945 3839
4353 3727
3307 1846
2978 4656
4573 17
283 185
945 745
111 2239
3024 1881
3198 2705
2687 1167
3396 3929
3432 3061
2863 2058
4055 3209
795 3878
921 2639
1898 629
4699 796
4980 3731
1154 260
4445 1737
3762 4969
2739 4084
1738 788
3833 2556
3908 1816
4633 1137
4369 3329
4281 2903
3293 77
4941 3306
546 3495
202 3082
4761 4976
3855 3477
2726 4862
545 2619
57 2176
2567 684
55 3671
3297 4991
3081 1837
3545 4372
3101 225
2155 1731
1646 2823
4796 1926
4337 157
2965 3286
770 2101
2048 4360
4545 2170
4235 3709
4469 2806
4934 995
2746 2704
4715 647
2833 56
1008 1425
4208 168
1541 1564
4649 4151
2933 2506
2623 4928
3632 4339
2489 4709
1943 258
1788 3723
1237 4152
690 4828
3415 240
3146 4868
874 4245
3665 3372
801 1666
3984 450
3636 3833
4148 1846
4851 462
3932 4372
4160 70
1417 855
3976 2237
579 2131
3226 4869
1821 1772
4344 2633
4927 165
939 4499
168 1273
4719 3256
378 2129
129 372
2591 4835
1758 4800
3707 1619
2418 4193
3775 3824
3809 585
4556 4782
3668 3414
2333 1743
4706 2181
2722 1946
2904 3060
2463 4959
1527 4355
134 1961
3012 741
4235 4606
2451 366
1841 2611
3546 4702
3952 4939
477 3021
502 2242
2784 250
2229 4717
3335 3560
848 1280
2036 2549
1817 2264
4659 4183
943 3174
3845 3895
470 2333
1262 2363
3838 3303
817 3324
3221 3911
3848 3669
2220 4603
465 3687
3174 4768
4480 1372
125 1620
1732 3870
876 2596
2899 4286
2633 1483
3334 2968
2560 163
1778 1958
730 3775
2528 4827
735 4142
4621 3248
3895 263
3557 637
3613 1204
2134 4867
4703 356
2339 4561
3324 1585
1639 3031
874 1022
1870 66
2274 3479
2052 3018
1228 3014
1940 2912
1974 590
3732 791
2005 1811
28 1621
3842 2511
3169 2223
238 2218
2634 4966
4352 28
1949 4138
2906 2631
3497 888
1073 657
3612 3914
917 2027
2916 3365
3567 3780
4537 1945
565 4594
4369 2350
1850 964
4998 2914
72 3363
1731 42
1241 1135
4759 3125
1854 1665
1176 61
4640 3553
4624 2964
1760 2557
2391 3327
251 381
3605 4708
136 2778
4191 993
2294 3949
4774 4920
638 1694
580 2698
1653 1436
1791 3167
2462 4998
625 3686
2104 4554
2390 3191
1297 3092
1616 981
920 84
529 374
4920 1183
273 3141
2629 681
3734 3651
4790 404
840 3664
2863 1460
2342 982
2991 1704
318 115
4582 2547
712 2551
2591 4844
367 2000
420 3992
2469 348
3045 4883
3848 58
2168 222
1705 1361
1137 3481
1590 3931
3247 4852
3358 3658
581 4864
2082 3582
748 2645
3135 2164
3662 931
234 2413
2224 4767
1459 542
2128 2606
550 4284
3486 969
233 948
391 4515
2653 3768
4552 2468
1557 4213
2621 1386
3838 4442
309 4441
4526 4561
4750 3115
759 541
3373 424
1801 1291
3019 2886
1852 3054
3602 2469
425 3160
1123 931
3540 431
2641 1865
2193 3062
1507 2880
3327 2516
1864 4463
722 4651
1136 1281
1439 4999
3006 1443
181 4697
3609 4161
868 1422
1762 3486
2864 3441
1090 4685
3266 799
3141 344
1700 1275
2898 4827
2059 4033
825 4895
4162 4266
1384 1193
3283 4159
2023 4777
4620 3595
4790 2850
4444 1206
3858 1878
4374 416
1704 4188
3662 4907
611 4413
1855 2545
397 4855
2263 3989
399 594
4280 3254
2856 231
813 3627
1711 3705
2952 1391
4490 4299
4018 3968
4490 1883
1620 3140
3770 1132
4678 540
4185 2405
391 4026
4570 186
4491 2118
4366 4220
8 3881
2446 3052
4453 320
2679 3904
163 1152
2482 1771
1117 3261
3797 2460
2279 1523
31 2149
149 1415
1036 3144
2012 3154
3072 4178
1596 4358
2813 494
3017 2678
1974 4497
1651 3663
449 1928
4198 3418
3049 1673
1230 2400
1307 4676
631 3041
2708 3713
1544 458
486 1888
3475 2119
2444 418
2410 633
2892 2339
3290 1610
4232 4983
968 2898
2105 1635
3353 2153
2814 3981
4772 2063
2208 3722
60 3077
4616 1603
1528 1454
2793 1385
1153 1449
2039 2896
114 2372
4408 4305
4039 838
4047 459
1747 2918
1498 4751
1704 4974
80 2461
3419 2232
3220 1714
2280 3082
4346 3959
4498 2046
2858 1224
3242 3697
4479 1314
1000 2871
327 4023
2861 4027
1519 4933
2549 2017
3515 2918
1625 228
1852 4008
2630 464
4513 3077
1826 928
1007 1311
855 1248
3779 3092
522 321
383 3465
1849 4872
2305 4691
3319 3493
553 360
4693 1209
1224 2407
624 4367
1744 4693
842 1620
768 3058
432 1802
2746 2920
1587 1114
4115 2372
1116 4697
3391 42
109 342
1432 121
1922 4666
1241 849
2221 2755
3426 3258
2832 341
3791 4908
1365 1432
3908 2971
3656 4908
1283 4261
2765 4640
3386 724
2161 3096
292 850
794 3966
323 902
2681 3120
381 2713
1904 4061
610 4117
2640 4006
1846 129
3996 2766
2889 1108
1693 3087
857 614
4354 3986
2142 4111
1589 4091
420 4310
4277 3892
4068 4856
919 2902
4683 16
935 1209
3018 4980
208 3764
2228 4472
2950 1662
4493 1265
173 3480
4399 2247
3252 4746
910 4441
130 4570
3190 4428
466 4465
1233 3993
2742 2679
2698 2100
300 3483
716 4589
1358 3896
761 2791
1028 2150
60 385
129 3494
4188 4969
4396 4119
3548 4600
1926 3366
2429 1724
2958 4194
4199 4384
385 980
3148 903
4945 287
654 652
1372 882
3864 3744
4541 3277
4168 452
690 3918
3299 4017
998 3236
655 2667
1255 4202
2743 237
2293 2669
1429 50
238 4436
4281 4907
198 1130
15 1710
4179 1085
1243 1134
1042 4168
2328 2655
3417 328
3380 2715
3446 3832
3619 4530
3563 2086
3397 1409
2381 4732
881 3777
2644 4741
4319 1588
3095 635
378 4776
3758 14
447 892
4029 1349
2210 4726
3257 4461
3513 4658
747 2525
207 4525
1134 3258
4736 192
3450 4745
854 973
412 3951
3987 3227
1045 4301
164 3672
2734 1919
3271 3676
3309 3527
913 1758
4708 4480
274 4945
1462 211
769 966
39 3048
4913 4336
1017 2593
367 4228
1293 3715
3489 4251
754 243
2882 692
4683 3662
387 3679
4495 2224
3280 3379
1356 3093
1890 852
1123 3628
4166 92
4270 3773
3433 472
1333 4487
898 4571
2501 4121
2552 414
2958 985
4147 1445
4027 193
3487 873
2569 1037
3328 556
2213 3976
1632 4901
4705 1960
4 2902
2348 1953
1469 671
2415 344
2038 4475
2942 699
2347 1686
909 2685
1367 4992
406 4320
3736 1173
3827 639
2376 3412
2534 4699
1316 1233
3941 746
3880 1949
4961 430
3556 3663
631 2061
3217 974
3634 1027
2537 2284
2516 1093
4287 527
2569 1307
1622 4463
588 2537
960 4229
4455 3727
270 338
297 4787
1945 786
4500 1451
4347 3482
3301 3735
4260 624
4541 2338
2631 2056
1993 1810
3442 311
230 4387
4623 2535
2031 4599
2945 247
1538 1745
3553 280
4702 1369
3018 3190
2323 518
922 567
4000 1437
969 4568
2975 3590
2450 4476
1462 1436
113 717
1299 3085
2593 2137
1251 4742
1497 3383
1024 673
1171 445
1345 4925
12 4296
1817 3314
1754 1500
812 3672
2717 1818
1122 4211
3255 3771
3722 2585
1226 3168
1233 3180
1891 2501
273 4528
4102 4314
3462 3397
3655 1877
2484 2242
4324 965
988 546
1481 631
940 3411
1484 3683
22 4299
1036 1265
1273 907
3577 462
3434 30
1272 4901
4388 33
3251 3752
1070 4788
4898 22
3485 1451
1390 80
1585 529
3320 2484
24 4585
74 517
1869 499
3508 430
552 2804
1137 2047
268 92
4691 4615
3056 2360
4717 3172
3140 4337
489 3130
1223 1939
3833 4832
701 2514
4551 1421
776 3383
2132 2388
3040 2389
2184 3059
1365 1247
2211 2326
4322 4297
3561 2040
574 4601
1563 1978
3608 3949
4248 4663
2071 4001
1150 4397
2673 232
1707 1051
853 3800
3947 2629
4118 1835
1963 4785
1145 145
1276 1754
2430 4193
3846 4850
97 3475
3531 2314
3525 3892
2402 2799
3218 4804
4488 2772
3516 1870
2936 388
775 367
4144 4640
2201 3109
2544 3612
3940 797
2995 34
928 4472
3172 1496
85 823
1341 4026
3431 534
3198 3607
700 2009
312 2155
1339 4522
2842 2799
3857 3341
86 4365
4321 4945
1610 4632
1 2426
4660 714
4676 2327
4533 3346
1570 814
4079 4569
730 687
3876 441
2163 4618
1115 3998
3399 3488
569 4861
451 4787
40 251
1048 2752
1986 2164
4031 1235
3242 2542
4323 3522
3304 1578
3231 274
1131 1307
4187 2777
4890 3295
460 2458
2037 2374
1253 1032
4535 1890
4353 1119
4394 4310
2858 2040
1581 3335
2181 3087
4625 1030
4926 211
4121 2673
1714 3327
2078 1880
4195 1892
2444 3162
962 4039
983 362
901 4641
2241 1609
319 2885
2367 1540
2651 2907
4749 3485
4873 3330
3912 1819
995 3334
4195 4745
578 4323
4844 4393
4437 2434
3228 3596
3659 1018
1757 2425
4912 4067
3377 1459
882 493
3788 3730
998 2846
2265 1784
4935 4345
506 1506
1190 4178
3228 3958
1096 4239
53 1972
797 803
4494 7
2269 2875
3212 1203
4943 3866
1636 2641
34 730
3439 1826
1423 4168
1435 2280
3656 4715
4153 2152
4918 1059
833 4025
2278 4909
3939 696
473 3542
4314 3467
4361 4813
4295 2352
709 2058
4551 2710
2215 4175
4280 1665
1230 3389
1098 4013
4991 2544
526 1406
2206 1546
636 41
2919 634
812 365
2595 2548
1399 1995
2978 516
4057 4671
917 4280
4377 384
3730 3526
2724 4723
3514 729
3479 4131
1871 2702
523 4080
2360 3860
1674 1278
1119 3033
3450 2461
1547 116
1319 509
204 4834
380 2643
4217 2437
3917 315
178 2490
4171 450
553 2122
3308 4711
3016 3255
401 4910
2094 3921
2829 4376
3906 4819
826 2948
180 2802
706 3013
3750 476
3094 1138
3947 2901
4111 109
2864 2452
1336 2470
4088 2854
203 2092
4318 2456
1874 3339
4572 3132
3421 1910
545 4706
3906 3043
2549 4159
1504 4063
2485 3138
3226 4324
3827 3283
4187 708
4566 3868
3573 4737
3811 2904
205 216
4822 2278
321 2411
1803 2837
4150 877
560 1869
1690 336
2083 3669
1554 897
259 1192
2182 2441
4999 458
4921 3752
1168 4513
4764 641
808 562
1916 441
401 770
4638 526
2528 4536
2556 749
1505 667
3375 541
3986 95
4244 698
4028 422
4485 3290
467 468
1742 4585
2378 631
4401 2977
4749 3397
2057 4273
3766 2394
4294 1898
1726 3197
4343 3461
4430 4645
164 1072
796 4920
4859 1991
4795 2330
2876 3368
1936 3713
1517 1312
2783 1565
115 1754
1871 4823
1174 2687
1862 542
308 2193
2721 2253
1328 1504
1131 4020
2882 4216
3705 1490
1938 2857
2821 892
2343 3062
921 236
934 1600
3820 3001
1979 3542
2758 1707
1170 996
4381 3568
829 2233
4865 3912
3829 77
495 3422
1913 3753
4889 1077
2033 3129
376 1773
2625 4366
931 4227
2595 3333
4146 1736
744 2955
834 2996
4739 2219
1118 2274
4839 2683
4862 3115
3929 2834
382 2234
4987 3103
1879 4559
2912 60
1055 2208
3136 4108
4254 577
3994 773
247 1221
220 2204
3885 1833
3882 4531
2329 942
3288 1673
856 1750
0 3191
2811 847
4540 4723
4837 709
2743 508
3655 4227
4158 2986
1300 3794
4924 1774
4062 2598
823 4194
1435 4673
3822 4191
1223 1609
3525 1889
1811 659
338 400
1453 1130
1885 1299
1154 2545
1555 2175
4970 4557
2309 2519
722 2552
3466 3816
1121 4764
1439 1170
2957 3374
1783 3414
2981 380
4632 99
4563 3624
3846 1755
4849 4698
3931 1204
2647 2658
151 1289
2943 3498
3323 1063
2497 896
2239 1336
1161 1769
705 4090
1218 4413
3085 348
4176 3234
3881 873
528 1869
1015 685
4177 1599
4684 4108
17 732
1505 1529
1809 17
4289 3801
4204 2241
4830 138
3545 1000
4017 3017
3974 4702
3788 3665
4423 956
930 671
3955 679
1009 4869
2183 4619
4400 4977
4993 1971
3864 2174
2660 726
1610 3545
3213 710
3028 3007
2497 2460
3874 979
3560 4039
3348 2341
4889 277
900 2442
3094 2325
521 4171
4891 1131
376 3039
4641 3321
784 1119
3391 4777
3333 4236
3573 4106
180 2932
632 1780
1820 4031
2189 835
2524 4994
939 3788
2456 4549
2833 1160
868 5
423 3030
3372 3968
2281 4093
2423 3502
4978 4737
823 4547
257 1274
1178 1183
4410 2346
2841 4048
2686 320
455 434
2634 3391
4701 3606
1443 958
4421 3402
523 3049
3036 487
803 1971
1995 2639
319 2888
3510 4539
4815 3865
1197 2765
3647 3042
3318 1406
3951 3194
3735 2049
4255 2605
2402 188
1798 768
3707 2783
1298 1064
2270 4692
526 1407
307 1426
4747 4955
4296 3052
289 281
1418 1105
3981 1388
1926 4357
3224 2435
4120 4127
3190 4354
2560 1794
1623 1907
745 3520
119 3660
1500 2827
4935 3351
148 4566
4049 4618
2067 3219
960 43
714 149
3952 1625
3277 1638
1471 2813
1236 1522
1455 1859
2282 2827
1919 3276
4535 2318
4254 3660
4590 3973
2606 2172
2065 699
3903 4234
3541 600
1009 2457
3419 2751
4973 163
2250 4402
1004 582
3648 4377
2279 1044
149 3826
4561 3459
4978 3925
4039 1892
3584 4211
2874 3490
1545 2482
382 3439
3416 1442
137 2844
4774 2383
1568 2866
4115 3371
170 1579
3839 4438
1388 2995
4328 1376
4100 4493
2004 4564
1336 3343
2315 1993
1533 3934
824 3309
529 3859
1068 1628
166 3101
4182 1532
75 1774
1335 4854
9 73
3847 1411
973 2347
3608 4353
4644 3701
4691 1810
1142 3597
1756 750
4936 2473
2877 1169
4899 3182
1552 1084
4300 3634
4697 4079
1952 812
1156 748
3407 3425
4764 3478
2822 30
3089 635
3058 2721
941 1905
952 3657
24 4523
1885 4826
4062 851
1013 1304
1890 1111
3441 504
4272 1640
4262 2872
4813 4864
689 1864
2908 4602
1327 4679
3651 2059
3632 350
3037 2704
1650 4243
1342 1822
4064 3887
3342 4272
3451 576
2079 4868
239 369
42 936
2691 4642
3333 4744
670 883
4902 2876
148 3001
4488 4239
198 1136
1730 319
3279 477
4328 2121
1971 3866
3905 1422
3891 1996
187 4357
2906 2486
3598 1341
3885 2755
4238 4128
4344 1907
1185 1799
3449 1872
2972 3762
443 3470
3002 1289
3119 4228
3570 362
763 2822
355 4980
442 389
3001 4368
1731 3611
3808 1708
1937 1855
1938 230
2847 1941
2737 3263
4397 1090
3674 1305
167 3379
4973 364
2666 370
4387 1757
1276 3262
1744 4002
2862 913
534 1519
1532 1771
4169 3181
905 2999
4096 2351
3557 3265
4654 1173
3803 195
3858 4514
3241 239
296 2056
4190 3129
3092 1272
826 3329
1562 2607
2004 351
4231 787
4863 2182
3135 2043
947 3268
956 1232
1907 3106
2609 1729
3615 3742
1635 2513
4659 1044
3494 4662
2065 4319
1776 2011
4513 1669
2735 3867
1203 1532
1214 608
3371 3362
642 620
2390 1970
0 2452
2122 2723
1644 2312
4612 3240
1727 3205
4848 1668
1765 402
4299 1008
4221 278
4816 0
3031 1370
2283 724
4351 2089
4497 1881
4043 746
301 1401
2219 4034
4647 706
3139 2297
1288 1613
3925 884
105 501
1170 4038
4106 4662
1640 440
3888 4967
3232 2542
668 1992
3684 3006
3274 2272
858 3747
1457 841
2901 3683
2410 4141
4654 2403
3816 2962
96 4943
2756 4805
3817 3842
4151 3811
179 2005
4238 3565
1563 1003
2551 4384
4817 3804
1916 35
3392 202
1575 1347
1070 4004
4478 1763
925 2238
277 3792
4025 345
4170 1317
4779 251
4312 4073
3240 2898
3064 3465
2750 111
134 4437
3316 1985
3346 3470
4431 227
4124 3307
3993 14
4313 3161
1082 4764
570 4758
3576 3990
3281 3121
1260 2536
4118 3556
3101 1844
3983 1634
789 871
127 3717
119 1720
4556 332
4574 4971
807 2809
370 1159
2053 4947
1073 1132
2441 4065
583 2785
3322 3599
903 1927
1824 4232
322 4726
210 1290
3092 2216
540 3611
2627 551
1029 470
4789 4296
760 1842
764 4317
3081 3302
2718 3178
360 2511
3669 4405
2220 2807
373 418
2120 1698
59 3540
1849 2957
4114 4089
2327 157
2140 4795
4758 2376
4065 3860
4531 731
633 691
1632 4719
3345 999
4366 4020
4347 628
971 3517
308 2434
4656 4450
2047 1401
1942 2194
1843 131
4202 4503
4598 4199
3102 997
1992 1160
2293 218
4606 1968
2875 1368
3106 4403
3298 4578
4888 956
4897 1277
194 2019
3723 1551
1705 4912
3897 3932
2448 1482
3600 4900
4791 2614
4089 3423
4800 3712
926 4350
589 350
2681 4540
4181 1021
112 3262
1928 2291
1436 319
1359 3805
1799 424
1981 1033
3789 1847
4739 3266
3011 1991
2159 1841
4628 3526
3971 1965
713 3819
2422 4057
1661 2873
688 3301
982 2462
1289 2987
4120 242
2604 4171
3900 4534
2733 695
2005 3181
3061 4962
1218 1621
4372 469
3901 4635
941 1676
4824 117
4186 718
2225 3249
3643 82
1487 366
2372 2463
1357 1948
1299 686
4887 537
1939 2548
3711 3604
897 513
1996 1936
2090 4910
1655 3838
4042 4308
3051 2078
72 4342
3646 4942
3942 1143
830 971
2566 4614
1160 1708
1855 3079
902 1373
281 1815
4219 3877
924 4681
1407 2587
685 3867
3064 783
58 1043
4573 2635
4127 3170
3400 2376
955 2053
2131 1049
176 4315
1043 627
100 3692
3829 2945
2653 1950
509 3174
1172 1472
4847 2142
3642 219
1053 1473
2736 208
424 2766
625 1897
3728 255
1588 4903
1046 2363
1561 2522
4311 2429
4955 2436
4376 2551
468 1778
2842 536
4363 1382
1906 3783
1402 4400
3481 1037
4609 3893
1397 2422
3902 4773
1013 338
2785 4636
34 2020
2359 1361
412 1590
1646 1439
3254 1016
1608 2981
2069 91
4981 989
3230 4452
248 2330
2369 3612
4952 3448
4443 3022
3287 745
3954 4967
1728 810
3095 2
713 851
2957 3434
800 1117
3979 2716
2765 4828
4745 1684
4810 3928
4812 145
2663 3384
973 2015
4043 2468
1506 4684
3688 2644
262 2781
4740 4771
4632 3066
2702 3006
318 4931
1553 4770
2267 4333
3263 4783
4214 2331
1193 2538
1084 4192
813 3987
3786 2842
1637 4638
3970 1984
435 1424
3487 82
3471 438
2050 1604
4617 2806
3704 669
2189 4563
2508 4506
517 2151
4694 3996
1657 434
1898 3515
4001 283
429 180
3161 1102
3718 342
679 3206
840 555
3408 1516
2380 516
3706 1676
2908 3840
4417 1268
871 3789
2211 3537
78 4029
262 1812
4032 1268
4653 1863
4801 611
4135 3606
223 2781
4940 1519
2275 4248
4627 4318
2647 2796
357 337
2540 11
4294 419
1317 4581
3440 390
4596 2111
770 1274
2983 4749
4694 2713
3496 564
1600 1955
4299 1903
4782 1722
3706 1896
1406 1
4854 1897
3754 4663
3779 4032
2231 4491
3263 2410
4598 1080
3354 2849
4874 4148
867 186
1513 4758
1793 410
299 616
4457 463
4411 2680
439 2148
82 1287
753 2851
105 3278
2251 3239
3418 2884
83 337
4146 3548
3323 2351
880 2479
1124 1317
1673 302
4615 1127
1869 1364
4420 1969
1126 260
328 4259
1661 1227
3916 2258
355 2254
48 2723
2301 3846
715 2045
2132 4106
3277 1050
1190 1208
3701 1410
4547 90
1770 4352
10 1003
407 4446
3068 68
3113 4925
79 4789
1010 4158
2197 4005
2059 4440
1311 2279
2875 4847
1513 675
1337 4450
362 4158
4240 445
1788 497
786 3422
2616 171
601 2887
349 2588
2040 1992
178 117
965 3163
4922 1790
3217 4260
4033 2489
4588 2859
