2000
1164 3000
384 1778
1808 1935
1080 2821
1528 2867
2254 754
738 501
2464 2212
1601 190
2522 788
907 739
1224 2817
191 972
895 1079
1128 2353
912 2817
2439 1110
906 1386
688 411
2200 2868
863 2665
347 2856
59 799
401 351
1007 740
2660 293
2276 2898
1802 1333
1814 980
2038 2926
1111 420
1173 281
174 2111
615 387
582 1141
1661 2179
2828 28
2095 2658
206 2807
1814 1982
449 1030
346 1572
2718 1013
2306 2744
2061 2567
2682 1217
1827 2113
1919 2204
1395 2516
800 1179
2259 629
1824 1918
846 1223
1141 620
1336 1048
2045 1960
2262 546
867 1609
2366 1910
1054 291
2575 1675
240 341
1547 697
2400 2398
1793 2702
633 2202
2860 654
1111 1581
30 1213
297 896
947 1919
2862 2156
1753 2699
1930 357
2328 684
2094 2218
2228 370
796 2096
1425 2659
2945 445
852 796
2648 2736
1206 1979
2651 2774
274 1311
1651 1735
1549 655
1254 957
2800 1789
2528 1767
401 404
2393 2406
36 411
555 2370
253 2507
846 2651
2052 2637
5 2556
595 474
2647 1261
2413 2995
70 41
1763 2355
689 412
1594 195
408 466
844 168
2528 2536
893 2153
2896 1157
2870 1939
1654 1066
1266 877
2265 140
625 1294
2108 121
46 814
1813 216
191 247
1390 2478
2576 2971
2423 817
1535 1936
249 972
2163 634
1326 760
433 1425
1430 667
2072 2803
2339 1029
1477 1567
2853 945
2854 2896
122 127
1008 591
2498 2573
594 2354
1485 13
367 1702
2812 2752
215 485
1242 226
246 1033
1543 2694
2486 2297
459 493
890 2757
1880 2851
2766 1685
2519 2512
726 237
1100 1080
2353 1218
109 341
1100 2193
818 632
2379 2111
2625 1473
822 2445
128 1903
100 1812
889 569
197 2218
2845 1918
1006 2900
2374 482
724 1725
1565 147
2332 2805
2108 2781
621 796
1064 311
1535 2588
2150 620
1217 1437
1980 762
245 791
1601 1161
2970 162
181 98
1216 2724
1217 1066
2209 2498
2936 1547
321 125
1999 2338
2773 133
1458 1562
993 2367
2126 296
1985 1287
1581 1193
231 1956
651 1647
2900 1279
113 1561
2505 268
368 275
1447 2886
541 597
2113 760
1408 2800
2926 2718
1187 325
1487 2544
520 2485
755 1617
1235 1128
1457 2110
1243 2008
981 2176
2657 2118
2886 370
1386 1833
88 94
1160 852
839 2110
2913 1513
2262 1955
2311 1444
371 384
2403 2975
1975 1581
1522 743
1238 752
1737 515
2338 2586
2061 2545
403 1548
3000 2556
1792 1186
2075 648
214 2892
1027 749
215 1174
2368 800
2092 2534
704 457
1889 1839
1270 2761
2269 576
1189 1133
2986 2643
1598 2822
981 1738
1133 1141
2688 2214
2986 62
2042 890
392 1389
1720 616
2712 230
2840 746
1001 2055
560 2545
855 631
2875 770
745 874
1149 2191
753 1768
2228 2914
338 1518
506 1316
1711 523
728 1859
1400 2447
2059 1522
2957 1731
1877 502
792 2905
315 583
2926 2988
665 232
2904 831
1471 1608
2148 2754
2992 272
2069 2957
901 1330
2345 2302
1761 589
772 1551
1829 2022
301 1540
1935 1332
935 2785
2156 1192
87 2841
1925 1684
2202 1855
1135 1367
100 2917
152 333
1935 2984
752 1904
2266 103
1382 158
2400 2116
2149 174
2823 2942
1158 343
1899 546
1306 776
2934 1669
1671 1933
1694 1327
2758 1415
779 210
1512 2576
879 259
2016 667
1575 976
1081 738
593 1763
1637 2933
506 1726
1659 2703
1574 1353
255 102
449 2312
2396 2010
1082 257
2485 1846
1702 1296
1500 2978
1280 560
477 17
283 185
945 745
111 2239
1598 1881
2587 2705
2687 1167
1033 1520
1711 2087
2863 2058
795 921
2639 1898
629 1299
796 884
2461 1154
260 349
1737 1608
873 2739
1738 2361
1816 537
1137 273
2440 185
2903 1735
1182 77
845 2797
546 2761
202 1184
1242 665
2275 880
1763 2437
2222 2726
2249 1089
766 1533
57 2176
2413 2567
2914 684
55 895
2497 2100
276 225
2155 1731
1646 2823
700 1926
241 2413
157 2965
770 2101
1409 2048
264 449
2170 139
2347 373
2806 838
995 1585
2746 2633
2704 619
1005 1087
647 2833
2173 56
1008 1425
2267 1541
1564 2135
2490 1463
55 2904
1644 2933
2506 1463
1077 2623
832 2410
243 2489
613 1535
1682 2191
1943 258
1237 56
690 2380
732 2473
240 1600
1678 772
874 1870
149 1462
801 1666
2498 450
2737 2493
2283 52
755 1807
462 2463
276 64
70 1417
855 2749
2237 579
2131 773
1395 248
1714 2633
831 165
1725 939
2163 403
623 1158
261 378
2129 129
1860 372
2591 739
1758 1354
1339 2418
1920 97
585 1517
2333 1743
610 2181
2722 1946
2904 2463
863 1199
1527 2462
259 2979
1619 134
1961 741
139 510
2451 366
1841 2611
606 843
2242 1093
2784 2695
250 2229
1757 621
2893 1133
2036 2549
1817 2264
563 87
943 2652
470 2333
1262 2363
1485 2039
2683 817
2749 2866
2004 2220
507 1835
465 2244
2066 672
2546 1389
2885 384
1372 125
2951 1620
1325 1732
1118 876
2596 2899
1483 2912
163 1778
1958 730
735 1480
46 525
2990 1204
771 607
356 1362
1392 2339
1622 465
2367 2029
1585 1639
1129 874
1124 1638
2673 1022
1870 2837
66 2274
2241 2052
1940 2912
2525 1222
1642 2744
1735 1974
1002 2448
590 876
2135 2171
791 2005
1467 2131
1811 28
1059 1621
2511 1124
238 1506
2634 870
2633 1926
256 1370
2906 1092
1971 1387
2631 888
1073 1882
2135 657
2142 206
2887 917
2974 2027
2916 441
1945 565
498 273
1804 2350
2186 902
1996 1378
2914 72
1731 42
1079 663
984 1854
1665 2159
2823 1176
61 544
528 2964
2391 251
381 2767
1178 612
136 2778
95 2871
993 2294
678 2679
824 638
1694 580
2698 1653
2857 1436
1800 1397
2104 458
1297 1616
1541 981
920 84
529 2557
1227 374
1124 2738
2116 2981
36 1718
1746 2629
681 2961
694 2458
404 840
1460 2342
982 2991
1704 318
115 486
2547 1631
712 2551
748 367
2000 2781
453 1000
2631 420
2469 348
2168 222
1137 1789
955 1590
2377 337
2733 1362
2369 924
756 1117
1940 1273
2478 2961
1188 581
2847 768
2082 2720
748 2645
2164 931
234 2413
2224 1130
671 1459
542 2128
931 1367
188 964
2029 1491
391 419
2653 456
2468 1282
1557 117
2621 1386
309 345
430 465
654 759
1623 541
1801 1291
2886 116
931 431
2641 1865
2193 2715
1606 1507
2880 2516
1864 367
2879 1100
1136 1281
2484 1443
1117 181
601 65
1626 2576
2643 868
1422 1762
2864 1602
2751 2317
589 799
344 1700
1275 2898
731 2059
66 170
1384 1193
63 2023
524 2229
694 2850
52 348
1206 2258
1878 278
416 1204
1704 2766
92 811
611 317
2545 397
2933 2715
399 594
2128 184
997 2856
231 813
1391 2514
394 2186
203 2382
2808 1957
1883 989
1336 1132
2027 2045
2690 1508
582 540
2873 665
2405 1377
391 1447
955 474
1477 1236
1505 186
2118 270
1260 124
8 2446
1290 2617
1005 75
1794 357
2907 163
1117 2940
2460 2279
31 2121
1415 1036
1672 2012
2938 2626
1955 1859
1864 82
1351 1596
262 2246
2813 494
2678 1373
1651 449
1928 102
2711 1673
2514 2878
631 2708
1923 2293
1783 1544
486 2891
1888 2119
2444 418
2410 633
2892 2339
2469 1610
968 2209
2898 1887
2105 1635
190 676
2063 2208
60 1276
520 1043
1603 1787
1955 2512
1454 1087
2793 1385
1153 1449
2569 1436
938 1153
1292 2039
1294 2896
114 2372
312 1069
2507 838
1069 459
2918 1498
655 1584
1970 2172
2232 1714
2939 1898
2280 250
1422 1536
402 2046
1329 2858
1224 383
1918 1314
2652 1555
1000 2871
327 1780
1353 2941
2839 2861
2918 1625
228 1852
464 417
1826 2688
2648 928
2181 1007
1311 855
776 2650
2305 2143
595 933
1288 1978
1895 553
360 52
1209 1224
2410 271
1158 842
2683 768
1451 432
19 2372
1116 1723
601 42
109 2818
1009 1922
570 1241
849 2778
2221 2755
906 2832
2617 2338
812 1545
1365 1432
1283 2092
165 2765
544 724
2161 2327
323 1126
902 2681
1615 1213
381 2713
2841 1855
2991 2703
1653 1846
129 2766
2889 1108
614 258
2142 15
2643 1589
214 2149
951 919
2902 1491
587 16
2103 935
939 2425
1508 1209
2732 2228
376 2950
2223 1662
397 1265
173 303
2247 2967
650 1845
910 345
2776 2534
2743 2980
1896 1928
1777 130
332 911
2082 787
1396 2082
2943 2213
1233 2742
2679 2353
2217 2100
845 2984
2005 2035
1427 300
1358 761
2791 1028
2150 60
1410 92
1772 873
1174 1373
2087 23
504 2435
1724 2958
98 103
980 903
849 287
2306 1018
652 983
1372 882
2954 445
2433 1675
690 2355
2667 1255
106 2022
237 2293
2669 2809
1429 1985
50 2341
811 198
1130 15
1278 1710
83 1085
1842 1243
1042 72
2328 2655
2382 328
2715 1717
2186 2858
1409 1972
2122 2381
636 1363
881 2644
1761 1588
635 1657
2302 378
2640 1471
1352 920
1642 14
447 892
2140 1022
1418 1512
1089 562
747 2532
2525 1067
2721 2578
429 1134
640 192
649 117
854 973
2780 302
412 1799
1045 205
164 1460
1805 2955
913 1758
274 849
1682 1462
2493 966
367 1879
132 1293
2666 155
2882 692
1611 2330
587 1364
1461 1830
1890 1290
2638 852
1123 70
92 174
971 2160
472 1333
475 2501
1026 25
2958 985
51 1445
193 231
873 2569
1037 556
2213 1632
2268 609
1960 1776
856 4
2902 2945
2738 1757
1953 1272
2912 1469
671 2863
2415 2230
344 2038
379 2942
762 1502
2347 1686
909 2685
1367 896
1811 1198
2184 2198
406 224
2497 2974
1173 1777
639 1200
603 168
517 566
1272 1316
746 1469
430 2646
1113 1500
1027 2537
2284 1429
527 1949
1570 1829
2323 588
965 2537
133 359
1588 270
338 297
1945 786
404 1451
2132 1487
1176 1541
164 624
445 2957
1466 1405
2056 2907
1660 1965
2340 2438
1179 1555
278 1993
230 291
527 2535
1479 1885
2945 247
280 606
2309 1369
2362 534
922 2105
567 2514
472 2975
380 353
2870 1369
1462 966
1436 113
1251 1484
1852 1024
2254 1517
445 1345
829 39
2291 200
1500 812
2384 2717
1818 1468
2233 1122
115 1232
2585 2027
1610 2680
2501 1398
6 218
1877 2484
2242 2710
2406 228
965 1206
2493 1481
203 1903
1036 1265
1333 2147
30 1272
805 1198
2477 2452
802 22
616 1208
1792 2274
202 2128
860 494
1769 898
489 74
517 1869
201 1365
552 2804
2627 1137
268 92
489 2454
1223 1939
1708 736
2514 634
1421 243
776 2132
2388 2702
2389 2184
2450 2827
1247 2211
2748 226
2319 1751
201 975
1978 1585
1434 2444
2659 1860
152 567
2071 334
1707 1051
853 2629
22 1835
689 1145
145 1570
429 1616
1754 2560
1842 2430
1257 2570
754 344
1264 1877
2992 2799
1944 172
259 708
392 2772
2340 917
1870 2936
2121 388
2690 2584
279 2774
1363 2863
48 544
2201 2544
2995 34
1987 1376
85 823
2073 1500
42 46
2553 1341
534 2724
2932 700
1149 2999
1195 2009
312 2155
1339 2014
426 2842
2799 2767
86 269
703 610
536 1
2426 564
714 2601
2907 614
580 986
1570 2244
814 912
473 730
2216 1777
1115 2486
1928 569
1268 765
451 691
251 1054
1986 2164
1235 1350
2542 227
942 923
1930 1578
1307 91
2777 794
2458 1680
1207 2037
2337 1032
1862 2057
298 214
2726 529
1518 2673
1714 2078
1880 99
285 2444
362 901
545 2241
1609 319
995 1176
1768 1806
99 649
227 748
1534 2434
1926 1018
1914 1635
493 1625
1408 998
2846 1644
1852 2265
1612 1784
1280 1289
839 2161
249 506
1506 1190
976 2484
1969 2173
143 53
1606 2473
2114 797
7 619
2269 2875
2641 2956
2841 1105
619 1240
2152 2847
494 822
833 2940
1440 1167
1830 2862
2853 450
1023 2278
473 218
717 199
2026 2763
455 2710
1719 2046
1701 2215
1076 79
184 1665
1406 2206
1546 2916
636 41
1899 401
431 1650
1827 812
2190 365
2000 517
2595 2548
2978 2331
1307 2666
1218 1524
2243 2707
2433 184
384 2311
2614 2350
2320 1385
2740 2888
2724 627
2032 729
523 2173
1932 2864
2360 1674
1278 2799
2074 1119
116 963
2231 1346
1076 1147
2322 1319
509 204
2959 738
380 2643
2936 2869
2825 2386
121 1356
2437 2844
2829 280
2948 2847
180 2401
706 806
1138 2901
2881 1377
2440 2194
2864 2906
2452 1336
2854 203
222 2456
476 1910
545 610
1514 2549
63 1504
2953 1370
1104 91
708 470
216 726
2278 1394
321 2411
877 560
2245 1186
1360 1685
1690 2419
336 2903
2656 1040
2 2182
1666 2827
2993 2441
1365 2671
903 458
770 542
526 2327
2931 722
791 2642
749 1340
1547 2517
1568 297
2724 1379
389 467
631 1885
1757 700
2977 1181
1832 177
2050 2443
1796 955
1938 1513
2178 8
2791 938
1545 549
2861 164
2565 2448
2330 2728
2876 1936
1312 2783
2500 2713
2827 1345
1174 2109
2687 1862
542 802
2706 2752
2088 1636
2846 2193
1579 2721
2882 120
2993 1033
1490 1938
1845 2821
892 2386
2584 173
1979 2619
1707 1170
996 285
2741 653
1921 2118
77 495
2438 2731
2792 1639
1145 1950
1077 2033
2649 601
270 931
131 2245
2595 50
2471 1736
1125 2955
744 1356
2341 643
743 2683
1962 1784
60 1055
2208 2592
1198 12
2948 158
2583 1833
948 2370
942 2141
1580 1673
856 1750
0 2811
627 2336
1146 741
508 1645
131 62
2716 828
1774 2598
1846 1183
1465 139
561 171
182 2086
1070 1889
1130 2890
2545 2139
1555 2175
461 2309
722 2552
578 2135
668 2719
1170 1085
467 2720
1755 1434
1204 983
427 1891
2767 1161
1762 518
1791 1451
1015 685
220 1476
732 1505
1809 17
193 2974
825 2529
95 1122
108 2241
2616 1306
988 2806
606 1299
930 671
773 2183
523 304
1971 2174
2592 1470
756 1718
2460 1004
549 2889
1740 2082
2341 793
2981 2624
521 75
2374 545
457 1924
140 10
632 1780
2524 898
939 2456
2445 453
2833 1160
868 5
2812 439
314 2346
65 1464
305 457
1212 2531
1047 2522
2634 2840
420 1881
1932 523
803 1971
2638 1995
2335 2639
837 1792
2888 1361
443 1578
828 1428
1457 2829
2693 2531
2285 1098
1 2927
2502 2557
2566 2423
2877 1798
1285 904
2564 2884
3000 526
1744 1426
651 859
200 2249
2980 289
1418 1105
2996 2726
487 1701
2439 1388
261 1427
2435 24
2199 715
350 2399
1405 585
119 1421
2827 1504
43 714
1625 245
1255 1365
1157 2928
705 1851
1522 1455
2589 2090
2390 1554
2287 553
1768 1351
2457 2751
1797 44
2716 1162
1476 1892
1545 2482
2895 1006
2844 517
1049 2127
1755 2866
232 1376
209 203
1533 2532
1962 2115
2606 1068
1628 166
2655 35
2031 1335
2825 1079
1142 1353
2877 1875
1084 204
2140 601
2511 1432
668 963
1905 2431
1218 2416
1435 1904
2865 2999
768 2888
583 2059
1722 221
932 1980
350 2044
1964 1090
735 1619
1289 936
198 1136
2420 232
2121 1324
1996 2540
187 2231
2906 2486
142 2097
32 248
1733 670
2243 362
763 2822
884 442
272 1534
1731 2667
1708 1876
16 2884
1749 1742
1151 967
2868 2728
364 1025
2674 2352
2130 2960
913 2162
49 2806
1053 2574
2351 1963
2357 725
826 1597
828 1286
1634 1854
2004 1379
947 956
1232 1907
516 1586
1214 608
2113 2342
2144 353
1466 0
1668 635
1765 402
278 2336
1729 0
1360 1729
2283 724
1160 1852
1366 884
336 105
566 1640
440 2952
586 1598
841 2901
96 2680
1723 709
571 2861
1878 2172
1532 55
1695 1993
447 2037
2131 2385
296 1094
2741 284
1563 1003
288 721
1610 73
35 202
1937 1070
1586 1074
882 2305
1317 683
251 216
2111 426
2750 111
999 2162
14 640
1082 668
1260 2536
1362 1623
1119 1686
388 691
2423 2524
2478 43
127 2058
1937 561
1795 1637
460 332
478 875
1049 1507
2034 2299
1132 503
1374 2846
1393 25
2655 1690
630 2348
1273 1332
2604 2627
760 1842
2689 2718
245 309
1887 59
1645 953
1576 1849
18 347
1605 33
896 1392
2754 2140
1841 2513
999 2943
1676 124
176 1856
2387 1790
2346 2939
560 354
2686 2555
1843 131
2984 2261
2689 1856
649 2873
1316 44
179 792
2550 801
1277 2084
2614 1453
428 1699
1538 2874
2681 940
1436 319
1604 1991
921 2245
2422 2045
934 1289
288 2383
1961 2604
1084 2174
832 1749
2204 2814
2733 695
2889 1313
2998 2789
2334 2649
2662 1847
1381 2597
1660 1464
718 2225
82 1875
2236 2286
1440 1378
2174 686
1705 2608
897 513
1677 12
2953 1562
16 1143
2721 1757
830 1795
1512 2566
2099 2944
1815 1956
322 1670
2027 2809
809 1940
685 2788
277 895
2711 2217
328 1025
1219 246
2857 1181
2714 477
2535 2525
2620 1937
2921 1968
2064 219
76 1834
2850 1498
1196 2931
2056 111
1282 1600
2838 1172
2383 2708
2296 219
1473 2853
2335 925
2264 2782
171 424
536 1909
2752 625
1897 2959
1431 807
2865 2658
2612 2879
468 1729
2842 536
620 2998
1402 304
2467 960
2769 1518
80 2785
2891 2126
1684 1646
305 1016
234 2276
2550 751
1803 2330
2369 2868
1970 2610
2808 2
2826 1716
975 1324
2189 723
1592 716
973 2015
2468 2361
265 1699
2430 2054
2416 2378
1349 2364
872 322
2072 2396
1424 2667
1979 254
1576 82
467 2508
598 355
180 1945
468 1170
1608 2434
1516 2707
2380 516
313 410
2211 1202
557 1863
705 611
1672 289
522 1433
284 120
357 337
2540 1120
1046 2582
408 500
1903 2113
1697 1720
511 1457
2988 1188
867 186
200 2575
2144 1793
924 828
609 2695
1658 1999
2288 2180
1543 2157
2217 2979
812 1210
325 315
2148 2428
82 1287
2580 172
495 2717
2956 880
324 1969
969 1002
1126 260
1599 85
2942 2399
2740 405
328 163
178 1071
1295 1605
2850 274
2266 2521
904 2638
1326 2285
1573 1360
645 2103
79 693
2651 302
2883 2546
2580 2414
566 2466
1582 354
2060 1212
786 343
2616 171
1739 399
1141 2147
451 679
1276 673
2874 1927
1888 818
1655 2437
691 580
371 979
179 2250
2343 2394
550 80
1680 7
2438 2914
1456 71
1256 2743
1824 2613
1032 60
2920 756
1345 355
2900 1313
2667 1603
2358 2547
1789 197
2982 1847
44 2152
1924 1298
1720 1048
414 841
2781 1574
711 2692
1453 410
573 1433
2462 2478
2275 1713
64 761
2152 1815
2971 824
2594 1900
1003 1307
2343 1004
656 588
300 2510
588 2042
922 2857
1728 507
2798 1413
2371 2951
959 1375
1944 1080
717 1923
1258 379
1524 38
759 694
1328 1217
1104 2816
2337 1590
2189 2924
1293 899
611 2578
2311 2697
1868 85
644 2215
1551 780
1709 516
2463 2312
2523 188
2507 771
18 2224
2255 857
2895 2842
410 2684
159 678
623 2682
1175 493
2930 338
2028 424
918 1276
962 1437
379 633
1519 10
342 1759
2564 1282
2590 670
2073 2506
1389 2224
642 2595
2837 499
209 2880
2710 2152
295 1159
2661 403
65 2632
733 188
2466 87
2363 857
1230 2240
2624 1745
394 541
189 2510
1975 2978
1544 2681
2598 425
2973 2239
495 1481
2513 50
2696 1804
2600 2227
1310 284
759 333
2766 95
2625 1152
439 260
785 1058
1630 2470
2030 924
1253 414
1607 2796
1963 2810
377 2685
654 2963
1072 2319
2942 2958
223 1922
331 2378
1629 2584
149 1479
890 468
1430 2040
313 2729
2332 2644
2749 1628
790 551
943 1991
1645 1664
2360 1546
2421 885
2609 785
2452 2422
2464 69
2695 179
1952 2394
2354 83
2759 2851
197 599
553 2528
2698 2195
2364 187
2014 1286
1665 1160
1374 2807
1532 1057
1159 2125
406 650
2115 1995
1815 2696
916 2542
1498 347
2490 2088
2755 2072
2129 2757
414 2409
1969 912
2127 594
604 2087
2286 2149
2921 818
1462 1458
2832 616
325 879
982 2663
2981 1990
1474 2167
106 1037
2571 1876
798 1901
1950 69
783 885
2851 2688
395 940
655 1255
1745 2908
2260 1812
904 2929
83 2392
2659 1364
2054 1242
726 74
2646 205
2038 361
168 2826
1 2441
992 2142
405 753
75 1569
1270 614
1097 593
1515 2771
217 2122
186 2770
861 2969
521 2547
1746 795
342 572
604 293
2757 2034
540 2538
182 2617
1905 249
2637 1799
2609 1964
1236 2941
434 506
664 243
6 2359
1523 2319
2160 1346
1836 2738
2106 2
141 1441
948 395
1902 499
2868 1337
1666 2227
292 206
1586 2295
2035 2208
2443 242
2922 318
2052 425
1600 2945
909 1694
2735 2950
2175 562
1096 2078
1037 2642
753 2689
2964 1884
891 543
2526 2769
1938 2862
2133 2451
774 1477
175 913
1863 155
511 2404
2044 2844
2842 777
2972 2771
2772 742
1492 1837
2909 1528
1093 2904
1276 1431
68 2097
858 2608
2624 1126
439 2069
2671 611
1590 2998
2589 214
2224 3000
1490 2328
4 1123
1538 1438
2391 946
1042 1526
786 2385
2581 2773
2068 76
1789 582
1514 2963
110 2691
1676 2407
390 412
1511 21
2518 1848
119 138
1420 2266
927 1996
951 2508
2974 2435
966 98
1526 1638
1039 382
643 1307
260 1893
2102 27
1536 1477
2220 491
2307 2908
725 496
1342 182
2804 1114
747 1016
1923 2673
117 485
2833 1245
2839 2430
1210 2825
1232 1537
932 2872
1163 814
2064 2652
386 2988
2329 807
1699 604
593 653
2608 2231
117 1231
488 621
2286 1027
1983 1301
252 1275
1070 161
1228 283
1348 2065
8 939
105 329
267 2192
1625 1961
779 2425
233 1773
2033 643
2461 1029
7 646
736 16
2919 2541
1183 2166
1322 899
712 877
323 2141
2361 54
2617 166
