2000
404 1788
2768 132
374 1241
1237 3000
2188 1260
2795 864
2883 1798
1350 450
690 2737
336 903
1642 709
1947 154
2919 884
63 73
509 2580
1889 2625
2739 2712
1415 710
2400 463
1725 2794
2339 1273
1519 2579
983 1351
251 2575
1429 192
656 1801
887 507
1489 1784
221 2622
1257 1801
2384 420
2258 2254
2021 124
2377 1578
1873 748
993 1444
1565 892
2231 325
496 74
1885 2180
352 1073
574 875
894 2345
152 2383
2281 2274
2798 832
1573 923
598 706
2689 155
646 2988
284 406
2542 2389
2367 318
170 1389
2221 619
783 2080
2382 1025
1491 726
1317 81
244 2889
1047 2341
2326 2103
877 2408
2742 2710
2882 1690
735 1774
2566 1878
1337 1764
98 26
2900 1891
2676 1824
44 28
2982 2162
1766 1667
1438 2266
2232 1757
2942 1634
2326 511
747 2237
793 2320
2412 1835
2196 1621
1210 191
730 2456
1758 2838
300 1705
811 1297
2146 699
2857 1359
1962 1992
1614 951
2284 1323
1738 2527
779 754
592 225
544 354
2818 881
722 2474
1585 1384
819 1254
1480 2789
1788 1827
2719 837
1766 2062
2413 1881
745 2374
394 1815
2976 1709
753 2824
200 1702
2122 463
1747 2972
2437 183
1279 1925
1127 661
858 2516
1860 2147
1019 613
2404 2622
645 483
486 172
2171 2206
770 2690
1876 1406
351 1039
726 2673
2438 667
2568 1533
1845 331
1831 1991
375 965
2895 2573
1542 2604
1376 1598
1345 339
1783 1938
624 1829
1720 806
2474 303
574 1505
152 374
2848 231
1982 2549
2073 2002
2825 1526
2827 2003
460 2873
836 2583
2652 2613
538 1822
637 2093
2107 2307
255 1610
2294 575
402 2668
91 2758
2324 2593
1519 2171
1228 2157
1983 2361
1046 2394
1533 1526
1901 2743
967 1958
1124 1028
2627 2853
2577 2544
600 1611
2422 2355
2520 658
1779 1503
2407 1668
736 2302
771 792
40 2984
2287 1371
1323 639
346 1769
491 2758
2773 224
270 2304
997 2822
1962 1354
822 2957
1800 519
1158 287
2838 1814
226 2586
1979 2322
1851 1279
211 1899
282 1653
2035 2170
2625 1907
1636 414
2274 2152
1498 745
2385 1469
2963 391
1884 274
2381 1540
1824 1767
1458 957
615 1375
85 2618
2792 795
2581 421
798 1841
741 2275
1492 1226
351 1199
1337 2755
1901 2851
2190 745
799 1042
2946 2257
1082 1723
2437 861
2442 213
2344 157
1248 716
27 2583
2073 2491
1928 443
1268 2433
930 2012
2777 277
2375 1559
370 2908
2769 210
1092 1915
1051 2269
609 479
840 376
1335 2542
1929 2618
1033 660
2141 2185
2945 2991
712 2404
1349 1255
2881 1213
2885 691
1213 1423
242 2083
1750 322
607 665
2297 1597
2619 630
2419 1028
2798 575
657 2606
2533 287
2745 2507
2573 599
1811 264
936 1762
2463 1288
1388 2076
1596 1123
396 2871
1687 1940
2707 2056
2028 427
756 2850
507 2566
129 617
1643 1387
368 263
634 1592
921 1897
2289 1339
1756 20
1493 1767
2272 2068
221 2059
2049 1033
2642 1357
511 1602
873 2717
1058 1379
378 299
174 2964
2468 2809
935 11
2406 1340
486 1576
2536 2624
374 602
1832 504
1443 2836
1032 225
1838 67
671 2509
924 1136
1804 1961
1632 1072
1566 1527
1256 2072
2269 1938
1782 2090
267 1799
746 2259
1719 2986
229 1710
316 2674
42 464
1872 130
2489 211
2381 1361
913 1210
1979 2307
2589 1867
426 1406
945 2687
787 2542
1899 2608
1359 351
457 1249
1227 1931
657 2801
2279 766
2014 2131
2684 1714
1562 123
2669 1667
1262 2640
1699 1534
895 443
1829 1152
2424 1392
1465 1010
1990 2355
449 1328
2699 832
155 2298
2647 967
77 601
1373 42
376 663
2930 2612
552 182
148 1935
767 1418
2067 337
383 710
897 2796
1504 1917
2412 881
2493 1596
2517 1498
560 1754
2954 721
158 360
2314 746
1539 1450
1783 774
2301 2626
1743 2955
177 1984
1133 10
324 2164
1112 1542
1775 2739
82 498
216 2121
1412 273
2935 2005
106 125
2719 1114
218 861
447 38
1834 421
13 2279
1729 2900
1742 1823
2896 18
598 1634
1342 1373
1167 717
1545 2080
146 2439
325 2433
1051 994
2904 50
1556 190
683 2972
2428 559
489 2155
2978 1967
290 2986
1823 2183
631 2989
1812 1904
828 2965
1693 2718
1984 390
1835 68
125 1699
2097 309
1796 2888
449 2657
678 1135
2712 1006
550 232
705 1347
2801 913
578 1594
1828 2283
2287 1595
938 2032
295 1620
1054 1393
632 457
95 875
1888 279
1954 2572
664 534
1493 706
2356 295
1414 1926
187 1445
2994 1001
53 1911
950 1079
969 1650
2039 773
2308 1318
2627 644
786 430
2729 418
1030 2107
451 1742
2149 2763
441 1653
1264 649
625 1951
874 2455
33 50
2024 2798
2490 1675
994 2460
412 848
140 729
1425 926
1933 223
1906 534
2637 1212
548 2537
2317 1035
2791 2072
1362 2061
664 1296
662 272
962 1329
32 2327
133 1403
2548 1454
1561 2125
815 1754
687 397
2786 1004
779 2373
153 2911
1822 1274
2779 2600
1310 2890
1089 2227
109 116
48 2964
1761 2061
2306 356
1646 378
1153 1049
167 2197
2205 2718
2512 2404
934 326
2319 228
2099 608
2995 1427
246 2690
284 327
1325 1099
2777 1185
287 2882
2532 533
144 1219
321 2034
1329 2544
33 910
1883 389
2663 282
1443 180
2552 1115
2415 1775
2584 1547
658 345
1220 2392
1033 1116
2884 2117
1958 1331
431 406
1473 1664
1253 516
986 100
2367 540
754 2245
2872 1775
1479 2467
232 1208
1888 1295
727 1337
2405 1298
2275 455
2125 1122
2558 1310
978 2479
804 848
2395 891
2540 1594
1858 1269
2583 2684
67 1975
1282 567
2523 1187
2243 2814
1844 2829
2024 882
2723 2200
688 23
2015 2830
2590 1398
774 2457
268 387
1641 866
872 1977
1561 1948
935 2937
619 2769
1119 1581
1121 1227
2158 543
140 486
1267 1201
610 2507
1754 6
2161 337
1130 2939
737 1966
1546 208
2329 1741
2398 2083
77 462
16 823
264 1648
1453 1040
7 2311
393 1311
1197 1842
611 1736
1634 1388
889 290
2862 2185
1516 2235
2947 2727
727 587
1698 1524
849 1339
553 1051
2782 883
2782 1556
2208 675
2344 1505
326 2614
2940 2711
1514 2106
402 1953
2484 1095
2071 1706
2416 369
2126 1376
267 2687
1526 2916
1978 1786
2140 319
2807 2246
2112 962
503 1760
1421 2982
1722 1250
2220 1684
2025 1219
2720 1833
797 2513
1296 2023
1757 2816
633 2577
691 2724
1827 73
1552 1162
1527 1267
278 86
613 2208
244 215
2850 1832
2334 1668
816 2255
2700 665
1652 1210
6 722
2185 1659
2448 2979
387 589
2466 1702
8 831
2589 962
1950 172
622 712
2614 1600
2275 2619
2100 1103
640 2535
1190 1213
1421 963
331 2315
2435 738
936 632
516 1050
1197 2116
2416 2140
1816 978
2276 1454
1053 1319
695 273
1843 1078
2021 475
2362 1321
345 543
189 844
1538 826
1180 1633
2635 2260
554 90
860 2921
2601 253
495 2629
2423 111
1346 1415
185 2540
571 1912
1101 1319
685 2334
2506 2848
937 2574
1244 2356
1117 2459
712 733
1725 2214
314 571
249 1318
1730 1973
2662 825
2834 380
2441 905
2096 857
2842 701
1454 2849
2022 750
2926 1110
254 1001
2316 599
2963 1839
512 1222
947 502
916 2241
2539 456
1748 118
364 192
983 952
1745 2120
457 2559
2601 2046
2606 77
2868 141
1441 1683
462 539
813 2600
79 1574
493 1783
1990 1975
2306 1539
2076 1960
2304 1582
618 925
1692 953
2450 2428
1529 2055
521 2015
997 593
862 2040
60 2738
1112 226
815 367
2221 1024
1063 1191
1353 616
2977 696
625 197
2790 2383
2086 2442
604 2902
2348 1844
1980 846
2746 2078
1900 2349
791 2850
691 2858
2679 2745
100 1342
2841 438
1645 1212
2969 2871
1639 1049
180 271
1577 2632
584 1132
1148 609
694 2872
2454 2019
2556 1748
251 1333
1419 2715
2705 986
2064 1536
214 797
581 827
1623 1782
1761 737
2056 43
1054 1160
855 958
1809 3000
54 39
2127 240
2586 1239
2840 2925
1231 2865
173 1654
463 945
1137 2153
2099 1558
272 2293
103 2588
1413 1687
1944 492
1490 396
859 864
1963 2149
2527 1810
1640 1447
161 523
1029 1119
403 532
1050 897
2897 2796
1470 1705
724 1452
1964 141
645 1538
2411 375
2100 1483
1141 1803
944 2418
2697 219
23 2620
274 698
2523 22
2717 2211
48 2987
888 51
1819 1965
1885 94
2139 684
2764 1800
2 1555
2792 2295
292 774
1964 791
2414 966
2218 2552
1906 838
384 2246
344 97
2549 2106
1585 2204
1863 1727
2758 2427
1525 1321
2560 2275
2128 703
2420 2358
1985 2566
26 2110
1652 239
1692 1524
1199 2632
2542 2775
91 2441
49 2380
794 2318
965 207
1551 2287
416 2004
949 2210
2984 829
454 2328
275 1643
10 581
2205 2260
804 2867
240 2034
2477 2945
1179 2059
2113 2703
1910 1499
1827 2063
2464 1267
1494 1641
550 1717
116 2744
1470 1291
2202 2137
1927 1272
2854 2614
900 144
1779 855
1176 2519
64 2190
165 2856
2377 2786
702 232
1581 1844
594 905
2052 468
2189 76
2926 748
1229 124
2511 2840
2655 187
243 1315
1012 914
336 629
2871 1358
1032 729
641 879
2700 1851
2385 1856
2911 2305
1903 210
2522 673
2884 1552
2628 1791
1094 922
362 833
2695 1720
1584 2963
2133 2765
1327 1146
2861 722
2507 1112
1455 245
2000 2987
2258 994
1957 188
310 1603
2868 1253
2722 927
920 721
2081 2253
2219 397
2573 1226
223 245
2500 2727
1106 288
87 144
1341 1298
2750 667
2364 2429
2974 1530
2454 1562
1284 97
1234 1126
1939 965
2083 2499
2106 2934
482 180
150 1391
109 674
239 48
2324 1191
2311 2223
888 79
318 1745
1216 209
2941 318
2309 1724
1629 2304
2914 1784
2734 590
1559 597
2933 1407
642 755
1977 2022
2799 1134
1464 2976
2809 2984
723 427
1522 188
1620 299
1380 2194
868 859
2826 773
601 2479
2198 584
2544 1299
1282 121
214 2128
249 449
2261 1450
614 550
2019 1489
8 1662
2188 1776
2532 2389
216 1419
2304 2099
1514 2582
2586 2200
2456 1651
1419 36
2938 367
2041 242
1658 1503
1006 123
2505 317
1771 1766
51 920
1659 2572
62 1439
1286 1195
2172 676
564 2551
2660 2495
2041 1792
2455 551
1437 2700
2631 258
2231 1854
1568 2407
656 2627
1319 2027
180 41
222 438
2508 1897
202 2569
1946 1478
73 2787
667 455
2856 643
1384 394
1243 672
1325 1271
2981 1343
1859 2863
412 1465
386 1751
1589 2313
891 685
497 2124
2074 2241
2853 1103
2500 678
2972 1435
2118 2897
1109 2712
678 1733
1372 2852
1363 1627
1876 2028
2908 2568
1348 2408
58 754
2153 2348
841 1125
1662 785
1198 1363
1164 2381
2880 2070
1799 2884
665 2226
2266 2324
1668 1478
64 1797
2062 244
2644 1647
2180 35
2307 1575
153 1234
969 2962
947 1626
327 1132
2223 2685
143 2417
2961 149
1782 426
1913 527
1248 2261
1682 2014
194 1419
2362 2530
2543 1856
1845 312
2762 2428
1347 2659
2681 1621
353 278
938 1824
1859 2297
1152 566
2945 375
694 1322
2313 1786
1497 2996
1791 1283
568 468
20 152
564 357
14 726
1724 970
1772 315
2358 2413
1767 795
693 2562
1152 1585
1649 2247
1736 2795
364 1859
1569 486
1601 2294
775 1695
1338 2824
1626 238
521 2048
1122 203
1680 1307
2374 2938
2574 390
456 206
1909 2832
618 2124
1194 2985
1097 2843
2019 409
1097 1911
1290 2826
1262 806
134 1555
2063 2778
198 1163
1817 762
2190 1952
2249 2798
2273 735
2735 1442
482 291
617 2454
46 2026
2548 2905
1623 2150
2672 687
1392 728
1778 1391
1828 1044
90 18
2572 85
2985 168
359 2678
1548 1087
771 2325
1358 573
797 1107
2405 1517
391 2208
2584 700
573 2630
172 1858
2004 2700
2081 2019
1102 2884
1896 1437
2914 1175
1646 422
2702 1933
2863 70
2207 309
2088 2584
2867 797
2299 788
2859 1744
154 2575
2805 1288
1796 812
2711 1059
1755 2157
1307 1606
434 2630
2728 196
537 195
2540 2270
2167 2737
913 2335
620 1337
2458 673
2338 869
2853 2461
1703 235
1454 451
2127 1888
1541 2262
2979 508
2814 697
631 1987
994 2450
2953 2378
2950 1371
353 845
729 1448
122 2194
2829 2526
2334 2182
816 1717
894 1541
2529 2233
1797 1558
637 557
2684 614
315 1261
329 2734
1285 1193
1944 2175
2640 923
2694 2548
1528 451
1989 1549
1842 1088
1404 440
2702 1429
2877 823
61 2219
1335 836
2742 1253
1161 2105
753 207
2801 1620
583 36
274 2719
752 2284
1273 2732
2950 2591
2643 780
1165 1350
2634 2480
2917 1766
2151 72
2993 1148
729 1405
741 1155
623 2539
1574 2729
1056 26
2762 2788
2471 1398
2027 956
680 2678
978 2720
1094 1441
2897 2278
439 1156
1807 329
476 617
55 440
1127 2367
996 1768
1001 167
123 201
792 1902
1562 76
1191 1992
253 1407
846 1258
2175 2993
2940 2293
2371 675
2254 357
2986 142
2551 43
1709 679
2779 2519
2255 80
1595 1885
565 1072
1480 2717
1305 2771
2263 219
1407 2962
2056 243
2934 16
2031 201
2373 415
2877 2392
2978 1000
2391 382
1532 713
101 2965
870 1662
1472 2460
127 1076
2865 164
1394 688
959 2183
1234 1556
1923 2776
904 2958
403 987
2505 1156
1067 1719
1919 230
586 2346
1387 414
2119 1139
739 2979
310 394
2859 2046
709 2022
987 2750
266 242
57 1307
1224 353
2930 1711
17 325
638 1679
406 1807
1029 2191
2531 364
954 2735
1331 2455
1775 185
2693 2515
471 2386
2213 2162
399 569
2315 365
2053 2076
1102 2271
15 1130
2808 2384
886 2323
1080 303
915 809
2866 487
1440 1572
483 1364
1757 2623
2455 2088
2723 2349
71 1872
2157 1751
1733 1294
2474 2130
28 2999
240 2874
1305 997
2486 934
1864 1215
2146 1124
2731 2368
1027 1829
2534 224
698 2641
1491 1199
986 750
55 2033
991 34
1108 1242
117 35
224 2502
2894 560
2320 1004
1802 691
1637 1050
2904 915
1536 9
2912 2497
886 2344
2200 2442
2015 37
1135 2969
1645 2012
443 1125
1412 822
1900 229
1708 2715
1004 524
925 331
2813 2509
2289 1764
1420 1846
1331 1836
1277 1652
2120 462
2264 2567
627 1651
2862 166
147 449
1414 1196
1611 46
1291 2915
2465 553
1671 120
2992 560
1627 1665
885 1205
2369 1866
1521 1353
607 85
1830 2576
1568 2484
1042 2956
2818 974
1575 2554
1823 2472
2040 871
710 1638
1768 2172
1927 1557
1161 1445
2382 886
2461 891
2451 1411
1945 2274
1985 1987
912 2531
675 182
2993 1962
1095 831
2309 853
1238 2360
1681 2461
2248 1292
465 1576
743 2142
1653 1872
1005 1252
2756 2499
2793 672
1416 1482
442 213
1221 2801
365 2348
688 1622
1476 377
2016 1231
1541 1793
706 1499
213 1358
2407 1624
115 1924
1065 548
2545 128
167 618
1210 149
1228 24
2622 1309
685 686
617 2709
283 2732
1061 612
891 987
23 120
2252 476
1225 158
1423 2608
1768 420
1121 2343
2555 359
669 2058
2824 868
780 426
1487 9
2508 998
1755 98
1884 2792
247 1285
873 1221
381 570
1981 2753
1079 2201
1413 1394
1987 2539
298 2003
2468 1615
2574 1160
2020 2802
276 1145
720 2735
1013 2538
235 129
512 1864
2860 2581
2838 2744
1484 1773
120 1521
707 993
69 1315
869 198
2831 2181
2992 949
2971 2143
1034 1334
1307 694
2976 2422
1174 479
2623 660
757 381
552 411
78 2567
2891 1625
624 1430
159 1732
2888 1347
2384 2703
832 2169
2631 1532
1856 1960
1350 2344
316 2112
2069 51
2836 464
2696 1477
2464 1331
796 1612
405 640
112 2570
2572 2375
939 2852
1849 1722
487 2853
2418 2835
1387 2261
2566 636
1656 102
1731 1495
1856 1178
130 2501
770 680
1315 1849
857 31
826 369
2874 2444
2894 2532
1050 2421
1232 499
164 2707
1843 2992
1368 1384
1934 2660
420 2364
2294 1273
1587 629
1599 157
822 1097
1838 1490
2057 105
273 2603
2001 2624
1921 858
2995 2172
1595 1722
959 133
1576 1714
250 2923
2396 1258
1544 2786
2852 2327
2470 2909
996 2697
2999 2140
2502 281
89 842
186 2511
1349 2635
1545 37
773 1889
2522 211
233 948
1869 2205
581 154
811 2753
1599 2340
210 2610
1138 2498
1091 2651
2457 2487
821 767
2000 1889
1549 1491
2860 2830
1801 1868
647 2049
946 2815
1095 2073
117 1402
1917 38
1381 1869
1358 126
469 2283
988 5
1364 892
628 2820
2704 2963
1910 2872
2637 62
543 728
1324 2939
154 1970
2539 508
2389 2677
1240 1841
2235 1145
2279 2532
329 930
1531 2570
2842 503
884 771
2125 2333
37 2443
1826 2381
1031 2875
1390 2881
2398 89
622 1096
2712 1887
2987 1521
2869 961
1243 887
1573 1063
319 2212
2710 2659
1957 478
642 2031
925 638
1915 119
1178 904
2165 29
2678 2205
1142 1330
1213 261
1495 307
115 1188
2126 1051
1208 2278
490 1531
2327 671
684 925
1763 262
967 2454
1496 732
1354 2781
853 1029
1190 56
452 2869
1274 1165
1854 618
1734 2985
2835 2486
2635 2197
1297 603
2276 2974
1401 2755
475 616
1750 529
2080 1175
1893 2233
280 702
2192 1451
2876 2280
398 1664
1422 807
1183 712
1756 531
2980 417
1758 1467
1611 2303
658 2321
546 1368
2688 2501
150 2585
705 2411
2617 563
940 1278
2960 21
704 1030
37 2644
569 2784
2580 2144
668 852
993 328
2576 1647
2578 1994
1093 2041
1149 1777
1543 58
2225 353
1503 1804
188 2384
11 568
350 1364
2345 96
245 2741
667 988
184 1588
2938 290
2065 1840
2804 103
2118 2862
1013 1409
142 1135
599 2346
2199 1481
56 2625
168 1443
2129 1354
2348 1124
2746 1147
2561 2888
2243 191
424 2015
1762 510
2585 2226
265 134
2778 1188
108 876
1306 319
952 1537
357 2578
2757 1712
2360 2826
821 2152
1195 2915
2791 740
185 1783
848 2705
744 1879
2411 2280
2837 636
2982 2472
404 846
2942 1744
113 756
788 1746
2735 2835
2902 2524
2117 1437
2649 516
748 1860
1563 2936
1826 2811
333 381
2525 586
2932 2840
988 1865
41 2969
628 74
1334 984
1046 2211
2932 1746
1552 2522
2756 2104
1790 597
2010 664
454 1162
2975 1494
2641 1983
2823 435
101 751
1247 2102
2459 943
2592 2880
1396 1909
2774 2587
1286 2959
2587 2426
63 429
334 1357
1928 1870
2023 1999
2338 2926
332 622
1582 122
1258 1728
492 2262
2920 1687
1141 2658
1087 2149
2866 1092
2726 1
810 2209
148 809
2697 1969
494 1942
2767 419
2958 1383
1409 1624
320 2844
15 465
955 553
1780 2467
2136 510
1315 186
2845 1300
2687 1927
56 2075
1035 63
2774 882
184 1627
1861 1592
789 253
1574 717
817 132
455 1408
2778 1519
1840 338
352 2765
869 270
2257 1929
881 383
1728 1977
416 830
1353 1121
1865 2079
2225 261
288 1760
422 15
2106 605
2585 107
43 1893
1992 1366
1678 2949
2325 439
2990 2088
931 2537
2653 2112
523 1178
1600 460
965 70
2830 361
1658 1447
571 816
2805 202
2840 198
766 1106
1853 2945
713 2792
1040 2394
817 839
43 1238
2888 2812
129 255
1357 2495
1422 1654
124 1976
2034 244
623 2119
443 2623
2688 2834
2775 2777
286 565
680 2952
114 2554
2949 2286
2167 1352
1797 2372
1894 280
1819 336
97 1394
498 2401
2215 2533
2093 2569
2674 1363
1003 2399
84 511
2449 2225
16 725
2159 972
409 1000
2093 1294
2796 286
465 285
1293 1974
173 1240
1435 550
1660 2677
795 2940
1673 2516
2425 2784
1822 2654
1690 2862
2672 900
1132 2699
107 860
1805 2910
2443 1640
2752 2921
689 1898
347 1052
2031 2851
1844 1377
29 68
232 410
1628 2783
1980 2902
445 2867
2250 2788
278 827
2740 2957
1397 2846
118 82
217 1819
3 335
1466 2476
2935 1142
1384 40
2730 1557
558 614
1965 2565
2879 1176
1192 112
514 2187
2238 2911
1799 1336
1263 2887
546 2966
2806 2849
2489 1109
1523 1507
2088 605
2725 2702
1401 1065
1468 964
2878 1901
2438 122
2977 1839
2104 2667
2980 317
732 1355
1794 2988
2138 2791
939 2410
1101 1350
2780 387
2916 2696
1428 1622
1767 1326
2965 1249
773 2728
2996 2198
1394 27
2899 1822
987 2933
584 764
1063 2267
1249 969
230 955
164 1015
745 405
2808 1071
258 1057
2691 2726
340 2802
1255 164
289 1494
578 2714
2327 2593
1556 352
1644 2089
893 2511
2738 2164
783 2111
547 2752
1518 619
2724 687
36 2387
2691 2559
1737 2873
2115 1952
582 674
1807 8
1017 2040
2524 880
1749 2264
160 0
256 1930
1215 874
2091 2496
901 2010
1498 2750
2418 802
1108 2142
257 1909
2228 1424
2665 1958
107 1080
539 98
769 2775
2374 2636
1005 2372
2741 2027
2906 400
76 2258
1769 2493
71 178
2504 989
100 2254
716 417
292 2324
2153 2471
1839 239
759 917
1149 2306
731 460
2960 2934
2372 2165
1340 3
1540 1559
1683 971
2311 2893
478 1432
1196 2114
1320 2370
655 1122
1299 715
601 2891
787 975
515 1965
2682 107
703 1113
118 1729
213 730
2247 767
1113 2552
2979 1065
2893 316
187 1573
682 152
1793 399
2059 2009
2285 1847
2909 11
2038 2961
1548 396
1006 2762
2067 1678
202 2166
205 591
1397 143
348 2730
537 835
2826 2463
281 1362
760 2741
654 1610
3000 696
1103 869
2876 2376
2531 1602
2567 914
1423 1429
113 1411
317 2063
615 1410
1352 2620
2885 2674
881 1281
105 1496
500 2848
333 1177
2869 2445
2772 47
380 2456
