2000
404 1788
1626 720
132 1005
374 1241
1237 952
140 1260
747 864
835 1798
1350 450
690 689
1410 336
1790 1017
903 1642
1538 709
1947 1598
154 871
884 1288
63 73
509 532
1889 1443
577 691
664 1415
710 352
463 1905
1725 746
291 1273
1519 1259
1107 531
983 1351
1255 251
1498 527
1429 192
1308 1488
1619 656
1080 1801
887 1710
507 1304
1489 1581
1525 1784
221 1784
574 1257
1588 1517
1801 1099
336 420
1169 1484
210 206
1711 124
329 1578
1873 748
993 1444
1565 892
183 325
496 74
1914 1885
132 352
1073 574
875 894
297 1828
152 1664
335 233
226 750
1776 832
1304 1820
1573 923
1001 598
706 1752
641 155
646 940
1776 284
1826 406
1544 494
341 319
318 1771
170 1389
173 619
783 32
334 1025
1491 1491
726 1317
81 1200
244 841
1047 293
1315 278
1590 55
877 360
694 662
1037 1845
834 1690
735 1059
1774 518
1878 1681
1337 1764
98 26
1674 852
1891 628
1824 44
1368 28
934 1269
114 1766
1667 1438
218 1650
184 1717
1757 1541
894 1634
278 1239
511 747
1361 189
1495 793
272 364
1835 1480
148 1365
1025 985
1621 1210
191 730
408 1112
1758 1798
790 300
1483 1705
811 1297
98 699
809 1628
1954 1359
1585 1962
1992 1426
1505 1614
1007 951
1030 1471
236 1323
1738 964
479 779
754 592
225 544
354 770
881 722
426 1585
1384 819
1254 1480
741 1788
1827 671
837 1766
14 1829
365 1881
745 326
394 1815
928 1709
753 776
200 1702
74 1625
463 1747
1083 924
389 183
1279 1925
1127 661
858 1591
468 1860
99 1019
613 356
574 645
483 486
1334 172
123 158
770 1961
642 1876
1406 351
1039 726
625 390
667 520
1796 1892
1533 1907
1845 331
1853 1831
1991 1564
375 965
525 1542
556 1376
1598 1352
1787 1345
1597 1170
339 1783
1099 1938
624 1829
1720 806
426 303
1097 1537
1505 152
374 1710
800 1896
1549 231
1982 501
25 777
1526 779
1792 460
825 1728
836 535
1178 604
565 538
1822 637
45 59
259 255
575 402
620 91
545 1142
1519 123
1228 109
1983 1681
313 1046
346 1533
1571 1526
1901 695
967 1958
1028 579
1171 1687
805 529
496 600
1611 824
560 374
307 1825
1503 359
1668 736
254 771
792 40
936 1001
239 1849
1371 1323
639 346
1769 491
1679 1351
1991 710
725 224
270 1608
256 1240
1946 1261
1737 1667
1985 1096
1581 1517
997 989
774 1522
1418 1354
1875 1563
1861 822
909 1800
1436 519
1473 1158
287 790
1814 1429
1362 226
538 1847
1979 1682
1608 274
1851 1279
211 1899
282 1653
122 577
1707 1716
1852 1907
1636 414
226 104
1498 745
1953 337
1322 1239
915 391
1816 649
1212 1884
1725 274
333 1540
1824 1569
1767 1458
957 615
1017 1375
85 570
744 1848
795 1932
533 421
798 1841
741 227
1492 1564
1226 351
1199 1337
707 1901
1744 803
142 745
799 1107
209 1521
1542 1082
1723 389
861 394
213 296
1248 1344
716 27
1044 535
25 443
1928 443
1268 385
930 729
277 1464
1337 295
327 1559
370 860
721 210
1092 1915
1051 221
609 479
840 1310
376 1335
494 1929
570 1941
1897 1033
660 1729
1880 93
986 1848
943 712
356 1349
1255 833
1213 1019
837 691
1213 1417
1423 242
35 1750
322 607
665 249
1597 1219
571 1565
995 1380
630 1872
371 1028
1522 750
575 657
287 697
459 525
1096 1871
1811 264
936 1762
415 1288
1388 28
1596 1123
396 970
823 1687
1940 659
8 1989
427 756
802 507
518 129
1743 1387
1421 1252
368 263
1257 1634
634 1592
1210 921
1897 241
1114 1339
1756 20
1066 1844
1493 1767
1098 1159
224 20
221 11
1 1033
594 1357
511 1972
1602 873
669 1337
1914 1058
1379 378
299 1137
1869 174
916 420
761 935
11 358
1340 486
1576 488
1276 576
1832 504
1443 788
1032 225
1838 67
147 717
671 1075
1235 461
924 1136
1961 1632
1072 1566
1782 42
746 211
1719 938
229 1484
316 1267
626 1990
42 1713
1330 1532
130 441
211 333
1361 913
1210 1979
1867 426
1406 1034
1120 787
494 1899
351 457
1931 657
766 83
1537 629
636 1714
1553 1948
621 1667
1262 592
1699 1534
1777 160
1152 376
1392 1465
1010 1811
377 501
1864 1990
449 1328
1874 651
832 155
1402 250
77 1912
1373 1533
1779 42
376 663
882 564
963 552
148 1935
767 1418
836 289
8 307
981 19
383 710
897 748
1504 1917
1644 1912
364 1995
881 445
1596 469
1387 1498
1919 560
1754 906
721 158
266 746
1450 1783
1184 774
253 578
1743 907
1512 1984
1133 10
324 1165
116 1112
1542 1278
82 498
216 73
1412 273
1980 887
1137 106
125 1304
671 1114
1152 218
861 447
1884 38
1834 1695
421 13
231 1729
852 1742
1823 848
18 1116
1545 32
631 1166
326 146
391 1954
1148 325
385 1051
50 1556
1697 190
683 924
1437 1315
665 1416
1934 489
107 1221
1358 290
938 1823
135 631
968 1487
1480 1904
917 1693
1432 975
1306 670
1175 1984
390 1362
327 1835
1659 68
1491 125
1699 407
137 49
309 1796
1765 609
678 1135
591 130
705 1936
1886 1085
913 578
986 1813
1513 1594
1595 1182
1620 1832
1054 1393
1280 1737
1561 711
632 457
454 1485
279 1954
295 1414
1926 187
53 1911
969 1650
1318 579
644 786
430 1834
1880 1751
1975 1727
681 418
1879 1515
1851 1030
1871 1070
1742 101
1234 441
1572 1653
1264 649
625 1951
1288 1718
1095 763
874 407
33 50
750 442
1675 1367
994 412
412 848
140 729
1425 1160
1283 1744
223 1906
534 74
1747 1075
637 1863
1054 489
269 1035
1362 13
664 1913
272 1846
301 1411
1697 962
32 1010
279 133
1403 1670
1237 1561
738 1004
1822 1274
731 552
1750 1310
842 1089
1396 1970
109 1071
116 48
916 1084
258 356
1646 1328
378 1153
1049 167
981 149
1986 1683
271 228
1735 1929
947 1427
246 642
284 327
1325 1099
686 1804
729 1185
834 1139
484 533
144 1219
1714 1329
992 282
179 1443
180 1600
504 1115
367 1775
1462 1982
1547 1652
1269 1748
13 1220
979 836
1958 1282
1664 1482
1912 1253
1277 964
540 754
197 824
1775 1273
419 232
1208 1806
227 455
77 1122
1461 978
431 804
347 891
928 45
1702 492
567 1518
475 1187
1771 195
1132 1506
766 1844
675 152
23 782
542 1398
1065 387
866 872
1977 1561
1948 1493
889 619
1887 1121
1227 1712
1864 110
1656 543
1096 140
486 1267
1201 1451
610 459
72 1754
6 113
337 1750
662 1130
891 737
1363 1475
1948 995
1830 1546
1670 208
638 106
230 1619
1617 1245
1716 881
1277 1051
234 932
1355 1934
1710 1495
1056 1065
16 823
170 14
264 1648
1453 1040
263 393
1435 1035
290 814
1181 187
727 587
734 883
734 1556
1592 160
326 566
1366 1815
402 1953
436 1095
372 1091
1386 23
369 78
1620 1376
1461 267
639 146
1988 1683
1712 1507
960 319
305 85
759 198
64 962
775 938
1979 503
934 1722
1998 597
1684 1370
1219 672
1833 797
1296 1757
676 107
73 1552
969 686
215 802
1685 1490
1754 1832
1037 1668
816 207
1998 676
79 6
1659 400
1649 589
988 80
1933 8
1621 831
1720 1269
541 1642
1950 1154
1976 1060
1656 712
1314 1600
52 1103
1421 963
1827 1197
68 368
1705 1956
1053 1319
1338 475
314 1321
1201 1502
1538 1026
1696 1375
540 587
1071 212
1021 436
82 1467
1111 860
1772 873
553 253
495 581
375 111
1415 185
2000 1319
685 1039
1849 799
1543 526
308 439
1576 1965
605 1097
337 1264
1611 1117
733 942
166 314
1318 1730
393 905
48 1257
1706 701
1454 801
1791 105
812 1908
1722 1110
268 599
79 871
1222 947
1199 193
1603 1931
491 1572
1056 314
1980 1748
118 364
1103 1506
1150 192
118 983
1467 704
1186 553
1690 558
539 813
1120 493
258 1539
28 1960
669 930
957 782
1900 945
380 1529
7 276
1781 1115
521 997
593 862
60 690
1112 226
1978 1396
929 696
1424 197
742 335
1105 446
854 300
698 30
997 181
301 791
802 982
691 810
1645 1212
1639 1135
1049 1069
1683 1938
1976 170
53 180
584 1132
175 406
1536 1619
214 797
1633 581
827 1914
1040 1234
1865 70
1612 1623
1527 1761
737 8
1209 43
1749 1054
1322 1809
952 1558
39 1330
1389 79
240 538
1466 1808
877 1231
1654 463
1609 397
951 1437
1137 1906
245 1252
103 540
1030 1368
492 1490
396 1486
864 1271
1963 101
1772 174
1616 1705
724 1452
1952 1964
1931 52
1483 471
1683 1985
1141 1799
1803 944
1103 370
649 219
23 572
1082 976
475 1883
257 1913
163 48
1334 888
1521 51
1830 1885
94 91
1593 684
716 1800
1281 1120
35 744
247 292
366 966
1536 1486
1763 913
756 948
1863 1727
1533 379
512 227
1331 993
1440 914
1445 80
703 1933
372 310
1107 1985
518 26
62 944
1692 1524
393 49
260 1017
207 1858
1516 1902
1203 522
1106 1428
1383 1690
757 429
897 1025
24 1196
416 1083
1494 1641
563 1384
1393 696
1470 1291
154 1444
1272 1079
900 144
579 895
64 1995
468 141
878 1901
748 1595
1063 1229
187 115
1863 243
1212 1315
629 1000
1779 238
61 1116
1015 1512
1850 641
652 1851
1782 1856
863 257
1791 1094
1275 922
833 1655
647 1720
112 978
1346 462
145 963
1993 85
1377 1960
1825 742
1112 1969
864 2000
863 674
1133 1761
171 397
245 452
1817 315
731 87
1777 1882
1970 1154
1885 1833
1234 1126
68 58
840 1487
1179 1578
150 1391
48 276
1191 419
958 263
553 1801
1552 1509
1867 1700
318 1745
729 78
1415 1216
209 1043
893 318
1377 583
130 1221
1450 57
261 1724
256 866
1784 686
590 1559
822 1313
1965 1952
1209 1567
601 642
1145 1279
1441 1986
1977 1993
429 1400
867 622
427 132
482 1522
1785 998
1990 1925
1800 1962
778 773
601 431
449 1121
550 1489
484 1930
1419 1151
51 1816
1752 1514
534 1129
152 221
1911 1419
36 804
421 1584
242 1009
457 1764
748 977
1746 524
1944 1530
1803 1150
1925 1104
423 1717
1739 1908
1566 583
1657 1079
1854 1568
54 656
985 360
1373 883
1287 340
1029 1897
508 359
1371 1540
1165 1336
454 597
1130 1663
786 1307
808 643
1271 933
1343 340
1859 815
334 1339
1550 341
265 1813
1594 76
560 346
208 1478
1644 242
1435 70
1109 664
1908 451
1876 627
557 1431
105 1466
1770 1125
333 832
1756 1740
1984 1799
1521 202
178 1107
1973 1797
1919 1872
14 1821
1647 132
874 1406
259 1066
1285 271
1342 1203
1710 369
752 1404
213 1643
1912 588
314 482
1856 1845
1157 1518
1893 353
278 1362
1376 1649
694 1322
265 1497
1786 1497
821 525
1403 1973
357 392
206 6
1262 1724
554 1612
1395 148
795 1821
1674 988
1585 1649
1922 1859
1182 1632
144 775
1947 1301
465 521
890 1961
1431 946
394 905
1501 206
1154 1843
1975 1909
1539 1194
1582 1896
1909 1290
1555 15
1163 1817
1071 571
430 1592
413 1055
32 570
617 1659
390 469
715 1623
241 624
1426 1168
728 1778
937 168
1087 771
1698 1071
1651 1528
838 391
1800 175
1954 671
1102 1858
1682 1782
159 309
1144 1218
1070 1010
1359 1218
1744 154
459 1986
277 477
878 1882
293 1903
1235 109
325 961
1269 1305
1593 1852
1811 869
764 1562
508 1685
1708 1957
697 1358
548 353
816 1921
0 625
1775 481
1558 1964
1413 1392
479 1774
1534 1446
1944 1321
127 11
1086 562
171 646
451 1589
1989 1549
1842 1088
535 895
971 1892
1831 1647
312 829
1335 694
1926 989
92 752
236 1950
891 16
681 1195
998 51
1181 219
1458 68
630 945
1156 1807
1166 370
1680 1128
1001 167
429 567
855 573
76 1797
1097 89
1859 708
1701 1125
1264 323
205 9
1999 409
1709 679
1174 1286
1618 571
126 128
1305 1254
1921 1988
1000 343
532 893
845 1394
904 910
498 7
124 536
1143 1331
857 3
642 1260
230 586
158 1625
1840 395
1981 1276
638 1679
1843 1405
1807 1383
70 395
1810 1352
1136 1638
471 1513
267 365
234 89
15 1130
1313 1596
156 499
1572 483
1757 575
1785 975
1348 105
1928 889
28 1369
1719 1392
1736 1652
1504 438
1124 683
1870 954
1203 1823
993 1514
1997 991
191 1037
408 852
595 117
943 1153
959 1585
86 257
1050 1314
1801 1227
137 1298
1253 1118
1962 236
1672 217
1760 1900
570 1708
1231 667
1372 315
1737 384
242 1969
1453 524
1883 858
78 1590
309 765
624 128
1820 1965
1799 1951
1668 1022
1891 374
1537 1601
1651 814
1227 1871
447 1979
397 704
700 1255
1419 614
1466 1833
1866 1521
238 700
1171 64
1773 1151
1588 139
770 974
506 1286
1823 424
1903 111
129 1897
1971 1206
1276 1150
483 795
220 1183
1994 908
1896 204
1 261
1797 720
1427 610
1063 1588
1603 1952
212 1946
125 1027
1140 1854
193 3
1889 707
672 603
1942 1044
445 859
1012 1945
9 1793
480 347
1526 1507
283 684
683 1061
1662 874
1062 577
762 23
1432 476
510 957
456 1785
1314 98
780 426
762 529
1281 354
1487 9
1878 98
784 166
1320 292
237 1069
424 1712
1987 491
87 1887
835 1475
754 1966
490 1758
512 1864
1985 544
1484 1773
1014 638
322 120
680 1778
1654 135
455 585
783 133
949 1082
923 95
1594 1873
1578 0
415 1935
598 1581
1455 434
1129 624
1196 1883
1766 807
1599 41
1898 692
1168 21
471 628
146 171
1883 1665
1166 410
460 1950
691 987
787 223
595 1927
102 1350
591 564
503 607
1909 1673
1157 150
42 1456
21 1111
31 980
1923 903
1688 246
1898 627
1389 1921
60 1094
1044 1719
914 1997
1488 54
1934 1828
555 405
76 1857
1595 1722
1106 1479
200 1676
1185 156
439 1628
1004 1314
1382 186
749 1694
409 1067
1522 1091
603 409
953 1358
1369 1224
485 1675
1671 647
1279 1
1951 1955
1869 324
1324 891
1963 1228
1400 1502
1826 333
1835 2000
1307 1696
163 229
1831 522
1014 1216
114 676
1873 497
662 1085
185 1930
1455 1808
26 245
807 1900
21 630
1866 877
385 1510
844 18
1531 1168
1072 1179
922 496
1870 7
1345 175
400 1635
11 67
1571 452
1555 1854
618 1767
93 590
123 1065
773 210
1616 1596
828 1806
807 124
589 1693
932 417
1996 271
1613 380
1253 1318
1195 573
1781 321
1486 546
1938 546
659 1040
879 1996
1872 1816
563 1429
1642 428
1059 177
1284 1295
535 1174
1142 1294
1989 1430
9 1124
1829 1744
1687 1700
84 916
117 467
186 1631
120 805
1515 1298
1528 1174
1917 92
1750 103
1996 1661
1352 1996
1918 925
1129 195
1266 21
229 1073
450 794
1250 326
207 1923
24 744
1774 972
629 1709
1534 1421
1916 1211
1868 1330
1850 1664
1254 1646
335 90
1047 222
1023 120
1862 709
884 792
41 921
910 918
1964 884
1808 733
109 1299
1186 754
1832 1835
822 1206
1838 1762
1986 347
1723 775
1607 507
1703 839
280 870
1376 1976
357 1888
782 212
660 659
1783 1582
1494 1145
410 757
174 1356
678 1
119 251
1565 947
203 1977
1383 739
62 153
1273 1998
320 1184
1036 789
1146 58
216 1602
1938 1472
388 169
794 1156
143 993
1965 1594
640 1611
1904 1682
177 261
880 127
693 45
689 194
1842 1992
1770 1509
1118 277
186 1734
1994 1435
867 1555
539 766
964 1658
1915 248
366 1118
328 1915
826 803
232 286
1141 968
1733 1434
1156 1103
103 1176
900 1413
1605 872
202 143
927 1874
506 307
227 1412
1079 1024
102 1145
1964 588
168 405
1952 725
1805 65
157 432
1937 550
126 1059
1605 1787
1060 1956
814 601
1853 495
93 982
239 1861
1396 1473
1052 1740
370 136
923 1999
1183 1054
404 232
847 1862
1999 740
414 1309
425 1485
41 1407
751 137
296 1021
71 1976
879 234
882 1706
593 138
343 380
958 611
84 166
895 1890
940 919
90 743
122 1566
658 0
1330 562
586 318
1326 1136
1187 34
482 621
269 1197
181 1771
131 1982
1690 1291
244 275
445 1657
852 1863
562 1271
1052 87
310 199
1669 837
358 100
676 29
1305 52
1256 1203
1032 243
950 699
129 796
487 448
1624 724
1077 25
1469 540
1386 162
1731 1455
1749 1021
304 1466
289 1445
1050 147
240 527
848 1756
1208 637
1935 912
204 908
959 1958
1000 498
1500 198
1393 428
1437 1123
548 1037
685 1207
1969 563
1300 1104
477 1648
618 1769
1506 112
1978 902
1882 1407
214 43
1506 107
399 1923
1013 1749
598 1977
1018 278
585 350
633 909
1704 1945
978 437
1484 481
1650 1222
919 1398
1804 1918
1327 1548
1222 925
324 1593
117 205
920 14
1856 1756
1610 948
368 1774
747 1898
22 1557
460 700
1557 697
1391 433
276 893
1950 231
1967 987
765 760
843 979
2000 95
1739 1347
63 1078
201 968
181 1353
406 262
1839 707
1676 972
644 1436
1298 1978
1945 1064
546 66
1223 674
26 1419
409 1760
628 1322
1960 201
1298 892
717 1597
1771 1980
22 308
173 186
1290 1684
1836 1658
1727 1194
952 1038
104 519
178 289
1946 1811
1636 979
973 438
1812 53
1150 1758
397 1618
1021 1344
763 1794
1828 1002
1688 177
196 838
243 1004
150 56
975 806
237 1666
29 1139
1143 1840
797 142
932 1972
1951 1789
1833 1909
1584 631
1145 1805
141 1791
1508 1143
1763 692
1953 384
254 454
777 1056
865 1608
727 94
972 47
1865 1644
1920 1807
898 903
1875 305
1661 224
267 1820
1436 1551
1876 1338
1372 818
17 56
1205 678
179 1217
1549 112
1589 238
120 341
1577 1262
92 673
250 866
1685 69
1535 1789
804 92
1714 1802
495 1041
389 10
1413 337
95 668
172 1721
1619 1725
1335 650
706 1963
1008 317
687 1470
619 1546
16 1780
432 1299
1345 131
1308 1478
1761 134
1580 1703
1920 209
156 847
520 296
1696 15
578 1884
1860 1235
18 283
1680 1910
15 1526
12 1707
155 1674
550 1999
1692 86
1733 83
248 30
358 1292
1768 34
377 290
510 1096
1174 1571
378 1879
1992 485
40 849
142 312
1862 567
1861 681
188 149
44 1056
85 1541
1904 200
813 875
294 140
1981 450
1454 1388
1417 171
97 1210
1443 1235
268 164
1359 1749
174 1757
1493 1582
1924 854
1261 1776
1226 1570
1185 1620
1732 1472
201 1032
27 1856
998 25
1023 108
1634 1919
38 877
1657 1993
736 24
1194 199
2 1943
215 1435
650 1448
1429 335
800 1827
1442 1706
533 272
284 1039
1346 1983
1031 451
746 1859
248 41
579 1933
1291 1181
1176 1217
1592 183
1997 845
323 1721
1895 143
613 1236
218 1827
131 796
1076 1200
1911 1953
588 1597
1841 84
1170 1128
1990 526
1769 403
621 1780
1306 786
1469 1988
1703 1669
1552 966
1764 1155
1241 1970
1169 864
1151 1663
320 247
1358 1549
1193 725
138 1643
1490 1868
303 1445
1843 1169
1344 118
946 1532
300 118
127 1245
304 1895
904 163
280 1959
750 136
1903 165
1694 1403
1514 1430
220 727
1211 60
164 1702
772 244
1956 460
872 1080
787 284
1285 479
105 1270
1524 1904
456 461
106 164
1766 586
302 1967
1983 641
33 1787
1945 1775
1655 1689
352 425
1391 601
577 1274
167 677
1428 735
1971 1281
1325 1735
112 884
1026 1853
719 1959
452 1633
1890 264
552 1204
1310 1940
567 957
650 1810
263 1300
953 1180
1958 1548
238 1155
509 548
219 1327
1272 54
51 331
1957 462
1265 1878
504 208
772 1265
965 445
1646 808
418 1738
1773 1633
27 1464
988 1946
183 258
491 5
1297 1611
1417 65
1530 620
1188 1944
739 1338
451 1785
133 1674
524 795
1933 541
115 1570
89 322
1323 851
584 1303
695 33
1627 1520
1489 1957
1127 807
1957 203
1988 1264
433 821
373 215
453 1238
1675 1677
1589 69
3 468
1738 1776
1036 566
587 390
441 104
902 912
422 371
1035 163
588 673
500 1198
1300 1558
712 1877
1295 287
1573 739
49 1005
752 1824
29 1967
895 1100
692 1233
452 408
1188 1423
177 613
1868 1865
719 1754
658 75
189 1659
1974 954
45 1421
987 1905
1969 400
833 862
1693 297
623 1640
161 1842
620 1711
1402 1955
86 135
80 1301
865 763
40 1563
339 809
2 189
798 287
1653 1251
328 1878
1364 196
1711 1158
405 343
1388 1432
453 179
4 952
1313 29
1239 162
1035 1765
180 1263
94 463
195 880
56 1873
1715 1646
1647 1861
428 1822
1758 1657
419 110
1268 1894
299 1087
1057 173
1917 46
1509 1031
101 294
645 154
1233 66
580 1665
61 293
622 1060
474 1817
810 266
346 94
537 303
1004 245
80 977
761 36
1640 1843
411 234
155 1809
1661 998
888 39
446 173
1409 93
1602 1131
670 250
416 1818
192 666
