2000
1123 210
1918 811
1154 997
421 1243
1288 1634
1042 702
1023 1374
1529 1881
1229 989
345 649
880 945
177 1689
949 828
1936 1833
1500 926
1292 798
205 558
532 389
701 1326
586 376
952 1857
1335 238
1002 1916
644 1567
663 1768
1130 480
101 1177
892 357
1419 12
791 586
1251 95
96 607
1663 1549
808 1026
1186 297
384 91
869 1789
905 507
972 1641
1396 529
915 1812
1335 129
1743 1923
852 1532
831 1978
413 856
698 988
1027 1523
241 1920
1841 520
1425 468
758 1677
1626 672
708 1167
1320 1538
743 55
551 723
1147 884
1298 643
300 304
596 587
831 1729
988 975
939 340
1163 1880
1976 1533
1706 1067
880 829
1938 1864
660 1388
530 426
214 1385
799 608
1762 392
1459 1118
956 1016
1446 565
1479 1558
93 676
410 28
1092 259
1225 1432
1129 1332
1967 865
1003 747
1241 1513
137 1223
414 28
1733 1575
1574 1892
453 210
1340 309
677 1348
355 1401
25 552
1711 1991
1455 452
887 796
1668 1902
1830 1083
1164 1917
1601 813
1354 1760
114 1257
35 1610
1188 1567
946 1291
1552 364
1971 1660
1503 585
115 741
123 1998
1255 757
378 1582
162 1735
169 618
379 533
408 499
682 1446
949 1158
1562 350
1085 923
78 1798
431 147
1016 325
1146 1829
1589 226
255 402
1772 637
1448 669
1431 682
154 717
815 1156
833 945
18 1841
312 1396
1300 1289
955 1612
606 1692
1668 942
678 559
1908 189
841 613
1899 1467
181 721
1268 1692
214 313
1045 802
31 1235
1485 1972
1834 1424
1854 319
1307 975
1008 213
890 8
2 1432
866 1030
250 1160
1163 808
966 1558
988 586
1674 1939
961 618
1181 1235
987 36
1235 906
167 1275
1651 1972
252 1932
1181 1577
291 884
1007 58
1827 47
1372 909
1897 895
1269 584
530 727
1272 1190
193 604
426 823
1071 1114
1027 751
1880 562
526 1273
1348 281
531 707
1774 319
418 947
724 1012
779 1459
1317 809
1269 98
1819 311
16 446
1405 613
591 997
393 7
379 167
845 998
365 173
950 429
630 1374
416 1786
423 808
1002 1052
1427 860
732 541
877 1703
474 1729
911 891
723 903
316 1193
496 844
1448 811
1748 58
931 1506
1871 217
1474 1054
458 344
1647 478
1103 533
961 1327
316 1555
129 1516
1557 1415
838 543
1778 1820
808 1854
702 715
1108 402
907 1584
1943 1281
1115 767
1645 1571
1336 299
1093 265
1159 1095
1175 192
48 792
760 35
910 67
1597 571
1085 480
1614 419
93 1359
1737 1925
1453 991
299 1760
230 367
1779 712
512 1107
1784 531
116 324
499 1667
792 1109
1784 1166
1473 1863
852 1028
1238 587
784 220
1694 177
1334 1234
231 680
1647 375
465 1498
993 1472
285 617
1215 119
838 750
287 1682
1124 641
414 1633
1505 143
1295 1896
784 1668
1680 1562
451 1437
1748 1795
1725 1718
849 325
61 1856
643 1128
1253 462
709 46
1649 461
936 1956
1228 1932
251 1249
1600 623
1732 1608
1710 575
1950 1344
626 676
456 1761
361 1849
985 305
270 519
686 712
868 631
349 782
708 1768
1575 163
1881 297
1318 1246
570 1590
990 76
1409 575
1933 362
1455 1790
1882 1978
1880 1726
307 1594
604 435
612 1732
1121 996
1632 1731
1503 1502
1758 1752
607 1271
602 1443
1454 930
1102 751
1588 1581
1548 107
32 87
158 1924
116 1121
239 1203
60 729
1673 1834
407 1191
1066 1048
726 1663
941 1882
1731 858
1796 1176
542 96
44 1362
1241 1765
1254 1256
1045 1350
229 750
742 961
1074 1011
124 1697
759 265
647 1837
1614 585
1654 882
1508 1019
193 1472
1673 571
668 472
374 761
560 760
1727 252
1095 1607
544 635
971 1958
215 23
1488 1920
1410 1453
479 158
1964 991
817 1361
1568 632
1642 227
1514 1747
1577 710
1242 1808
1887 649
1439 222
1680 1924
1735 1359
1974 1468
1735 1650
405 1384
1957 1852
548 996
1538 822
121 989
1388 159
1794 637
772 1084
982 879
1008 1607
840 1967
350 488
1828 1320
317 209
703 429
1202 1305
1076 1104
629 595
653 505
1508 643
1117 1320
553 1928
29 1650
587 1913
90 1991
1737 1418
1616 1786
130 623
794 1078
409 979
805 616
434 489
1017 762
1042 1200
82 1113
863 1500
413 1947
1153 1088
83 1358
1304 1033
1510 1479
178 147
1809 969
251 1880
1249 1215
325 86
1840 1464
954 455
318 1209
1916 1857
276 934
98 1884
529 1787
626 324
1700 838
1386 1065
1960 1029
1362 207
10 1462
632 1542
10 307
1035 1089
1432 1415
1279 348
462 303
309 1901
487 602
513 1350
984 1616
1443 1507
983 1904
1907 228
87 384
101 604
846 1631
1296 662
7 806
375 1104
616 1439
1877 1995
1612 1006
197 232
0 182
1376 695
1255 1034
118 475
1520 1139
1291 1627
1590 1738
1655 515
1909 1212
258 35
1266 37
1595 1563
908 1678
533 1211
1015 196
1548 1348
786 1749
776 1574
1019 1983
934 640
74 1614
860 1331
1514 1879
1428 235
1948 1835
963 1523
1403 218
1386 65
440 1121
1592 1982
348 89
1898 657
894 1998
1451 1568
1272 119
1465 1800
678 973
310 1026
1903 1478
1823 1125
370 598
1581 1095
1781 1585
1496 219
81 1411
1565 842
1883 1023
1450 1301
236 1898
315 1881
1678 1797
1605 532
1264 1644
1203 469
60 181
264 373
145 1845
1235 788
457 1836
146 1831
1058 1442
1212 1651
253 1043
1893 516
504 205
1014 1585
492 1407
1914 98
156 540
635 1145
737 1887
869 1375
1128 301
96 1418
1223 317
1102 826
67 0
198 632
1300 1805
387 1498
553 125
1789 408
136 1597
1746 2
1861 1563
799 946
1534 361
446 121
167 417
1975 724
1321 657
205 517
177 241
1604 852
1429 1557
517 371
1462 1296
421 578
493 1566
1923 1119
1346 1253
1677 1788
204 1028
220 404
1761 345
1417 1045
89 1733
956 482
1939 568
701 1601
532 57
1870 1749
1198 404
737 1839
620 686
1947 1598
668 1190
1932 321
1823 1723
1073 1527
1388 1096
990 729
1835 148
210 681
682 1922
1177 405
1780 456
549 771
195 1821
1358 1307
1596 1212
674 1004
419 961
1296 473
1033 411
344 161
55 409
1562 1679
1543 1667
1449 290
1643 570
292 208
1452 204
585 685
1136 1443
1485 111
766 1708
228 20
924 278
416 432
264 1944
1582 633
1311 130
1637 819
1544 1222
1127 1975
13 23
533 447
970 1652
1815 1893
1842 1175
98 1128
593 1014
705 124
1644 1902
680 670
1382 1237
755 1127
1877 1123
1651 1088
1870 1643
1343 180
1553 1918
1565 1695
1233 1263
1058 478
1835 1317
1818 675
802 1527
40 87
298 14
1553 90
985 1866
612 1956
868 1173
1532 1845
878 714
900 1115
290 1604
371 1044
797 1806
1253 1794
1487 26
1547 856
284 1792
35 97
267 1238
1975 20
175 86
900 371
1013 51
1612 925
932 1865
1311 1879
907 461
99 482
1483 245
1689 1710
623 1168
1664 972
1671 1835
923 1115
80 909
851 1341
1728 1855
544 460
1458 1633
1401 1944
1744 1171
94 1914
292 1004
767 830
1276 1138
239 1107
1821 149
1205 21
963 1327
1833 610
833 1913
1972 545
1362 579
663 1417
1516 1660
1964 1495
1947 1819
583 1892
1237 366
304 1889
404 659
1934 1114
1331 293
1674 606
268 1949
465 1093
819 1198
935 1687
277 1661
1292 669
1049 191
392 699
797 1
1134 1868
1672 137
909 1455
343 1699
87 1946
407 1545
1481 537
1229 1419
208 501
618 499
1375 229
400 1336
608 1793
938 1417
1800 821
1417 476
653 603
506 1964
1637 74
673 758
710 1290
1429 844
877 342
525 1989
1112 1878
1950 1785
1182 1770
1018 110
619 1075
1333 1951
1645 252
1976 1101
152 1634
57 317
1937 860
865 1437
1736 1865
730 117
1883 403
807 702
440 65
1849 113
473 1945
791 12
1401 1841
822 59
121 566
1076 579
996 1052
351 868
1320 1603
49 1079
36 367
863 1840
1036 1369
456 589
65 191
1794 219
470 416
1017 157
1233 827
1517 1574
1373 1942
212 1549
679 213
1186 1071
643 1624
1022 1669
194 782
1154 347
548 1484
837 761
1250 816
44 767
1207 180
1836 570
0 216
1378 1011
937 1062
424 1345
64 383
85 1952
707 1250
474 900
190 1049
578 249
839 1771
50 1173
1502 1242
1075 1148
15 309
1996 410
1687 947
1268 1762
684 378
1556 1426
1986 471
463 723
63 1541
1901 276
1736 1826
702 135
30 1470
86 305
550 694
750 1049
710 1314
1050 1870
664 234
247 1695
719 1194
220 1564
1064 1557
1916 524
1740 1408
814 741
1323 380
291 84
1232 1819
755 589
876 1999
849 670
569 1400
1888 611
1411 1732
1872 1166
25 682
1197 117
1775 630
160 1943
1368 1301
265 1167
1148 795
556 1997
1493 804
346 1561
499 1577
1317 1388
712 1947
83 866
1538 1404
922 1943
1034 78
1313 1847
448 1830
942 1628
28 1160
38 710
143 868
1758 340
17 141
306 1384
1851 361
1567 1761
1636 289
112 221
372 315
695 806
1063 1516
1790 704
1460 1900
45 455
495 1337
425 1424
1939 1666
1361 1428
129 1354
1332 1118
1022 979
329 1863
1243 206
137 354
166 1981
311 218
125 237
77 968
964 1209
1676 1138
824 241
1761 1493
1688 1120
1667 34
556 1822
1845 1975
1816 1302
1774 930
1173 1825
655 1613
436 79
134 1769
1991 1047
351 1493
1013 45
1959 828
1632 944
1478 122
561 224
1029 315
437 72
1271 1372
1827 1141
1084 1912
1193 651
698 77
1403 1885
1387 1575
17 1029
958 1970
434 1967
630 190
1564 1262
111 1938
56 1716
1162 562
1361 988
507 1030
646 1311
683 1618
140 1807
1412 406
1129 732
1350 1683
1407 332
58 737
1238 640
1294 146
201 1330
944 1676
703 470
1868 447
1199 1834
420 364
228 343
738 1626
1822 1556
740 5
1343 1505
1035 116
1234 1550
1936 892
392 1550
480 129
1531 108
1465 135
1410 394
128 1447
1850 1436
1265 667
1910 695
1630 901
1177 558
1282 1614
114 1403
1890 1983
1788 972
1751 1711
1114 17
1706 1014
207 1882
262 701
1898 378
717 387
1204 1275
1475 414
758 1499
624 994
124 96
614 1083
1044 1605
615 1763
970 281
1641 965
245 1657
334 105
730 1137
1962 350
202 1581
834 1894
1157 419
1408 1093
677 255
587 365
1081 318
891 1639
376 1280
1993 1085
1113 1155
1431 600
850 639
442 1587
277 1344
1110 578
1122 396
1914 405
1340 1517
1316 59
1159 1651
1970 1324
1856 259
1704 1287
293 1146
68 661
302 1449
693 1520
213 1873
1392 841
1929 933
242 1889
1965 540
832 285
1084 1849
1573 118
965 316
1375 468
1114 1993
1605 1426
819 1794
1389 1178
268 795
1953 66
1715 1020
977 530
1214 880
1801 1927
1890 818
304 466
120 616
1515 1941
1510 697
793 1256
1529 1368
1376 1385
229 1084
272 1961
1928 163
542 3
16 1285
1723 1601
613 583
801 1479
1999 306
1610 1658
1935 1480
1615 779
221 799
1817 221
287 1743
37 1302
1433 448
1875 1788
367 663
1613 1548
1869 1276
1162 285
848 246
765 314
1515 483
1953 1644
648 431
1331 531
1242 1619
295 1034
1636 314
832 1671
1846 450
1901 872
779 1347
1760 1816
1473 1658
922 1816
1365 1837
1790 566
834 1611
1572 1725
7 1770
1654 656
1539 638
1769 913
1855 115
1456 1941
1191 537
835 379
14 1812
697 1177
258 720
68 929
611 1900
498 1475
736 745
498 727
1262 255
32 243
1924 1519
1740 1442
1530 1165
1623 548
335 1916
965 179
1546 1082
1307 678
1157 1884
1369 233
1188 882
222 1877
1593 116
57 1096
1479 1948
993 673
1927 848
1259 1251
102 1216
515 845
203 1108
586 1101
507 1645
781 830
1116 903
736 1968
1505 1338
793 27
427 33
1392 603
75 1427
1369 788
48 1023
557 530
367 1838
40 731
1993 703
1283 1809
1104 466
1972 1286
376 701
217 1878
1547 1089
1768 144
1831 64
545 91
1798 282
1973 1555
1158 7
231 179
23 742
1623 914
1881 715
1892 1438
1853 1798
1935 1960
905 258
607 31
1398 696
1305 981
154 1152
91 1604
1063 1767
190 1487
1742 1640
122 1506
1205 1911
1915 244
73 1258
215 1744
470 1933
1701 1746
186 46
1332 1210
974 366
1894 262
1611 258
492 368
1588 172
155 316
1382 1588
1460 886
989 1364
1999 201
1486 130
461 1905
362 1807
1041 839
582 1707
297 430
1422 216
1806 1618
1635 1809
541 1474
1380 341
210 294
1795 1652
575 26
883 227
212 525
608 80
117 1917
1905 1715
1098 1933
1746 1434
1962 628
1330 1244
1828 1192
122 273
13 1927
192 1526
1039 1111
870 1328
1444 1197
483 1818
1464 400
175 504
461 1346
106 359
1752 1407
18 1361
1176 57
163 771
615 1808
143 160
1897 941
1193 239
1009 40
1039 1867
1813 132
178 538
398 1762
1803 910
140 1405
321 504
282 127
226 40
71 388
683 1946
572 1745
417 181
369 403
232 1206
1427 290
1545 1823
632 1230
1134 1735
426 1829
1919 1136
1590 1180
1150 1773
1174 509
53 987
418 43
761 709
1732 931
669 1536
1778 436
1030 64
27 1248
1960 84
600 66
1672 1928
95 1980
1639 1583
213 1172
1583 1677
714 446
409 831
1791 451
1426 1182
103 1806
1077 313
1452 408
1982 737
1478 1423
1983 427
158 1894
1611 1079
1281 1300
1501 44
1109 434
516 1303
1675 1727
1869 519
1865 1098
1259 103
1112 1624
410 486
285 777
1974 1697
1089 631
389 650
1234 1847
1622 1525
15 970
1691 101
21 739
1675 1785
557 646
174 279
1833 612
740 239
108 1686
1106 92
846 37
1911 276
1725 1085
8 924
336 1299
987 829
1915 1414
1483 1157
241 986
1158 871
328 515
1687 155
657 274
1329 39
1337 1990
315 286
221 88
64 912
1384 406
1819 967
1866 1053
1780 560
1348 804
1237 677
777 365
914 264
1567 628
346 920
396 1080
138 1017
227 204
186 1576
107 594
317 56
1540 889
230 912
571 1899
1564 871
718 955
1005 1678
85 692
1887 2
770 634
972 955
1753 3
564 128
427 1181
1989 34
1437 1688
424 152
1185 363
1199 998
235 953
238 642
420 1687
166 274
591 1966
1724 840
1927 1220
146 959
1677 266
1168 220
699 681
1216 1233
792 942
179 1380
1140 1386
720 815
56 1969
1764 1243
1798 1221
473 870
1079 653
1051 1686
224 1372
823 1450
896 145
509 1272
1496 211
493 843
1480 1152
428 1984
939 1273
1681 1855
776 106
113 451
309 650
390 1288
1789 438
211 887
590 1959
134 1543
136 875
1738 1613
29 1997
381 1774
254 522
1561 1215
904 891
1472 539
391 1725
259 836
1540 286
734 1930
1799 1133
1879 1406
191 1797
1712 1728
1755 1156
1814 1265
1894 1938
27 1685
1781 1151
1007 1440
247 963
1857 1292
152 756
1383 892
549 1720
1821 1204
34 201
138 1700
366 1316
1928 1435
30 1763
650 217
321 1106
452 1503
1210 200
1707 1039
1826 826
504 1911
1857 1671
1156 332
1345 1957
1941 1711
419 1368
81 1163
1107 1353
688 358
1942 707
1322 1294
1922 141
1807 155
1796 1893
1281 1367
370 1820
576 1070
80 330
284 538
796 626
153 1753
95 873
825 222
843 889
1284 88
110 1059
61 1345
402 1440
276 250
86 590
1667 389
1312 229
1430 893
1679 902
11 633
22 1080
1966 914
654 215
825 294
596 789
497 329
1601 27
739 414
986 1241
281 401
1863 983
117 1099
566 1753
1965 1360
1132 428
336 835
1263 1915
1785 668
1224 52
1729 1492
858 1063
45 995
837 1782
297 1973
179 300
69 648
1830 747
810 1468
1608 905
1981 927
1352 160
1849 347
90 535
1316 1925
1333 1918
236 1103
269 269
1336 270
1586 1219
1303 906
36 1251
1808 1546
1174 1524
496 1433
487 287
1709 1033
1278 1309
238 1833
1929 999
1825 545
928 1449
1029 1603
375 934
1334 1707
1662 647
393 1144
510 758
1874 738
1979 1514
1551 150
1184 359
658 1968
417 1019
1957 1559
1923 1182
1942 1500
826 194
995 1189
1662 730
930 755
1863 1041
1970 1136
1959 1570
750 725
24 1362
1988 536
1288 1313
1618 268
1983 1723
109 357
1884 770
1201 1247
1733 1056
497 144
1934 591
599 536
1239 424
1146 492
1400 1628
451 1993
940 1801
800 360
1718 1790
1639 215
1952 0
876 1670
580 1512
886 1866
1010 1825
918 101
1315 1271
1769 1012
386 1598
1432 735
1512 270
526 1000
65 1635
709 93
1037 1699
1571 308
14 1905
1444 1492
108 1596
279 1984
1969 1491
936 894
889 224
983 1103
1397 1322
1293 1464
481 544
665 328
488 77
344 910
1694 289
1399 1664
1301 202
1524 31
437 985
12 1076
561 368
789 242
270 877
995 1077
1739 295
359 1935
266 1684
448 459
62 162
104 1690
1967 886
952 476
433 1610
66 1328
1726 1308
349 273
1741 362
438 1986
1551 1553
398 260
847 724
369 792
1791 1249
216 1948
1230 1020
1054 225
679 1422
697 464
1467 1891
377 1536
1377 1027
610 107
1061 967
1082 1771
924 118
1394 355
469 1304
139 898
1373 523
11 170
1701 915
1896 1369
275 1591
1275 72
565 32
1846 1202
742 184
1595 800
449 933
1450 1111
1110 1715
1838 162
1049 156
1924 1490
1888 184
1 1054
1550 1569
747 776
1046 344
200 1245
844 134
574 1952
810 172
469 477
1893 1419
1940 156
1598 1597
306 687
1435 22
1764 1562
1712 1125
70 1673
1768 675
1626 992
1786 1759
1095 1542
354 157
842 1137
1486 6
1937 1867
1811 1579
1919 302
1747 1926
1810 311
1988 928
610 1930
636 1638
550 1401
1913 1252
1664 1108
999 1980
759 1478
144 353
1700 1708
1497 1726
1940 1356
565 1903
1649 358
669 1655
466 83
1323 535
1560 1782
898 1373
232 421
1507 1791
1891 936
295 823
144 1526
1767 42
281 460
103 1267
1803 395
452 24
59 629
1391 49
478 200
1142 17
1990 327
1931 1700
181 958
1992 195
233 173
1753 1470
1310 1973
1822 1126
1224 310
720 1087
651 1986
1055 1839
155 1290
980 647
1750 1681
199 1602
962 548
483 1992
1513 379
563 120
257 1214
1805 62
511 1875
1884 908
925 1853
582 1899
1872 982
1416 298
1747 1170
1305 1756
1720 1402
1218 300
1217 550
156 680
508 1869
994 1631
106 487
1986 1141
77 1499
1711 456
635 1013
102 697
1212 1740
1411 1246
73 1987
55 1082
1657 1653
744 1259
1666 1586
1708 79
1283 21
1918 1826
94 1672
429 1409
717 590
752 1987
1492 1422
1518 1728
386 1387
964 1722
1232 1995
785 1842
1613 757
1484 1390
467 1635
182 1261
874 8
1713 208
946 1981
174 470
1414 1376
1727 699
848 279
1792 1690
4 973
1930 1969
43 1509
1131 63
813 44
382 67
79 596
267 1508
1814 687
670 861
1286 36
897 164
1663 1250
1922 1181
1546 1864
966 211
1850 836
1902 791
1851 777
352 573
1652 257
633 1135
782 32
1956 732
389 896
47 197
1867 1873
714 1283
1971 1315
1809 1570
342 78
475 1204
100 114
71 1869
1341 145
1352 1551
1057 1830
1223 1568
279 1296
577 883
1075 1861
475 1560
1604 1842
527 13
112 1608
1973 198
1356 203
1688 1539
1526 440
266 1679
1804 1324
142 789
1116 1800
1989 1630
1642 730
1878 1399
1832 980
1891 1966
1330 614
1852 240
1841 1425
1037 374
659 1789
560 328
1669 1921
1033 24
1556 556
1093 510
494 126
919 111
1777 190
1176 791
1991 146
1820 742
208 1207
41 591
1420 375
123 1775
111 1069
1103 1961
1074 1637
216 1509
975 97
1943 779
1773 1619
1169 454
52 805
1873 318
194 982
189 1394
528 413
821 112
593 1989
1771 1240
104 759
921 39
395 1945
1434 104
1600 873
809 917
1952 1148
1135 1716
807 93
99 1736
1563 170
1946 138
1622 153
405 827
2 915
1169 230
1920 373
1995 374
1118 1868
1802 1642
280 1525
647 225
1908 1520
787 62
1793 194
951 1537
1592 264
1349 1201
1864 565
1865 1636
1240 1025
1981 238
1874 94
1571 1444
1757 581
1930 799
160 1193
1414 1990
8 1323
1738 1259
359 1451
1501 1017
1180 1572
82 178
1955 124
735 483
488 321
1958 1397
58 1391
1309 1649
1527 1994
325 25
169 488
1499 15
823 1912
1760 667
223 854
1652 693
694 654
1920 1564
976 1898
1507 110
1783 653
973 1560
1566 642
1618 809
1306 1939
794 302
1211 18
604 330
1226 1055
118 1643
249 407
289 1616
932 1815
1575 1676
1721 29
1824 1767
986 122
39 495
195 231
875 1821
1845 60
992 797
1979 354
1603 1888
1731 503
783 1875
1106 49
243 1810
1165 1744
1339 43
645 1341
665 953
1545 1218
1297 1958
397 235
1581 283
611 1850
1216 1292
125 1382
1961 188
1729 1721
46 168
164 1214
341 1795
480 1546
693 1430
1697 1427
89 1495
1121 126
1363 1637
1542 1823
