2012
0 0
1 1
2 4
3 9
4 16
5 25
6 36
7 49
8 64
9 81
10 100
11 121
12 144
13 169
14 196
15 225
16 256
17 289
18 324
19 361
20 400
21 441
22 484
23 529
24 576
25 625
26 676
27 729
28 784
29 841
30 900
31 961
32 1024
33 1089
34 1156
35 1225
36 1296
37 1369
38 1444
39 1521
40 1600
41 1681
42 1764
43 1849
44 1936
45 14
46 105
47 198
48 293
49 390
50 489
51 590
52 693
53 798
54 905
55 1014
56 1125
57 1238
58 1353
59 1470
60 1589
61 1710
62 1833
63 1958
64 74
65 203
66 334
67 467
68 602
69 739
70 878
71 1019
72 1162
73 1307
74 1454
75 1603
76 1754
77 1907
78 51
79 208
80 367
81 528
82 691
83 856
84 1023
85 1192
86 1363
87 1536
88 1711
89 1888
90 56
91 237
92 420
93 605
94 792
95 981
96 1172
97 1365
98 1560
99 1757
100 1956
101 146
102 349
103 554
104 761
105 970
106 1181
107 1394
108 1609
109 1826
110 34
111 255
112 478
113 703
114 930
115 1159
116 1390
117 1623
118 1858
119 84
120 323
121 564
122 807
123 1052
124 1299
125 1548
126 1799
127 41
128 296
129 553
130 812
131 1073
132 1336
133 1601
134 1868
135 126
136 397
137 670
138 945
139 1222
140 1501
141 1782
142 54
143 339
144 626
145 915
146 1206
147 1499
148 1794
149 80
150 379
151 680
152 983
153 1288
154 1595
155 1904
156 204
157 517
158 832
159 1149
160 1468
161 1789
162 101
163 426
164 753
165 1082
166 1413
167 1746
168 70
169 407
170 746
171 1087
172 1430
173 1775
174 111
175 460
176 811
177 1164
178 1519
179 1876
180 224
181 585
182 948
183 1313
184 1680
185 38
186 409
187 782
188 1157
189 1534
190 1913
191 283
192 666
193 1051
194 1438
195 1827
196 207
197 600
198 995
199 1392
200 1791
201 181
202 584
203 989
204 1396
205 1805
206 205
207 618
208 1033
209 1450
210 1869
211 279
212 702
213 1127
214 1554
215 1983
216 403
217 836
218 1271
219 1708
220 136
221 577
222 1020
223 1465
224 1912
225 350
226 801
227 1254
228 1709
229 155
230 614
231 1075
232 1538
233 2003
234 459
235 928
236 1399
237 1872
238 336
239 813
240 1292
241 1773
242 245
243 730
244 1217
245 1706
246 186
247 679
248 1174
249 1671
250 159
251 660
252 1163
253 1668
254 164
255 673
256 1184
257 1697
258 201
259 718
260 1237
261 1758
262 270
263 795
264 1322
265 1851
266 371
267 904
268 1439
269 1976
270 504
271 1045
272 1588
273 122
274 669
275 1218
276 1769
277 311
278 866
279 1423
280 1982
281 532
282 1095
283 1660
284 216
285 785
286 1356
287 1929
288 493
289 1070
290 1649
291 219
292 802
293 1387
294 1974
295 552
296 1143
297 1736
298 320
299 917
300 1516
301 106
302 709
303 1314
304 1921
305 519
306 1130
307 1743
308 347
309 964
310 1583
311 193
312 816
313 1441
314 57
315 686
316 1317
317 1950
318 574
319 1211
320 1850
321 480
322 1123
323 1768
324 404
325 1053
326 1704
327 346
328 1001
329 1658
330 306
331 967
332 1630
333 284
334 951
335 1620
336 280
337 953
338 1628
339 294
340 973
341 1654
342 326
343 1011
344 1698
345 376
346 1067
347 1760
348 444
349 1141
350 1840
351 530
352 1233
353 1938
354 634
355 1343
356 43
357 756
358 1471
359 177
360 896
361 1617
362 329
363 1054
364 1781
365 499
366 1230
367 1963
368 687
369 1424
370 152
371 893
372 1636
373 370
374 1117
375 1866
376 606
377 1359
378 103
379 860
380 1619
381 369
382 1132
383 1897
384 653
385 1422
386 182
387 955
388 1730
389 496
390 1275
391 45
392 828
393 1613
394 389
395 1178
396 1969
397 751
398 1546
399 332
400 1131
401 1932
402 724
403 1529
404 325
405 1134
406 1945
407 747
408 1562
409 368
410 1187
411 2008
412 820
413 1645
414 461
415 1290
416 110
417 943
418 1778
419 604
420 1443
421 273
422 1116
423 1961
424 797
425 1646
426 486
427 1339
428 183
429 1040
430 1899
431 749
432 1612
433 466
434 1333
435 191
436 1062
437 1935
438 799
439 1676
440 544
441 1425
442 297
443 1182
444 58
445 947
446 1838
447 720
448 1615
449 501
450 1400
451 290
452 1193
453 87
454 994
455 1903
456 803
457 1716
458 620
459 1537
460 445
461 1366
462 278
463 1203
464 119
465 1048
466 1979
467 901
468 1836
469 762
470 1701
471 631
472 1574
473 508
474 1455
475 393
476 1344
477 286
478 1241
479 187
480 1146
481 96
482 1059
483 13
484 980
485 1949
486 909
487 1882
488 846
489 1823
490 791
491 1772
492 744
493 1729
494 705
495 1694
496 674
497 1667
498 651
499 1648
500 636
501 1637
502 629
503 1634
504 630
505 1639
506 639
507 1652
508 656
509 1673
510 681
511 1702
512 714
513 1739
514 755
515 1784
516 804
517 1837
518 861
519 1898
520 926
521 1967
522 999
523 33
524 1080
525 118
526 1169
527 211
528 1266
529 312
530 1371
531 421
532 1484
533 538
534 1605
535 663
536 1734
537 796
538 1871
539 937
540 5
541 1086
542 158
543 1243
544 319
545 1408
546 488
547 1581
548 665
549 1762
550 850
551 1951
552 1043
553 137
554 1244
555 342
556 1453
557 555
558 1670
559 776
560 1895
561 1005
562 117
563 1242
564 358
565 1487
566 607
567 1740
568 864
569 2001
570 1129
571 259
572 1402
573 536
574 1683
575 821
576 1972
577 1114
578 258
579 1415
580 563
581 1724
582 876
583 30
584 1197
585 355
586 1526
587 688
588 1863
589 1029
590 197
591 1378
592 550
593 1735
594 911
595 89
596 1280
597 462
598 1657
599 843
600 31
601 1232
602 424
603 1629
604 825
605 23
606 1234
607 436
608 1651
609 857
610 65
611 1286
612 498
613 1723
614 939
615 157
616 1388
617 610
618 1845
619 1071
620 299
621 1540
622 772
623 6
624 1253
625 491
626 1742
627 984
628 228
629 1485
630 733
631 1994
632 1246
633 500
634 1767
635 1025
636 285
637 1558
638 822
639 88
640 1367
641 637
642 1920
643 1194
644 470
645 1759
646 1039
647 321
648 1616
649 902
650 190
651 1491
652 783
653 77
654 1384
655 682
656 1993
657 1295
658 599
659 1916
660 1224
661 534
662 1857
663 1171
664 487
665 1816
666 1136
667 458
668 1793
669 1119
670 447
671 1788
672 1120
673 454
674 1801
675 1139
676 479
677 1832
678 1176
679 522
680 1881
681 1231
682 583
683 1948
684 1304
685 662
686 22
687 1395
688 759
689 125
690 1504
691 874
692 246
693 1631
694 1007
695 385
696 1776
697 1158
698 542
699 1939
700 1327
701 717
702 109
703 1514
704 910
705 308
706 1719
707 1121
708 525
709 1942
710 1350
711 760
712 172
713 1597
714 1013
715 431
716 1862
717 1284
718 708
719 134
720 1573
721 1003
722 435
723 1880
724 1316
725 754
726 194
727 1647
728 1091
729 537
730 1996
731 1446
732 898
733 352
734 1819
735 1277
736 737
737 199
738 1674
739 1140
740 608
741 78
742 1561
743 1035
744 511
745 2000
746 1480
747 962
748 446
749 1943
750 1431
751 921
752 413
753 1918
754 1414
755 912
756 412
757 1925
758 1429
759 935
760 443
761 1964
762 1476
763 990
764 506
765 24
766 1555
767 1077
768 601
769 127
770 1666
771 1196
772 728
773 262
774 1809
775 1347
776 887
777 429
778 1984
779 1530
780 1078
781 628
782 180
783 1745
784 1301
785 859
786 419
787 1992
788 1556
789 1122
790 690
791 260
792 1843
793 1417
794 993
795 571
796 151
797 1744
798 1328
799 914
800 502
801 92
802 1695
803 1289
804 885
805 483
806 83
807 1696
808 1300
809 906
810 514
811 124
812 1747
813 1361
814 977
815 595
816 215
817 1848
818 1472
819 1098
820 726
821 356
822 1999
823 1633
824 1269
825 907
826 547
827 189
828 1844
829 1490
830 1138
831 788
832 440
833 94
834 1761
835 1419
836 1079
837 741
838 405
839 71
840 1750
841 1420
842 1092
843 766
844 442
845 120
846 1811
847 1493
848 1177
849 863
850 551
851 241
852 1944
853 1638
854 1334
855 1032
856 732
857 434
858 138
859 1855
860 1563
861 1273
862 985
863 699
864 415
865 133
866 1864
867 1586
868 1310
869 1036
870 764
871 494
872 226
873 1971
874 1707
875 1445
876 1185
877 927
878 671
879 417
880 165
881 1926
882 1678
883 1432
884 1188
885 946
886 706
887 468
888 232
889 2009
890 1777
891 1547
892 1319
893 1093
894 869
895 647
896 427
897 209
898 2004
899 1790
900 1578
901 1368
902 1160
903 954
904 750
905 548
906 348
907 150
908 1965
909 1771
910 1579
911 1389
912 1201
913 1015
914 831
915 649
916 469
917 291
918 115
919 1952
920 1780
921 1610
922 1442
923 1276
924 1112
925 950
926 790
927 632
928 476
929 322
930 170
931 20
932 1883
933 1737
934 1593
935 1451
936 1311
937 1173
938 1037
939 903
940 771
941 641
942 513
943 387
944 263
945 141
946 21
947 1914
948 1798
949 1684
950 1572
951 1462
952 1354
953 1248
954 1144
955 1042
956 942
957 844
958 748
959 654
960 562
961 472
962 384
963 298
964 214
965 132
966 52
967 1985
968 1909
969 1835
970 1763
971 1693
972 1625
973 1559
974 1495
975 1433
976 1373
977 1315
978 1259
979 1205
980 1153
981 1103
982 1055
983 1009
984 965
985 923
986 883
987 845
988 809
989 775
990 743
991 713
992 685
993 659
994 635
995 613
996 593
997 575
998 559
999 545
1000 533
1001 523
1002 515
1003 509
1004 505
1005 503
1006 503
1007 505
1008 509
1009 515
1010 523
1011 533
1012 545
1013 559
1014 575
1015 593
1016 613
1017 635
1018 659
1019 685
1020 713
1021 743
1022 775
1023 809
1024 845
1025 883
1026 923
1027 965
1028 1009
1029 1055
1030 1103
1031 1153
1032 1205
1033 1259
1034 1315
1035 1373
1036 1433
1037 1495
1038 1559
1039 1625
1040 1693
1041 1763
1042 1835
1043 1909
1044 1985
1045 52
1046 132
1047 214
1048 298
1049 384
1050 472
1051 562
1052 654
1053 748
1054 844
1055 942
1056 1042
1057 1144
1058 1248
1059 1354
1060 1462
1061 1572
1062 1684
1063 1798
1064 1914
1065 21
1066 141
1067 263
1068 387
1069 513
1070 641
1071 771
1072 903
1073 1037
1074 1173
1075 1311
1076 1451
1077 1593
1078 1737
1079 1883
1080 20
1081 170
1082 322
1083 476
1084 632
1085 790
1086 950
1087 1112
1088 1276
1089 1442
1090 1610
1091 1780
1092 1952
1093 115
1094 291
1095 469
1096 649
1097 831
1098 1015
1099 1201
1100 1389
1101 1579
1102 1771
1103 1965
1104 150
1105 348
1106 548
1107 750
1108 954
1109 1160
1110 1368
1111 1578
1112 1790
1113 2004
1114 209
1115 427
1116 647
1117 869
1118 1093
1119 1319
1120 1547
1121 1777
1122 2009
1123 232
1124 468
1125 706
1126 946
1127 1188
1128 1432
1129 1678
1130 1926
1131 165
1132 417
1133 671
1134 927
1135 1185
1136 1445
1137 1707
1138 1971
1139 226
1140 494
1141 764
1142 1036
1143 1310
1144 1586
1145 1864
1146 133
1147 415
1148 699
1149 985
1150 1273
1151 1563
1152 1855
1153 138
1154 434
1155 732
1156 1032
1157 1334
1158 1638
1159 1944
1160 241
1161 551
1162 863
1163 1177
1164 1493
1165 1811
1166 120
1167 442
1168 766
1169 1092
1170 1420
1171 1750
1172 71
1173 405
1174 741
1175 1079
1176 1419
1177 1761
1178 94
1179 440
1180 788
1181 1138
1182 1490
1183 1844
1184 189
1185 547
1186 907
1187 1269
1188 1633
1189 1999
1190 356
1191 726
1192 1098
1193 1472
1194 1848
1195 215
1196 595
1197 977
1198 1361
1199 1747
1200 124
1201 514
1202 906
1203 1300
1204 1696
1205 83
1206 483
1207 885
1208 1289
1209 1695
1210 92
1211 502
1212 914
1213 1328
1214 1744
1215 151
1216 571
1217 993
1218 1417
1219 1843
1220 260
1221 690
1222 1122
1223 1556
1224 1992
1225 419
1226 859
1227 1301
1228 1745
1229 180
1230 628
1231 1078
1232 1530
1233 1984
1234 429
1235 887
1236 1347
1237 1809
1238 262
1239 728
1240 1196
1241 1666
1242 127
1243 601
1244 1077
1245 1555
1246 24
1247 506
1248 990
1249 1476
1250 1964
1251 443
1252 935
1253 1429
1254 1925
1255 412
1256 912
1257 1414
1258 1918
1259 413
1260 921
1261 1431
1262 1943
1263 446
1264 962
1265 1480
1266 2000
1267 511
1268 1035
1269 1561
1270 78
1271 608
1272 1140
1273 1674
1274 199
1275 737
1276 1277
1277 1819
1278 352
1279 898
1280 1446
1281 1996
1282 537
1283 1091
1284 1647
1285 194
1286 754
1287 1316
1288 1880
1289 435
1290 1003
1291 1573
1292 134
1293 708
1294 1284
1295 1862
1296 431
1297 1013
1298 1597
1299 172
1300 760
1301 1350
1302 1942
1303 525
1304 1121
1305 1719
1306 308
1307 910
1308 1514
1309 109
1310 717
1311 1327
1312 1939
1313 542
1314 1158
1315 1776
1316 385
1317 1007
1318 1631
1319 246
1320 874
1321 1504
1322 125
1323 759
1324 1395
1325 22
1326 662
1327 1304
1328 1948
1329 583
1330 1231
1331 1881
1332 522
1333 1176
1334 1832
1335 479
1336 1139
1337 1801
1338 454
1339 1120
1340 1788
1341 447
1342 1119
1343 1793
1344 458
1345 1136
1346 1816
1347 487
1348 1171
1349 1857
1350 534
1351 1224
1352 1916
1353 599
1354 1295
1355 1993
1356 682
1357 1384
1358 77
1359 783
1360 1491
1361 190
1362 902
1363 1616
1364 321
1365 1039
1366 1759
1367 470
1368 1194
1369 1920
1370 637
1371 1367
1372 88
1373 822
1374 1558
1375 285
1376 1025
1377 1767
1378 500
1379 1246
1380 1994
1381 733
1382 1485
1383 228
1384 984
1385 1742
1386 491
1387 1253
1388 6
1389 772
1390 1540
1391 299
1392 1071
1393 1845
1394 610
1395 1388
1396 157
1397 939
1398 1723
1399 498
1400 1286
1401 65
1402 857
1403 1651
1404 436
1405 1234
1406 23
1407 825
1408 1629
1409 424
1410 1232
1411 31
1412 843
1413 1657
1414 462
1415 1280
1416 89
1417 911
1418 1735
1419 550
1420 1378
1421 197
1422 1029
1423 1863
1424 688
1425 1526
1426 355
1427 1197
1428 30
1429 876
1430 1724
1431 563
1432 1415
1433 258
1434 1114
1435 1972
1436 821
1437 1683
1438 536
1439 1402
1440 259
1441 1129
1442 2001
1443 864
1444 1740
1445 607
1446 1487
1447 358
1448 1242
1449 117
1450 1005
1451 1895
1452 776
1453 1670
1454 555
1455 1453
1456 342
1457 1244
1458 137
1459 1043
1460 1951
1461 850
1462 1762
1463 665
1464 1581
1465 488
1466 1408
1467 319
1468 1243
1469 158
1470 1086
1471 5
1472 937
1473 1871
1474 796
1475 1734
1476 663
1477 1605
1478 538
1479 1484
1480 421
1481 1371
1482 312
1483 1266
1484 211
1485 1169
1486 118
1487 1080
1488 33
1489 999
1490 1967
1491 926
1492 1898
1493 861
1494 1837
1495 804
1496 1784
1497 755
1498 1739
1499 714
1500 1702
1501 681
1502 1673
1503 656
1504 1652
1505 639
1506 1639
1507 630
1508 1634
1509 629
1510 1637
1511 636
1512 1648
1513 651
1514 1667
1515 674
1516 1694
1517 705
1518 1729
1519 744
1520 1772
1521 791
1522 1823
1523 846
1524 1882
1525 909
1526 1949
1527 980
1528 13
1529 1059
1530 96
1531 1146
1532 187
1533 1241
1534 286
1535 1344
1536 393
1537 1455
1538 508
1539 1574
1540 631
1541 1701
1542 762
1543 1836
1544 901
1545 1979
1546 1048
1547 119
1548 1203
1549 278
1550 1366
1551 445
1552 1537
1553 620
1554 1716
1555 803
1556 1903
1557 994
1558 87
1559 1193
1560 290
1561 1400
1562 501
1563 1615
1564 720
1565 1838
1566 947
1567 58
1568 1182
1569 297
1570 1425
1571 544
1572 1676
1573 799
1574 1935
1575 1062
1576 191
1577 1333
1578 466
1579 1612
1580 749
1581 1899
1582 1040
1583 183
1584 1339
1585 486
1586 1646
1587 797
1588 1961
1589 1116
1590 273
1591 1443
1592 604
1593 1778
1594 943
1595 110
1596 1290
1597 461
1598 1645
1599 820
1600 2008
1601 1187
1602 368
1603 1562
1604 747
1605 1945
1606 1134
1607 325
1608 1529
1609 724
1610 1932
1611 1131
1612 332
1613 1546
1614 751
1615 1969
1616 1178
1617 389
1618 1613
1619 828
1620 45
1621 1275
1622 496
1623 1730
1624 955
1625 182
1626 1422
1627 653
1628 1897
1629 1132
1630 369
1631 1619
1632 860
1633 103
1634 1359
1635 606
1636 1866
1637 1117
1638 370
1639 1636
1640 893
1641 152
1642 1424
1643 687
1644 1963
1645 1230
1646 499
1647 1781
1648 1054
1649 329
1650 1617
1651 896
1652 177
1653 1471
1654 756
1655 43
1656 1343
1657 634
1658 1938
1659 1233
1660 530
1661 1840
1662 1141
1663 444
1664 1760
1665 1067
1666 376
1667 1698
1668 1011
1669 326
1670 1654
1671 973
1672 294
1673 1628
1674 953
1675 280
1676 1620
1677 951
1678 284
1679 1630
1680 967
1681 306
1682 1658
1683 1001
1684 346
1685 1704
1686 1053
1687 404
1688 1768
1689 1123
1690 480
1691 1850
1692 1211
1693 574
1694 1950
1695 1317
1696 686
1697 57
1698 1441
1699 816
1700 193
1701 1583
1702 964
1703 347
1704 1743
1705 1130
1706 519
1707 1921
1708 1314
1709 709
1710 106
1711 1516
1712 917
1713 320
1714 1736
1715 1143
1716 552
1717 1974
1718 1387
1719 802
1720 219
1721 1649
1722 1070
1723 493
1724 1929
1725 1356
1726 785
1727 216
1728 1660
1729 1095
1730 532
1731 1982
1732 1423
1733 866
1734 311
1735 1769
1736 1218
1737 669
1738 122
1739 1588
1740 1045
1741 504
1742 1976
1743 1439
1744 904
1745 371
1746 1851
1747 1322
1748 795
1749 270
1750 1758
1751 1237
1752 718
1753 201
1754 1697
1755 1184
1756 673
1757 164
1758 1668
1759 1163
1760 660
1761 159
1762 1671
1763 1174
1764 679
1765 186
1766 1706
1767 1217
1768 730
1769 245
1770 1773
1771 1292
1772 813
1773 336
1774 1872
1775 1399
1776 928
1777 459
1778 2003
1779 1538
1780 1075
1781 614
1782 155
1783 1709
1784 1254
1785 801
1786 350
1787 1912
1788 1465
1789 1020
1790 577
1791 136
1792 1708
1793 1271
1794 836
1795 403
1796 1983
1797 1554
1798 1127
1799 702
1800 279
1801 1869
1802 1450
1803 1033
1804 618
1805 205
1806 1805
1807 1396
1808 989
1809 584
1810 181
1811 1791
1812 1392
1813 995
1814 600
1815 207
1816 1827
1817 1438
1818 1051
1819 666
1820 283
1821 1913
1822 1534
1823 1157
1824 782
1825 409
1826 38
1827 1680
1828 1313
1829 948
1830 585
1831 224
1832 1876
1833 1519
1834 1164
1835 811
1836 460
1837 111
1838 1775
1839 1430
1840 1087
1841 746
1842 407
1843 70
1844 1746
1845 1413
1846 1082
1847 753
1848 426
1849 101
1850 1789
1851 1468
1852 1149
1853 832
1854 517
1855 204
1856 1904
1857 1595
1858 1288
1859 983
1860 680
1861 379
1862 80
1863 1794
1864 1499
1865 1206
1866 915
1867 626
1868 339
1869 54
1870 1782
1871 1501
1872 1222
1873 945
1874 670
1875 397
1876 126
1877 1868
1878 1601
1879 1336
1880 1073
1881 812
1882 553
1883 296
1884 41
1885 1799
1886 1548
1887 1299
1888 1052
1889 807
1890 564
1891 323
1892 84
1893 1858
1894 1623
1895 1390
1896 1159
1897 930
1898 703
1899 478
1900 255
1901 34
1902 1826
1903 1609
1904 1394
1905 1181
1906 970
1907 761
1908 554
1909 349
1910 146
1911 1956
1912 1757
1913 1560
1914 1365
1915 1172
1916 981
1917 792
1918 605
1919 420
1920 237
1921 56
1922 1888
1923 1711
1924 1536
1925 1363
1926 1192
1927 1023
1928 856
1929 691
1930 528
1931 367
1932 208
1933 51
1934 1907
1935 1754
1936 1603
1937 1454
1938 1307
1939 1162
1940 1019
1941 878
1942 739
1943 602
1944 467
1945 334
1946 203
1947 74
1948 1958
1949 1833
1950 1710
1951 1589
1952 1470
1953 1353
1954 1238
1955 1125
1956 1014
1957 905
1958 798
1959 693
1960 590
1961 489
1962 390
1963 293
1964 198
1965 105
1966 14
1967 1936
1968 1849
1969 1764
1970 1681
1971 1600
1972 1521
1973 1444
1974 1369
1975 1296
1976 1225
1977 1156
1978 1089
1979 1024
1980 961
1981 900
1982 841
1983 784
1984 729
1985 676
1986 625
1987 576
1988 529
1989 484
1990 441
1991 400
1992 361
1993 324
1994 289
1995 256
1996 225
1997 196
1998 169
1999 144
2000 121
2001 100
2002 81
2003 64
2004 49
2005 36
2006 25
2007 16
2008 9
2009 4
2010 1
2011 0
