1052
1073 1904
5723 52
7517 9321
422 2988
9891 6041
9706 3309
7367 9405
1979 8985
2082 939
1321 8387
4745 9994
58 5763
7697 789
2 4842
9862 6169
4813 9997
9499 7183
1281 8343
8798 8253
6996 9585
9635 6877
3882 9874
9015 2019
9764 6520
7728 809
2863 479
9935 5807
3186 9660
587 7352
1362 8431
7431 630
1647 8710
9965 5595
9681 6759
8521 1449
1130 1833
8883 8151
7105 9536
3101 374
5367 13
381 3084
8220 8826
138 6169
907 7873
2454 9304
2399 729
1015 1979
4676 9990
2360 9247
5122 1
6916 9619
2110 919
6148 9867
166 3720
8387 1321
3123 365
210 3564
985 2019
1685 8744
6459 217
8315 1256
8353 1290
1625 1310
8792 1740
9871 3869
6436 9790
7068 9553
105 3978
9904 5978
7498 9332
65 4193
5274 9993
7289 9446
672 7505
601 2622
9225 2325
9967 5578
7335 9422
4570 18
5651 42
1208 8260
9830 6295
9328 7505
44 4334
729 7601
170 3705
7601 9271
1380 1550
2598 9386
9432 2684
4032 94
4788 4
1380 8450
9529 7120
1918 1062
9918 5905
6169 9862
1121 8156
4929 10000
1710 8766
9989 5339
9232 7664
2502 668
85 5921
7068 447
9895 3978
8475 1404
9891 3959
8900 8130
3564 9790
18 5430
202 3591
325 3225
9956 4334
2817 501
391 3060
9850 3782
7863 9100
9626 6899
0 5071
7640 9247
9958 5651
471 2880
4661 9989
9888 6055
6947 9606
75 5866
9356 7456
8985 1979
6165 137
5983 97
5255 9994
2471 9314
9915 4079
2665 578
217 3541
217 6459
4334 9956
4199 64
9174 7754
5801 9936
9562 2952
7958 9032
5666 9956
8653 1585
9905 4027
952 7936
3978 105
6663 9716
289 6677
2988 9578
3 5187
4842 2
9994 5255
3360 276
2023 982
22 5474
3959 9891
7456 9356
554 2711
648 2537
1525 1404
9032 7958
7546 696
8549 1477
6280 9834
5274 7
5651 9958
8908 1880
578 7335
56 4250
85 4079
1477 8549
2711 9446
4349 42
5894 9920
6501 230
9925 5866
2908 458
8220 1174
121 6096
7619 9260
7289 554
6118 9874
3564 210
6954 397
1241 1702
1015 8021
5324 10
5187 3
8353 8710
9651 3163
982 7977
9193 2275
1958 8969
3323 289
438 2952
7422 9375
8343 8719
5339 9989
1875 8904
10 4676
313 3257
625 7422
9148 2207
4079 9915
6485 9775
9675 3225
3831 9862
452 7079
10000 4929
210 6436
9619 3084
5339 11
3499 9770
9798 3591
8690 1625
179 3672
7640 753
6735 310
8432 1363
2537 9352
374 6899
614 2598
1979 1015
3004 415
952 2064
9585 6996
488 2844
9413 7352
9942 4237
5750 56
3515 225
828 7757
2921 9548
8315 8744
8667 8400
9783 3541
3672 179
5843 9929
9512 2844
3499 230
7352 9413
9660 3186
9978 4526
191 3629
7316 568
6022 9895
1740 1208
9724 6640
1264 8324
2019 9015
5973 9905
3060 9609
6280 166
5763 58
112 3945
9959 4357
294 3309
7463 648
9304 7546
763 2344
2272 9191
6837 349
9754 3449
8120 8908
1477 1451
6346 184
789 7697
939 7918
3084 9619
828 2243
7890 919
5 5234
6041 9891
6814 9660
6295 170
6118 126
4063 88
4661 11
2495 9328
277 3357
1405 8476
1130 8167
6409 202
9920 4106
4570 9982
1185 1767
415 3004
160 6257
225 3515
1031 1958
1550 8620
7335 578
9978 5474
6218 9850
148 6210
2844 9512
415 6996
2711 554
6916 381
9990 4676
9553 7068
2553 9361
8751 8307
4250 56
1833 1130
2336 768
9274 2404
1822 8861
27 4476
9984 4594
9670 6788
8549 8523
3337 9716
9973 5524
1780 8826
5937 88
9989 4661
5324 9990
6041 109
1600 1333
9529 2880
9986 5381
47 4312
365 6877
5430 9982
44 5666
5578 33
8178 1139
6501 9770
4312 47
8324 8736
9386 7402
3163 349
8856 1816
5071 10000
8333 1272
1310 8375
8826 8220
3852 133
5937 9912
7873 907
9578 7012
126 3882
6459 9783
8927 1904
3257 9687
310 6735
753 2360
99 5993
968 7958
9237 2344
5866 75
5430 18
8415 8653
3852 9867
137 3835
7120 9529
2120 9088
42 4349
3163 9651
2895 464
7422 625
8275 8779
9375 7422
3060 391
578 2665
5968 94
4250 9944
6643 277
8055 8959
2686 567
6339 9818
7158 489
294 6691
3276 9694
9993 4726
7757 9172
2952 9562
5308 9991
672 2495
237 6523
1041 1945
2648 9413
6214 149
9912 4063
2272 809
8156 1121
4334 44
9733 6614
33 4422
9717 3340
9446 7289
2207 9148
2150 9109
4422 33
1767 8815
4594 9984
8082 1062
306 3276
88 5937
266 3389
2103 9076
9764 3480
27 5524
340 6814
2399 9271
4007 99
1918 8938
8870 8167
2880 9529
9651 6837
386 6928
6872 9637
6996 415
7137 479
8879 1844
9991 4692
9920 5894
284 3337
7925 9056
7391 9392
3869 9871
9834 3720
9081 2110
4594 16
852 2207
1885 8912
6210 9852
2053 960
9990 5324
5807 65
2454 696
9929 5843
9991 5308
4878 9999
2880 471
9839 3739
9706 6691
6295 9830
365 3123
9888 3945
9939 4218
9040 2053
4349 9958
3661 9818
6663 284
9202 7711
648 7463
9967 4422
9148 7793
161 3739
4157 9929
8055 1041
1702 8759
464 7105
7183 9499
6899 9626
9996 4788
5763 9942
9635 3123
8298 8759
8387 8679
3265 310
4422 9967
3541 217
1702 1241
1647 1290
458 2908
4277 9948
9733 3386
6078 117
5158 2
71 5843
3904 121
4134 75
8700 8364
3449 9754
182 6339
8431 8638
447 2932
422 7012
5234 5
4766 5
6257 160
9118 2163
6877 365
9018 7977
7185 502
2622 601
7048 438
4405 35
6378 9807
96 5978
9542 7092
3186 340
1100 8130
8969 1958
6328 179
3720 166
126 6118
2163 882
8596 8475
4726 9993
7 5274
267 6614
6096 121
9871 6131
1667 8728
6378 193
4745 6
88 4063
8375 1310
8679 8387
5212 9996
1073 8096
2179 9129
3782 150
2 5158
9328 2495
3480 9764
1221 1725
7352 587
5 4766
4726 7
325 6775
8938 1918
9711 3323
10 5324
3004 9585
753 7640
3904 9879
9948 4277
2895 9536
554 7289
4813 3
7316 9432
5234 9995
8130 8900
3739 9839
587 2648
9048 2064
5212 4
1958 1031
3705 170
1945 1041
4476 27
8451 1381
9993 5274
133 6148
75 4134
3449 246
11 5339
9609 3060
9247 2360
740 7619
8246 8804
1139 1822
7697 9211
4842 9998
2336 9232
7837 882
8596 1525
121 3904
3978 9895
1362 1569
8927 8096
3515 9775
464 2895
9879 3904
4199 9936
9548 2921
4063 9912
568 2684
2569 630
9081 7890
9499 2817
1451 1477
8450 8620
9274 7596
6148 133
479 2863
1281 1657
2648 587
5666 44
5524 27
8826 1780
6842 9649
1657 1281
3790 9852
9446 2711
1 5122
9883 6078
8115 1088
1849 1117
9944 5750
796 2292
9818 6339
3591 202
8167 8870
6485 225
8638 1569
6743 9687
5071 0
907 2127
80 5894
4106 80
9432 7316
6775 9675
1031 8042
2127 907
6928 386
9883 3922
1202 1747
9521 2863
1174 8220
8021 1015
3629 9809
9770 3499
900 2137
1 4878
9775 6485
2243 828
7754 826
6 5255
2665 9422
3945 112
41 5643
9994 4745
8679 1613
9942 5763
9912 5937
9753 6554
3 4813
8178 8861
9413 2648
22 4526
381 6916
9997 5187
4237 9942
5843 71
686 7529
9562 7048
3739 161
5406 9984
9392 7391
4766 9995
1600 8667
1945 8959
1196 8246
2988 422
7079 9548
608 7391
9874 3882
8415 1347
7664 768
8042 8969
9129 7821
96 4022
9965 4405
351 3158
1264 1676
5158 9998
2932 9553
166 6280
6055 9888
9553 2932
9405 7367
4526 22
9948 5723
9029 2038
3790 148
7 4726
5688 9953
6022 105
7818 9131
6928 9614
5983 9903
129 6131
9982 5430
2578 9375
9770 6501
8130 1100
2544 644
7837 9118
479 7137
9304 2454
2179 871
3386 9733
1347 8415
9973 4476
6814 340
1174 1780
9521 7137
9956 5666
1088 8115
3959 109
1234 1710
9939 5782
9851 6214
3128 9637
1333 8400
3654 184
349 6837
8856 8184
2243 9172
1100 1870
3922 9883
9048 7936
2952 438
3225 325
9999 5122
768 7664
3882 126
4 5212
3084 381
9 4692
9863 3835
9263 2386
7711 9202
6131 9871
9834 6280
7890 9081
7793 852
568 7316
2075 9056
1062 8082
340 3186
5308 9
2289 9202
9061 2082
4095 82
8275 1221
1256 1685
4007 9901
6520 236
7601 729
1347 1585
9953 4312
1290 8353
8653 8415
1625 8690
1747 8798
686 2471
8021 8985
1870 1100
696 2454
9998 5158
4788 9996
2064 952
8475 8596
9775 3515
8779 8275
6409 9798
7711 798
109 6041
1092 1880
882 2163
9867 6148
33 5578
2292 796
117 3922
1062 1918
2360 753
9314 7529
5883 78
9174 2246
5187 9997
6724 9694
1585 8653
4157 71
10000 5071
2609 9392
150 6218
9929 4157
9093 2127
2042 9032
471 7120
8096 8927
9422 2665
7048 9562
1290 1647
9953 5688
9809 6371
225 6485
8638 8431
7664 9232
9386 2598
9375 2578
9999 4878
3340 283
3591 9798
8792 8260
8260 8792
9902 5988
1685 1256
3480 236
5524 9973
7012 422
112 6055
1676 1264
447 7068
8744 1685
3922 117
9314 2471
7925 944
2844 488
488 7156
5921 9915
7981 9015
1613 1321
871 2179
6611 9734
129 3869
1333 1600
4476 9973
4134 9925
1404 1525
7529 9314
2381 9260
6078 9883
900 7863
1041 8055
7619 740
98 4012
7728 9191
4277 52
230 3499
9585 3004
7529 686
7156 9512
3786 9851
2483 679
3869 129
9716 6663
5723 9948
1453 8525
5406 16
105 6022
8710 8353
2684 9432
4237 58
1569 1362
3101 9626
5595 35
8042 1031
4405 9965
7105 464
4 4788
9687 3257
696 7546
9895 6022
8246 1196
14 4619
35 5595
8260 1208
7137 9521
869 7818
4106 9920
9984 5406
3309 294
9997 4813
9982 4570
3629 191
8082 8938
7821 871
6055 112
9925 4134
5578 9967
3309 9706
3705 9830
0 4929
6899 374
56 5750
4878 1
7981 985
8728 1667
8779 1725
4676 10
9996 5212
80 4106
6775 325
1816 1144
2598 614
9807 3622
7546 9304
16 5406
52 4277
8804 1754
7958 968
1144 8184
9129 2179
8375 8690
394 6947
9422 7335
5782 61
9995 5234
9609 6940
9356 2544
3622 9807
9935 4193
13 5367
61 4218
374 3101
6691 9706
8298 1241
939 2082
882 7837
8525 8547
1754 1196
6551 9754
9109 2150
8959 1945
1256 8315
78 5883
11 4661
9998 4842
4692 9991
109 3959
237 3477
3831 138
9536 2895
1525 8596
5255 6
6643 9723
7378 601
1569 8638
7505 672
3360 9724
7079 452
8912 8115
4526 9978
58 4237
5595 9965
9211 2303
8151 8883
630 7431
7012 9578
170 6295
9944 4250
8959 8055
1550 1380
8728 8333
9247 7640
809 2272
1780 1174
438 7048
9211 7697
9260 7619
9879 6096
9798 6409
47 5688
3720 9834
9724 3360
9191 7728
3622 193
9512 7156
3945 9888
6611 266
9660 6814
8938 8082
1310 1625
1844 8879
7120 471
52 5723
9783 6459
9536 7105
2381 740
2207 852
9392 2609
968 2042
5381 9986
9061 7918
9902 4012
6096 9879
4022 9904
9619 6916
6 4745
202 6409
5688 47
1740 8792
117 6078
3389 266
5866 9925
3541 9783
6691 294
5122 9999
5474 9978
246 3449
639 2553
8619 1549
5474 22
8710 1647
277 6643
1710 1234
9370 7431
4633 9987
9100 7863
230 6501
919 7890
7787 9152
7863 900
71 4157
502 7185
6257 9840
4633 13
9690 6735
246 6551
2817 9499
729 2399
1234 8290
807 7725
4929 0
1880 1092
9995 4766
614 7402
1321 1613
2578 625
1117 1849
919 2110
16 4594
184 3654
8620 8450
9839 6261
852 7793
9818 3661
5905 82
148 3790
6551 246
9694 3276
8985 8021
2471 686
4692 9
64 5801
1585 1347
9830 3705
6520 9764
1904 1073
775 2325
35 4405
9 5308
2863 9521
9118 7837
9987 4633
502 2815
9578 2988
18 4570
8904 1875
4312 9953
9874 6118
2303 9211
