1040
1092 1880
5937 88
7391 9392
447 2932
9871 6131
9775 3515
7291 9445
1833 8870
2272 809
1234 8290
4570 9982
14 5381
7958 968
2 4842
9827 6306
4661 9989
9422 7335
1174 8220
8710 8353
6877 9635
9606 6947
3705 9830
9118 2163
9716 6663
8021 1015
3053 394
9912 5937
2952 9562
447 7068
1272 8333
7697 789
1524 8595
9948 5723
9635 6877
8690 1625
1174 1780
8766 8290
7012 9578
3309 294
5666 44
415 3004
8082 8938
85 5921
775 7675
2246 9174
2578 625
1031 1958
4422 9967
2163 9118
5324 10
6775 9675
2289 798
5993 9901
166 3720
8595 1524
3337 284
217 3541
1012 1983
1569 8638
6691 294
8450 1380
8521 1449
1747 1202
8912 1885
9895 3978
6214 9851
6947 9606
109 3959
9883 6078
7367 9405
71 4157
5071 10000
7120 9529
501 7183
630 2569
9370 2569
9953 5688
7156 9512
4766 5
5866 75
1100 8130
9783 6459
9247 7640
48 4305
578 7335
170 3705
7463 9352
1568 1363
2381 9260
9562 2952
4250 56
5187 3
1290 8353
9498 7185
2110 919
9891 6041
6022 9895
1031 8042
4726 9993
1613 8679
9978 5474
9129 7821
2665 578
35 5595
7352 587
9922 4117
8666 1599
9920 4106
8779 8275
3276 9694
1 5122
202 3591
349 3163
9978 4526
2988 422
422 2988
9888 3945
7725 9193
9585 6996
2988 9578
7517 9321
9942 5763
488 2844
4405 9965
9867 6148
6837 9651
22 5474
9271 7601
9100 2137
6409 202
6169 138
4929 10000
2272 9191
9939 4218
2908 458
225 3515
129 6131
4134 9925
4422 33
9076 7897
5578 9967
9665 3199
7821 9129
5406 9984
8779 1725
9929 4157
826 7754
4218 61
6501 9770
170 6295
2815 9498
4117 9922
5234 5
9989 5339
3581 205
2179 871
2 5158
3790 9852
7352 9413
578 2665
686 2471
1647 1290
8927 8096
7821 871
8710 1647
6096 9879
5524 27
5381 9986
9015 2019
438 7048
58 4237
88 4063
1333 8400
2544 9356
4661 11
5688 9953
6775 325
9901 5993
3101 374
8353 1290
70 5837
7498 9332
7546 696
5937 9912
3739 161
7183 501
1310 1625
882 7837
5595 35
5367 13
8253 8798
9723 3357
871 7821
9328 2495
1816 8856
3515 225
452 2921
7335 9422
8233 8815
5187 9997
1740 8792
10 4676
340 3186
471 7120
9304 2454
3922 9883
6280 9834
9754 3449
3581 9795
340 6814
9997 5187
126 6118
9706 3309
5643 41
3212 9670
9853 3794
8804 1754
182 3661
7890 919
6996 415
8638 1569
2303 9211
236 6520
648 2537
2163 882
3186 340
968 2042
9553 7068
554 2711
9375 7422
9958 4349
5973 95
3705 170
686 7529
2665 9422
8184 8856
8522 8550
9850 3782
3882 126
5595 9965
9609 3060
3672 179
7183 9499
9733 3386
9989 4661
193 3622
7601 729
5843 9929
1880 1092
9687 6743
1144 8184
1849 8883
5763 9942
2863 9521
6501 230
5993 99
117 3922
9981 4559
310 3265
7725 807
9204 7708
775 2325
2075 9056
7068 447
9821 3672
7947 9040
1625 1310
6614 267
644 7456
807 7725
2880 9529
828 2243
8151 1117
18 4570
5866 9925
6663 9716
6523 237
6339 182
4277 52
4842 2
2289 9202
284 3337
1300 8364
1041 8055
6663 284
9942 4237
4312 9953
1234 1710
438 2952
99 5993
230 3499
1041 1945
1362 8431
7619 740
9959 5643
6055 9888
89 5942
2598 9386
289 6677
2952 438
7137 479
9995 4766
9529 7120
2336 9232
8653 8415
4526 22
1958 1031
2495 672
9422 2665
1685 8744
27 4476
9991 4692
9626 6899
8387 8679
3084 9619
9956 5666
1676 8736
6131 129
9994 4745
5158 9998
6218 150
1710 1234
9626 3101
9973 5524
52 4277
230 6501
5255 9994
7 5274
5801 64
8343 1281
6295 9830
4594 16
8220 8826
9328 7505
3360 276
8959 1945
4745 9994
8475 1404
1221 8275
8728 8333
4022 96
5750 9944
8120 1092
9548 7079
129 3869
6257 9840
9029 2038
3004 9585
191 6371
758 2352
47 5688
852 7793
9375 2578
6087 119
5723 52
8298 8759
3598 9800
138 3831
7048 9562
1945 8959
42 4349
2932 9553
3084 381
7675 775
8130 8900
9314 7529
3225 325
601 2622
6148 133
4063 9912
6899 374
7890 9081
2932 447
6131 9871
7505 672
182 6339
3053 9606
9997 4813
7648 9242
2711 9446
5122 9999
696 2454
149 6214
1062 1918
2454 9304
6459 217
9935 4193
2454 696
8324 1264
4619 14
9694 6724
33 4422
9798 3591
9405 7367
2019 9015
1958 8969
4692 9
1657 8719
4334 9956
8290 1234
325 3225
42 5651
277 3357
1918 8938
9830 3705
3 5187
217 6459
2207 9148
4237 58
1767 8815
8759 8298
2633 9405
9614 6928
266 6611
6724 9694
7289 554
7456 644
8969 1958
9996 4788
9895 6022
294 3309
7787 9152
7316 9432
3661 9818
9879 3904
9202 2289
4788 4
852 2207
1747 8798
6041 9891
2204 854
9982 5430
6041 109
2598 614
9905 5973
9984 5406
4692 9991
3072 386
9883 3922
9660 6814
6118 9874
381 3084
9915 4079
9956 4334
9148 2207
4157 9929
3389 9734
6916 381
9100 7863
488 7156
9984 4594
9056 7925
161 3739
3978 9895
8260 1208
1585 8653
349 6837
7105 9536
6743 9687
10000 4929
5524 9973
9716 3337
8156 8879
8290 8766
3480 236
4237 9942
3720 166
1849 1117
1767 1185
471 2880
4095 9918
9816 3654
6280 166
5339 11
18 5430
4106 80
4349 42
8596 8475
3158 9649
112 6055
8315 8744
464 2895
294 6691
5430 18
5158 2
6485 225
9247 2360
7092 458
8908 8120
7529 686
2880 471
7335 578
4676 10
6148 9867
44 5666
9521 7137
3389 266
1015 8021
9081 2110
6551 246
3922 117
75 5866
2336 768
8415 8653
4526 9978
568 2684
161 6261
6295 170
9839 6261
1550 8620
6643 277
5122 1
95 4027
8550 1478
8549 8523
4842 9998
968 7958
1975 8982
3959 109
9851 6214
9498 2815
3186 9660
1272 1667
7640 753
5 4766
5071 0
202 6409
9040 2053
9783 3541
9015 7981
2844 9512
608 7391
3720 9834
9967 4422
2648 9413
415 6996
5212 4
7137 9521
4878 9999
7977 9018
3499 9770
614 2598
9174 2246
5406 16
2137 900
3904 121
2127 907
4726 7
8653 1585
9986 5381
82 5905
80 4106
3629 191
2609 9392
9694 3276
9392 2609
594 7365
8096 8927
1196 1754
7546 9304
4676 9990
2150 9109
8096 1073
8728 1667
126 3882
3835 9863
1549 1381
8826 8220
3233 9678
479 2863
9905 4027
4007 9901
9649 3158
3913 9881
587 2648
2709 555
8969 8042
9585 3004
1613 1321
8333 8728
9191 7728
6378 193
501 2817
1363 1568
2895 464
5894 80
5763 58
8945 1927
6691 9706
1780 1174
3541 9783
9578 2988
2127 9093
9862 6169
8298 1241
1979 1015
9925 5866
798 2289
9775 6485
3782 150
8042 8969
6735 310
8759 1702
6614 9733
5308 9
907 2127
33 5578
4334 44
9392 7391
6643 9723
891 7850
2303 789
7156 488
9912 4063
1256 1685
9619 3084
1073 8096
8233 1185
3360 9724
9834 3720
900 2137
1 4878
9734 6611
2404 726
8042 1031
9675 3225
2471 9314
4157 71
6 5255
9998 4842
8798 1747
9920 5894
9888 6055
9706 6691
3 4813
8055 8959
9548 2921
22 4526
246 6551
9993 5274
4032 9906
6055 112
554 7289
9536 7105
3945 112
5234 9995
9352 7463
4594 9984
1449 8521
1780 8826
1088 8115
3163 349
6996 9585
458 7092
9902 4012
8620 1550
7925 944
7873 9093
9032 7958
99 4007
9983 4582
374 3101
1347 1585
4788 9996
2684 9432
105 6022
5883 9922
9658 3181
9370 7431
4745 6
9929 5843
9129 2179
3978 105
7 4726
5430 9982
6210 148
7675 9225
6814 9660
5801 9936
78 5883
9965 5595
2352 9242
9723 6643
8315 1256
2684 568
7697 9211
374 6899
9432 2684
2360 753
3123 9635
1256 8315
9986 4619
7048 438
1208 1740
9446 7289
9939 5782
982 7977
4193 65
1290 1647
9918 5905
9818 6339
2908 9542
1241 8298
3869 129
225 6485
8744 8315
2042 9032
1121 1844
3743 9840
8938 8082
3123 365
3449 246
9995 5234
625 7422
4095 82
8985 1979
3265 310
9 4692
9891 3959
9413 2648
7601 9271
5973 9905
9798 6409
7760 9170
8055 1041
422 7012
1904 8927
944 7925
365 3123
5578 33
2110 9081
9191 2272
4312 47
8400 1333
1321 1613
3869 9871
6814 340
7837 882
1525 1404
9973 4476
1196 8246
8475 8596
1477 8549
1647 8710
726 2404
7863 9100
2023 982
740 2381
9994 5255
4633 9987
2243 828
8353 8710
9839 3739
8679 8387
6169 9862
7977 982
56 5750
1100 1870
882 2163
9834 6280
4 5212
2471 686
121 3904
1073 1904
2537 648
9232 7664
6096 121
9314 2471
4813 9997
6551 9754
1404 8475
4405 35
9996 5212
2399 9271
95 5973
9948 4277
9211 2303
1870 8900
363 6872
7936 9048
9553 2932
6916 9619
1381 1549
9935 5807
9770 6501
133 6148
8451 8619
7529 9314
9529 2880
9521 2863
9998 5158
3541 217
3309 9706
8690 8375
8120 8908
9879 6096
1833 1130
3654 184
5308 9991
7314 567
58 5763
1822 1139
325 6775
8879 1844
4134 75
9445 2709
8167 1130
3004 415
386 6928
5723 9948
7837 9118
1725 1221
869 2182
6459 9783
133 3852
1476 1452
4250 9944
3959 9891
1585 1347
7402 9386
2179 9129
5894 9920
763 7656
919 7890
7863 900
105 3978
7619 9260
4570 18
236 3480
9687 3257
7793 852
7079 9548
3515 9775
2648 587
4063 88
9675 6775
5474 9978
1321 8387
5688 47
52 5723
8620 8450
2495 9328
4476 27
1685 1256
2895 9536
5843 71
8253 1202
4199 9936
7391 608
4 4788
9764 3480
568 7316
9874 6118
8375 1310
13 4633
5 5234
8387 1321
7068 9553
729 7601
3945 9888
9967 5578
3499 230
10000 5071
9990 4676
3835 137
7918 9061
8082 1062
6257 160
9944 4250
5324 9990
3072 9614
3449 9754
0 4929
7105 464
11 5339
5255 6
8220 1174
8861 1822
8900 1870
4878 1
9991 5308
85 4079
7012 422
1945 1041
2844 488
9862 3831
7447 9361
0 5071
56 4250
8927 1904
8184 1144
1062 8082
9271 2399
8260 8792
277 6643
9386 7402
6022 105
9990 5324
9562 7048
9512 2844
3337 9716
9953 4312
9993 4726
65 4193
391 3060
6520 9764
8432 1363
944 2075
753 7640
8375 8690
1904 1073
6409 9798
9232 2336
9056 2075
1130 8167
27 5524
11 4661
9999 5122
4476 9973
112 3945
246 3449
4007 99
9637 3128
1347 8415
5474 22
6485 9775
7648 758
1380 8450
7754 826
3101 9626
7367 595
8804 8246
4277 9948
61 4218
5339 9989
9356 2544
8021 8985
479 7137
6899 9626
109 6041
9965 4405
8870 8167
1667 1272
8638 8431
9148 7793
809 2272
1918 1062
310 6735
9118 7837
9174 7754
9852 6210
9764 6520
9 5308
3480 9764
9807 3622
9093 7873
3790 148
9432 7316
3782 9850
6877 365
9619 6916
8856 8184
1404 1525
1710 8766
7402 614
10 5324
9754 6551
9511 7158
2553 639
2381 740
9536 2895
985 2019
5212 9996
8952 8064
9925 4134
5921 9915
3882 9874
9578 7012
6 4745
119 6087
5905 82
1625 8690
64 5801
3598 200
5651 9958
3257 9687
6940 391
4766 9995
5274 9993
266 3389
672 2495
8736 1676
5750 56
8826 1780
166 6280
1875 1096
9304 7546
4349 9958
8985 8021
138 6169
789 7697
7656 9237
8115 1088
75 4134
391 6940
6078 9883
4813 3
9651 6837
150 6218
2569 9370
753 2360
1117 8151
672 7505
5274 7
2042 968
9999 4878
464 7105
1453 1475
2817 501
1139 1822
919 2110
16 4594
191 3629
8431 8638
9807 6378
699 7551
9867 3852
6118 126
148 3790
6837 349
9770 3499
8883 8151
2609 608
4929 0
16 5406
1702 1241
9871 3869
6339 9818
2075 944
789 2303
