1052
1062 1918
5866 75
7546 9304
438 2952
9895 6022
9690 3265
7422 9375
2023 9018
2163 882
1347 8415
4788 9996
58 5763
7754 826
2 4842
9863 6165
4878 9999
9521 7137
1310 8375
8826 8220
7068 9553
9660 6814
3922 9883
8982 1975
9783 6459
7821 871
2921 452
9942 5763
3186 9660
595 7367
1404 8475
7529 686
1667 8728
9973 5524
9716 6663
8551 1479
1121 1844
8912 8115
7156 9512
3163 349
5578 33
391 3060
8260 8792
150 6218
907 7873
2471 9314
2495 672
982 2023
4726 9993
2381 9260
5255 6
6996 9585
2179 871
6210 9852
166 3720
8415 1347
3186 340
210 3564
968 2042
1702 8759
6551 246
8353 1290
8387 1321
1667 1272
8773 1718
9850 3782
6459 9783
7120 9529
109 3959
9912 5937
7529 9314
71 4157
5324 9990
7352 9413
672 7505
608 2609
9232 2336
9978 5474
7391 9392
4692 9
5763 58
1241 8298
9834 6280
9370 7431
44 4334
729 7601
170 3705
7640 9247
1450 1478
2609 9392
9422 2665
4157 71
5071 0
1449 8521
9548 7079
1975 1018
9922 5883
6218 9850
1139 8178
5122 9999
1740 8792
9991 5308
9260 7619
2598 614
88 5937
7156 488
9883 3922
8521 1449
9879 3904
8927 8096
3591 9798
18 5430
202 3591
340 3186
9948 4277
2880 471
415 3004
9834 3720
7890 9081
9651 6837
0 5071
7683 9220
9967 5578
479 2863
4692 9991
9891 6041
7048 9562
75 5866
9375 7422
8969 1958
6339 182
6118 126
5308 9991
2495 9328
9901 4007
2817 501
217 3541
217 6459
4405 9965
4334 44
9191 7728
5843 9929
9553 2932
7977 9018
5723 9948
8667 1600
9891 3959
968 7958
4117 78
6691 9706
284 6663
2988 9578
3 5187
5158 2
9996 5212
3480 236
2110 919
22 5474
4007 9901
7505 9328
568 2684
630 2569
1569 1362
9056 7925
7640 753
8596 1525
6339 9818
5406 16
5688 9953
8900 1870
587 7352
56 4250
88 4063
1550 8620
2709 9445
4570 18
5905 9918
6643 277
9929 5843
2988 422
8260 1208
126 6118
7664 9232
7391 608
6131 9871
3629 191
7079 452
1256 1685
1031 8042
5474 22
5308 9
8400 8667
9626 3101
1018 8025
9204 2292
1975 8982
3386 267
447 2932
7456 9356
8387 8679
5406 9984
1904 8927
10 4676
325 3225
625 7422
9174 2246
4134 9925
6501 9770
9651 3163
3869 9871
464 7105
9998 4842
210 6436
9609 3060
5524 27
3515 9775
9790 3564
8690 1625
182 3661
7708 796
6877 365
8450 1380
2569 9370
374 6899
614 2598
2075 944
3084 381
919 2110
9619 6916
501 2817
9432 7316
9929 4157
5883 78
3591 202
826 7754
2921 9548
8353 8710
8690 8375
9783 3541
3782 150
5866 9925
9499 2817
3564 210
7402 9386
9635 3123
9967 4422
193 3622
7402 614
6041 9891
1816 1144
9764 6520
1290 8353
2042 9032
5993 9901
3060 9609
6409 202
5905 82
117 3922
9953 4312
294 3309
7546 696
9328 7505
740 2381
2275 9193
6940 391
9754 3449
8130 8900
1550 1380
6485 225
796 7708
944 7925
3084 9619
796 2292
7977 982
5 5234
6055 9888
6877 9635
6436 210
6280 166
4199 64
4766 5
2544 9356
277 3357
1478 8550
1174 8220
6520 236
9906 4032
4619 9986
1196 1754
422 2988
170 6295
225 3515
1018 1975
1585 8653
7422 625
9984 5406
6280 9834
161 6261
2844 9512
422 7012
2863 479
7048 438
9986 4619
9578 7012
2578 9375
8766 8290
4405 35
1885 1088
2399 729
9304 2454
1870 8900
27 4476
9978 4526
9706 6691
8620 8450
3357 9723
9982 5430
1844 8879
6078 117
9984 4594
5381 9986
6165 137
1625 1310
9521 2863
9990 5324
47 4312
365 6877
5524 9973
44 5666
5723 52
8246 1196
6520 9764
4476 27
8375 8690
9405 7367
3225 325
8826 1780
5158 9998
8375 1310
1333 8400
8861 8178
3945 112
5968 9906
7958 968
9609 6940
129 3869
6485 9775
8912 1885
3265 9690
310 6735
729 2399
105 6022
982 7977
9247 2360
6022 105
5651 42
8450 8620
3882 9874
147 3794
7183 9499
2137 9100
42 4349
3163 9651
2952 438
7505 672
8315 8744
9392 7391
3101 374
587 2648
6096 121
4312 9953
6775 325
8082 8938
2844 488
6378 9807
7352 587
294 6691
3309 9706
9990 4676
7821 9129
2952 9562
5339 9989
644 2544
236 6520
1031 1958
2648 9413
6371 191
9895 3978
2360 753
8220 1174
4526 22
9770 6501
33 4422
9716 3337
9512 7156
2204 9146
2163 9118
4619 14
1822 8861
4661 9989
8130 1100
310 3265
94 5968
267 3386
2127 9093
9764 3480
27 5524
340 6814
2454 9304
4134 75
1945 8959
8900 8130
2880 9529
9675 6775
391 6940
6916 9619
7105 464
7335 578
8861 1822
9989 4661
9925 5866
284 3337
7958 9032
7431 9370
3904 9879
9818 3661
9093 2127
4726 7
807 2275
1918 8938
6261 9839
2127 907
9993 5274
5968 94
2544 644
9936 5801
9994 5255
5071 10000
2932 447
9830 3705
9733 6614
6371 9809
374 3101
9874 3882
9925 4134
9032 2042
4422 9967
3705 9830
6814 340
9232 7664
644 7456
9958 4349
9174 7754
161 3739
4237 9942
8115 1088
1710 8766
471 7120
7335 9422
6940 9609
9994 4745
5801 9936
9619 3084
8333 8728
8431 8638
3337 284
4526 9978
3622 193
1754 1196
1685 1256
464 2895
4334 9956
9733 3386
6218 150
5274 7
71 5843
4007 99
4277 52
8728 8333
3480 9764
193 6378
8475 8596
452 2921
438 7048
5339 11
4929 0
6378 193
9129 2179
6996 415
9032 7958
7367 595
2684 568
7137 479
4594 16
6409 9798
99 5993
9562 7048
3265 310
1121 8156
8959 1945
6459 217
3835 137
129 6131
2246 826
8638 8431
4766 9995
7 5274
267 6614
6261 161
9874 6118
1685 8744
6501 230
4878 1
94 4032
8400 1333
8710 8353
5255 9994
1088 8115
2179 9129
3882 126
2 5158
9356 2544
3499 9770
1234 1710
7431 630
5 4766
4842 2
325 6775
8927 1904
9706 3309
10 5324
3004 9585
753 7640
3945 9888
9942 4237
2895 9536
568 7316
5122 1
7367 9405
5274 9993
8156 8879
3782 9850
595 2633
9056 2075
5324 10
2042 968
3794 147
2023 982
4661 11
8475 1404
9995 5234
147 6206
78 4117
3515 225
11 5339
9585 3004
9260 2381
740 7619
8290 8766
1139 1822
7725 9193
4929 10000
2360 9247
7890 919
8620 1550
126 3882
4032 9906
1404 1525
8959 8055
3541 9783
471 2880
9863 3835
4250 9944
9536 2895
4117 9922
578 2665
2633 595
9100 7863
9445 2709
1525 1404
8521 8551
9314 7529
6295 170
488 2844
1310 1625
2709 555
5801 64
5688 47
8804 1754
6899 9626
1702 1241
3835 9863
9432 2684
1 5122
9888 6055
8156 1121
1904 1073
9953 5688
768 2336
9830 6295
3661 182
8220 8826
6614 267
8653 1585
6814 9660
5234 5
882 2163
82 5905
4250 56
9499 7183
6837 9651
1041 8055
2204 854
7068 447
9871 3869
1208 1740
9512 2844
1208 8260
8082 1062
3661 9818
9770 3499
871 2179
1 4878
9798 6409
2336 768
7837 882
6 5255
2665 9422
4063 88
42 5651
9991 4692
8679 1613
9948 5723
9918 5905
9775 6485
3 4813
8246 8804
9405 2633
22 4526
381 6916
9999 5122
4277 9948
5993 99
686 7529
9585 6996
3869 129
5474 9978
9413 7352
4813 9997
1625 8690
1958 8969
1234 8290
3060 391
7137 9521
608 7391
9853 3794
8431 1362
7725 807
8055 8959
9146 7796
99 4007
9956 4334
365 3123
1290 1647
5212 9996
2932 9553
182 6339
6078 9883
9548 2921
9422 7335
4676 10
9956 5666
9018 2023
3904 121
7 4726
5750 9944
6131 129
7863 9100
7012 9578
6022 9895
137 6165
9986 5381
2598 9386
9790 6436
8178 1139
2609 608
7873 9093
488 7156
9314 2471
2275 807
3449 9754
1380 8450
9965 4405
6916 381
1174 1780
9536 7105
9965 5595
1100 8130
4095 82
1241 1702
9944 5750
9853 6206
3123 9635
1362 8431
3739 161
349 6837
8879 8156
2246 9174
1088 1885
3959 9891
9081 7890
3004 415
3309 294
10000 4929
768 7664
3978 105
4 5212
3123 365
9 4692
9839 3739
9271 2399
7754 9174
6165 9863
9839 6261
7925 9056
7863 900
578 7335
2110 9081
1073 8096
349 3163
5430 18
2292 9204
9081 2110
4237 58
8315 1256
1272 1667
4063 9912
6663 284
7664 768
1380 1550
9944 4250
1321 8387
8679 8387
1647 8710
1780 8826
672 2495
8042 8969
1918 1062
686 2471
10000 5071
4842 9998
2137 900
8551 8521
9775 3515
8792 8260
6436 9790
7793 852
112 6055
1073 1904
852 2207
9871 6131
33 5578
2381 740
121 3904
1041 1945
2454 696
9356 7456
6041 109
9191 2272
5234 9995
6775 9675
1613 8679
4312 47
9999 4878
2633 9405
166 6280
9918 4095
9100 2137
2075 9056
479 7137
8115 8912
9413 2648
7105 9536
1321 1613
9958 5651
9818 6339
225 6485
8667 8400
7708 9204
9386 2598
9375 2578
9997 4813
3449 246
3622 9807
8804 8246
8298 8759
9906 5968
1740 1208
3541 217
5595 9965
7120 471
117 6078
1710 1234
452 7079
8744 1685
4032 94
9328 2495
8025 1018
2895 464
501 7183
5937 9912
8025 8982
1647 1290
826 2246
6643 9723
137 3835
1362 1569
4570 9982
4199 9936
1479 1449
7601 9271
2399 9271
6096 9879
900 7863
1062 8082
7683 780
105 3978
7796 9146
4422 33
230 3499
9578 2988
7619 740
7316 9432
3794 9853
2578 625
3959 109
9754 6551
5763 9942
1525 8596
5595 35
109 6041
8744 8315
2684 9432
4349 42
1600 1333
3101 9626
5750 56
8096 1073
4476 9973
7291 555
4 4788
9660 3186
696 7546
9901 5993
8290 1234
14 4619
35 5595
8298 1241
7291 9445
871 7821
4157 9929
9989 5339
3357 277
9995 4766
9973 4476
3720 166
8096 8927
7873 907
6206 147
9912 4063
5651 9958
3337 9716
3720 9834
0 4929
7012 422
56 5750
5187 3
8055 1041
8728 1667
8759 1702
4788 4
9998 5158
82 4095
6899 374
1870 1100
2665 578
9798 3591
7619 9260
16 5406
52 4277
8792 1740
8042 1031
1196 8246
9146 2204
8415 8653
415 6996
9445 7291
5937 88
9997 5187
9626 6899
9370 2569
3629 9809
9922 4117
14 5381
64 4199
381 3084
6735 9690
8333 1272
907 2127
882 7837
8596 8475
1833 1130
6614 9733
9118 2163
8938 1918
1272 8333
78 5883
11 4661
9996 4788
4745 9994
112 3945
236 3480
3922 117
9529 2880
1569 8638
5381 14
6663 9716
7456 644
1600 8667
7601 729
3386 9733
7183 501
8938 8082
4594 9984
58 4237
5666 9956
9220 2317
8178 8861
630 7431
7079 9548
191 6371
9936 4199
8982 8025
1585 1347
8759 8298
9271 7601
780 2317
1844 1121
447 7068
9247 7640
9304 7546
9883 6078
9809 6371
47 5688
3739 9839
9723 3357
9204 7708
3705 170
9529 7120
3978 9895
6735 310
9690 6735
8969 8042
1333 1600
1885 8912
7316 568
52 5723
9807 6378
9553 7068
2471 686
2292 796
9392 2609
944 2075
5430 9982
9093 7873
9888 3945
6118 9874
4095 9918
9635 6877
6 4745
202 6409
5843 71
1754 8804
121 6096
3499 230
5883 9922
3564 9790
6837 349
5187 9997
5578 9967
246 3449
625 2578
8638 1569
5666 44
8710 1647
277 6643
1780 1174
9386 7402
4676 9990
9118 7837
230 6501
919 7890
7837 9118
7925 944
75 4134
555 7291
6295 9830
4745 6
9723 6643
246 6551
2817 9499
696 2454
1256 8315
807 7725
5212 4
1945 1041
9993 4726
614 7402
1347 1585
2648 587
1100 1870
900 2137
16 4594
191 3629
8653 8415
9850 6218
852 7793
9807 3622
6055 112
150 3782
6691 294
9675 3225
9018 7977
2569 630
4813 3
64 5801
1613 1321
9809 3629
6551 9754
1958 1031
753 2360
35 4405
9 5308
2863 9521
9129 7821
9982 4570
555 2709
9562 2952
18 4570
8879 1844
4349 9958
9879 6096
2336 9232
