1044
1121 1844
6078 117
7156 9512
452 2921
9795 6419
9807 3622
7048 9562
1780 8826
2325 775
1234 8290
4405 9965
22 5474
7981 985
2 4842
9723 6643
4526 9978
9274 7596
1185 8233
8549 8523
6660 9717
9499 7183
3654 9816
9174 2246
9614 6928
8042 1031
3123 365
9874 6118
2921 9548
489 7158
1264 8324
7796 854
1477 8549
9912 5937
9536 7105
8736 1676
1196 1754
8653 8415
6814 9660
3395 264
5843 71
422 2988
7958 9032
105 6022
828 7757
2163 9118
2684 568
1062 1918
4312 9953
2110 9081
5524 27
6551 9754
2344 763
5894 9920
170 3705
8653 1585
3449 246
225 3515
1041 1945
1550 8620
6877 365
8550 1478
8620 1550
1780 1174
8912 1885
9918 4095
6118 9874
6735 9690
112 3945
9830 6295
7120 9529
75 4134
4813 9997
6928 9614
595 7367
644 2544
9392 2609
9918 5905
6996 9585
5071 0
6022 105
1121 8156
9687 6743
9093 7873
44 4334
668 7498
182 3661
7316 9432
1585 1347
2336 9232
9606 3053
4422 33
5324 10
1281 8343
9328 7505
2150 891
9850 6218
5921 9915
1041 8055
4619 9986
1585 8653
9942 5763
8985 8021
2863 479
48 5695
7431 630
9948 4277
8719 1657
9942 4237
8666 8401
3265 9690
4 5212
217 3541
365 3123
9993 4726
3084 381
438 2952
9905 4027
7601 9271
9446 7289
2932 9553
7352 9413
9905 5973
501 2817
4277 9948
9783 6459
6640 9724
35 5595
9100 7863
9150 2210
6614 267
6378 193
4788 9996
2182 9131
9965 4405
3004 415
230 3499
149 6214
4063 9912
4661 11
8927 8096
5406 9984
9706 3309
7664 9232
5308 9991
8798 1747
9956 4334
882 7837
4349 42
6328 9821
217 6459
2684 9432
4027 9905
5381 14
9958 5651
3705 170
2246 826
5 5234
3743 9840
7092 9542
587 2648
699 2449
1647 1290
8766 8290
7873 907
8744 1685
6022 9895
5723 52
5274 9993
9032 2042
479 7137
58 4237
95 4027
1321 8387
2471 9314
4788 4
5524 9973
6916 381
9863 6165
3225 325
8415 1347
82 5905
7335 9422
7640 753
5866 9925
3882 126
7367 595
1333 1600
919 7890
5763 58
5595 35
8130 8900
9770 3499
907 7873
9352 2537
1754 8804
3598 200
464 2895
7079 9548
8120 8908
4929 10000
1702 8759
10 4676
351 3158
568 7316
9321 2483
3869 9871
6148 9867
9783 3541
3541 9783
381 6916
9986 5381
147 6206
9754 3449
5801 64
3163 9651
9881 3913
8826 1780
191 3629
7936 952
7120 471
8690 1625
2240 9170
284 6663
672 2495
2207 852
3323 289
1018 1975
9413 7352
568 2684
9211 7697
9987 4633
6096 121
3852 133
753 7640
2622 9399
8082 8938
8364 8700
9874 3882
3978 105
5430 9982
9635 3123
3831 138
7012 9578
9775 3515
9998 4842
202 3591
7664 768
5688 9953
1936 1048
9574 7021
1174 8220
1816 8856
5651 9958
2815 9498
6691 294
6118 126
121 3904
9994 4745
325 3225
7821 871
9061 7918
798 2289
2019 9015
7183 501
9839 3739
7850 9109
1625 1310
6775 325
729 7601
871 7821
2844 9512
871 2179
8184 1144
18 4570
5723 9948
6459 9783
6724 306
6520 236
4476 27
5187 3
2207 9148
294 3309
1290 8353
1062 8082
6837 349
9967 4422
4218 9939
1256 1685
447 2932
117 6078
236 3480
1073 1904
1347 8415
7697 789
9925 5866
5978 9904
109 6041
2502 9332
340 6814
3072 386
7335 578
9998 5158
9375 7422
2275 9193
8451 8619
4692 9
2038 971
2609 608
9446 2711
1667 8728
27 4476
10000 4929
9529 7120
8290 8766
3053 9606
9920 5894
1647 8710
6295 170
9999 5122
4878 9999
6419 205
1725 1221
9660 3186
9939 5782
47 4312
277 6643
5158 9998
11 5339
5973 95
8400 1333
6169 9862
4745 6
8096 8927
9148 7793
3480 236
8959 1945
4661 9989
8596 1525
1208 8260
8596 8475
4157 71
5595 9965
8167 1130
9405 7367
133 3852
6131 9871
9056 2075
2952 9562
230 6501
789 2303
58 5763
900 7863
9413 2648
6214 149
5894 80
8184 8856
3564 9790
148 3790
6837 9651
1904 8927
42 4349
2895 9536
3186 340
7757 828
8042 8969
9129 7821
3340 283
608 2609
6339 182
3978 9895
7048 438
7754 9174
3053 394
6055 9888
7596 726
225 6485
2988 9578
9996 5212
7456 9356
2665 9422
4842 9998
726 2404
170 6295
1088 1885
2381 9260
6643 277
9959 4357
2544 644
8387 1321
4766 5
9585 6996
33 4422
9818 3661
9260 7619
1958 8969
1918 8938
4842 2
1625 8690
4237 9942
8343 1281
340 3186
52 5723
284 3337
1885 8912
9852 3790
6 5255
246 6551
2150 9109
4405 35
1725 8779
8638 8431
2569 9370
9511 7158
310 6735
6501 9770
7391 608
7546 696
8985 1979
9997 5187
9853 6206
310 3265
7640 9247
7068 9553
3591 9798
9895 3978
9247 2360
5122 1
882 2163
1710 8766
5937 9912
2272 809
9948 5723
6148 133
2711 554
9871 6131
9953 5688
4594 9984
3163 349
9901 4007
9553 7068
6041 9891
391 3060
9936 4199
9984 4594
9202 2289
4095 9918
3360 9724
7092 458
8959 8055
587 7352
9996 4788
8904 8125
166 3720
3922 9883
8324 1264
1569 8638
391 6940
6916 9619
6520 9764
9993 5274
5381 9986
9764 3480
8064 8952
8167 8870
3541 217
4134 9925
3869 129
1904 1073
1816 1144
479 2863
4007 9901
9834 3720
6485 225
5578 33
33 5578
4250 56
4594 16
8400 8667
3101 9626
133 6148
8220 8826
471 2880
351 6842
5666 44
5308 9
6663 284
9304 2454
7289 554
8759 8298
7614 737
2952 438
7422 625
4813 3
6078 9883
56 5750
9370 7431
3499 230
1031 8042
9131 2182
6743 313
4027 95
88 5937
2399 729
8298 8759
4349 9958
578 2665
184 6346
6501 230
9754 6551
1525 8596
6814 340
5274 7
99 4007
8637 1568
8387 8679
4745 9994
982 7977
1945 8959
4095 82
9764 6520
9529 2880
3123 9635
1290 1647
7711 798
5 4766
5255 6
236 6520
9081 2110
9809 3629
0 5071
2711 9446
686 7529
3672 9821
9990 4676
2598 9386
464 7105
5339 11
6947 9606
4766 9995
7863 9100
3480 9764
614 2598
9211 2303
5651 42
2182 869
4007 99
2163 882
4878 1
8710 1647
9956 5666
98 5988
82 4095
3739 161
1 5122
9734 3389
9422 2665
679 7517
7977 9018
1208 1740
7402 9386
4570 9982
2082 9061
8125 1096
8759 1702
129 3869
3782 9850
1569 1362
8710 8353
3186 9660
488 2844
9925 4134
3945 9888
9687 3257
3852 9867
595 2633
2895 464
8826 8220
9626 3101
1613 1321
8233 8815
9048 7936
6551 246
554 2711
1380 1550
2988 422
6041 109
5937 88
8938 1918
6485 9775
1844 1121
3515 9775
9619 3084
2064 9048
9775 6485
8353 1290
2053 960
9888 6055
826 2246
9675 6775
3904 121
7890 9081
6899 374
8792 1740
6409 9798
5474 22
944 2075
44 5666
4570 18
9247 7640
6436 9790
939 7918
2360 753
7352 587
9929 4157
1272 1667
9651 3163
1088 8115
8290 1234
3340 9717
9862 3831
919 2110
1 4878
9626 6899
2495 672
8064 1048
9716 3337
2399 9271
4312 47
10 5324
9995 5234
8815 1767
9883 6078
9839 6261
9606 6947
3 4813
7925 9056
9578 2988
22 4526
294 6691
9973 5524
3959 9891
6169 138
619 7411
9392 7391
4063 88
5122 9999
9172 7757
4422 9967
1404 8475
1747 8798
1096 8125
3309 294
6775 9675
502 7185
9920 4106
8679 1613
7958 968
7728 9191
8900 8130
105 3978
9995 4766
381 3084
1362 1569
4692 9991
2648 9413
126 6118
5763 9942
9694 3276
9193 7725
4929 0
9891 6041
9191 2272
4106 80
7 4726
5324 9990
6402 200
7529 9314
6614 9733
5666 9956
95 5973
9929 5843
2303 9211
9619 6916
8375 1310
2880 471
7546 9304
422 7012
9499 2817
2449 699
3084 9619
1256 8315
9997 4813
7156 488
1234 1710
9314 7529
9902 5988
1015 8021
4334 44
1310 1625
9879 6096
9711 6677
2880 9529
1241 8298
3959 109
267 6614
8620 8450
1979 8985
1144 1816
3705 9830
8792 8260
3265 310
3515 225
9982 5430
696 7546
4237 58
9015 2019
3360 276
9 4692
9912 4063
9432 2684
7422 9375
5883 9922
9694 6724
7619 9260
8082 1062
471 7120
1870 8900
968 7958
374 3101
5750 56
2042 9032
9232 2336
4526 22
8475 1404
1347 1585
3790 9852
6940 391
7890 919
1549 1381
9991 4692
1202 8253
8353 8710
1451 8523
1613 8679
737 2386
7711 9202
2075 944
753 2360
9978 5474
4476 9973
2292 796
8253 8798
9867 3852
8475 8596
6096 9879
8021 1015
71 5843
1130 1833
907 2127
9733 6614
7 5274
2589 619
126 3882
1100 1870
2648 587
9081 7890
6261 161
9332 2502
4726 9993
6378 9807
1380 8450
4619 14
9984 5406
2352 9242
112 6055
9978 4526
9260 2381
1844 8879
415 6996
7818 9131
9585 3004
6691 9706
1405 1524
9895 6022
9660 6814
160 6257
8333 8728
7391 9392
9553 2932
9548 2921
9989 5339
3661 182
3298 9702
8524 8548
8021 8985
9818 6339
1880 1092
3786 149
5212 9996
7402 614
75 5866
1870 1100
374 6899
8883 1849
4277 52
9512 2844
8220 1174
3101 374
438 7048
5578 9967
7683 9220
1767 1185
900 2137
6261 9839
138 3831
1525 1404
4157 9929
3913 9881
1600 1333
7183 9499
2127 9093
5801 9936
809 7728
952 7936
7918 939
109 3959
7431 9370
4726 7
247 3446
9723 3357
7863 900
6899 9626
3499 9770
2844 488
4199 64
9562 7048
5339 9989
1310 8375
5866 75
64 5801
8415 8653
2454 9304
4676 10
1685 1256
2863 9521
5983 97
8315 1256
4106 9920
7505 672
4 4788
9795 3581
644 7456
9800 6402
8431 1362
13 4633
9 5308
8451 1381
6877 9635
789 7697
3882 9874
9935 5807
3581 205
9991 5308
9999 4878
3945 112
7793 9148
8096 1073
6459 217
9973 4476
5234 9995
3004 9585
3389 9734
0 4929
7314 567
18 5430
5406 16
8260 1208
8870 1833
8900 1870
5212 4
9967 5578
88 4063
7137 479
2019 985
2932 447
9883 3922
7291 9445
3 5187
52 4277
8927 1904
8233 1185
1073 8096
9314 2471
8151 8883
325 6775
9232 7664
6131 129
9965 5595
9422 7335
9536 2895
3323 9711
9982 4570
2 5158
71 4157
415 3004
6346 9816
8523 1451
982 2023
798 7711
8275 8779
1958 1031
6214 9851
9271 2399
9109 2150
1144 8184
42 5651
11 4661
9990 5324
4334 9956
117 3922
266 3389
4134 75
9675 3225
1333 8400
5695 48
6295 9830
7728 809
1362 8431
7837 882
3072 9614
7463 648
8690 8375
4193 9935
64 4199
5255 9994
9370 2569
7873 9093
578 7335
6677 9711
129 6131
9989 4661
8736 8324
1667 1272
8432 8637
9015 7981
852 2207
1979 1015
365 6877
8969 8042
9032 7958
9770 6501
9651 6837
13 5367
3449 9754
9830 3705
8938 8082
3922 117
9304 7546
3720 9834
7012 422
9521 7137
8719 8343
1449 1479
1685 8744
7529 686
16 5406
9635 6877
9356 7456
2665 578
2471 686
9562 2952
1031 1958
5071 10000
8804 8246
9953 4312
5843 9929
3831 9862
9432 7316
6 4745
138 6169
6055 112
1600 8667
80 5894
3720 166
5474 9978
3225 9675
7105 464
4676 9990
5187 9997
276 3360
686 2471
8766 1710
5905 82
8856 1816
202 6409
1918 1062
9118 7837
4250 9944
8856 8184
166 6280
852 7793
7505 9328
8151 1117
80 4106
452 7079
5993 9901
5158 2
9548 7079
179 6328
2483 9321
768 2336
1130 8167
740 7619
5430 18
2110 919
9994 5255
554 7289
1479 1449
2921 452
1174 1780
968 2042
16 4594
193 3622
8315 8744
9706 6691
768 7664
9888 3945
6280 166
160 3743
6996 415
9800 3598
8744 8315
2815 502
5234 5
27 5524
1710 1234
9891 3959
6210 9852
2127 907
809 2272
35 4405
10000 5071
2537 9352
8879 8156
